1.0 0.0 inf 0.0
1.0 0.00142247510669 0.999859 0.0
1.0 0.00142247510669 0.999859 0.0
1.0 0.00284495021337 0.999792 0.0
1.0 0.00284495021337 0.999792 0.0
1.0 0.00426742532006 0.999756 0.0
1.0 0.00426742532006 0.999756 0.0
1.0 0.00568990042674 0.999658 0.0
1.0 0.00568990042674 0.999658 0.0
1.0 0.00711237553343 0.999579 0.0
1.0 0.00711237553343 0.999579 0.0
1.0 0.00853485064011 0.999429 0.0
1.0 0.00853485064011 0.999429 0.0
1.0 0.0099573257468 0.999377 0.0
1.0 0.0099573257468 0.999377 0.0
1.0 0.0113798008535 0.999286 0.0
1.0 0.0113798008535 0.999286 0.0
1.0 0.0128022759602 0.999274 0.0
1.0 0.0128022759602 0.999274 0.0
1.0 0.0142247510669 0.999263 0.0
1.0 0.0142247510669 0.999263 0.0
1.0 0.0156472261735 0.999159 0.0
1.0 0.0156472261735 0.999159 0.0
1.0 0.0170697012802 0.999107 0.0
1.0 0.0170697012802 0.999107 0.0
1.0 0.0184921763869 0.999106 0.0
1.0 0.0184921763869 0.999106 0.0
1.0 0.0199146514936 0.99908 0.0
1.0 0.0199146514936 0.99908 0.0
1.0 0.0213371266003 0.998983 0.0
1.0 0.0213371266003 0.998983 0.0
1.0 0.022759601707 0.998908 0.0
1.0 0.022759601707 0.998908 0.0
1.0 0.0241820768137 0.998871 0.0
1.0 0.0241820768137 0.998871 0.0
1.0 0.0256045519203 0.99885 0.0
1.0 0.0256045519203 0.99885 0.0
1.0 0.027027027027 0.998813 0.0
1.0 0.027027027027 0.998813 0.0
1.0 0.0284495021337 0.998809 0.0
1.0 0.0284495021337 0.998809 0.0
1.0 0.0298719772404 0.998783 0.0
1.0 0.0298719772404 0.998783 0.0
1.0 0.0312944523471 0.998769 0.0
1.0 0.0312944523471 0.998769 0.0
1.0 0.0327169274538 0.998746 0.0
1.0 0.0327169274538 0.998746 0.0
1.0 0.0341394025605 0.998709 0.0
1.0 0.0341394025605 0.998709 0.0
1.0 0.0355618776671 0.998669 0.0
1.0 0.0355618776671 0.998669 0.0
1.0 0.0369843527738 0.998612 0.0
1.0 0.0369843527738 0.998612 0.0
1.0 0.0384068278805 0.998589 0.0
1.0 0.0384068278805 0.998589 0.0
1.0 0.0398293029872 0.998575 0.0
0.965517241379 0.0398293029872 0.998563 0.0028328611898
0.966666666667 0.0412517780939 0.998541 0.0028328611898
0.966666666667 0.0412517780939 0.998541 0.0028328611898
0.967741935484 0.0426742532006 0.998491 0.0028328611898
0.967741935484 0.0426742532006 0.998491 0.0028328611898
0.96875 0.0440967283073 0.998439 0.0028328611898
0.96875 0.0440967283073 0.998439 0.0028328611898
0.969696969697 0.0455192034139 0.998434 0.0028328611898
0.969696969697 0.0455192034139 0.998434 0.0028328611898
0.970588235294 0.0469416785206 0.998384 0.0028328611898
0.970588235294 0.0469416785206 0.998384 0.0028328611898
0.971428571429 0.0483641536273 0.998359 0.0028328611898
0.971428571429 0.0483641536273 0.998359 0.0028328611898
0.972222222222 0.049786628734 0.998172 0.0028328611898
0.972222222222 0.049786628734 0.998172 0.0028328611898
0.972972972973 0.0512091038407 0.99812 0.0028328611898
0.972972972973 0.0512091038407 0.99812 0.0028328611898
0.973684210526 0.0526315789474 0.997864 0.0028328611898
0.973684210526 0.0526315789474 0.997864 0.0028328611898
0.974358974359 0.0540540540541 0.997749 0.0028328611898
0.974358974359 0.0540540540541 0.997749 0.0028328611898
0.975 0.0554765291607 0.997701 0.0028328611898
0.975 0.0554765291607 0.997701 0.0028328611898
0.975609756098 0.0568990042674 0.997676 0.0028328611898
0.975609756098 0.0568990042674 0.997676 0.0028328611898
0.97619047619 0.0583214793741 0.997642 0.0028328611898
0.953488372093 0.0583214793741 0.997616 0.0056657223796
0.954545454545 0.0597439544808 0.997548 0.0056657223796
0.954545454545 0.0597439544808 0.997548 0.0056657223796
0.955555555556 0.0611664295875 0.997441 0.0056657223796
0.955555555556 0.0611664295875 0.997441 0.0056657223796
0.95652173913 0.0625889046942 0.997392 0.0056657223796
0.936170212766 0.0625889046942 0.997381 0.00849858356941
0.9375 0.0640113798009 0.997334 0.00849858356941
0.9375 0.0640113798009 0.997334 0.00849858356941
0.938775510204 0.0654338549075 0.99712 0.00849858356941
0.938775510204 0.0654338549075 0.99712 0.00849858356941
0.94 0.0668563300142 0.99711 0.00849858356941
0.921568627451 0.0668563300142 0.997101 0.0113314447592
0.923076923077 0.0682788051209 0.997087 0.0113314447592
0.923076923077 0.0682788051209 0.997087 0.0113314447592
0.924528301887 0.0697012802276 0.997074 0.0113314447592
0.924528301887 0.0697012802276 0.997074 0.0113314447592
0.925925925926 0.0711237553343 0.997062 0.0113314447592
0.925925925926 0.0711237553343 0.997062 0.0113314447592
0.927272727273 0.072546230441 0.99706 0.0113314447592
0.927272727273 0.072546230441 0.99706 0.0113314447592
0.928571428571 0.0739687055477 0.996964 0.0113314447592
0.928571428571 0.0739687055477 0.996964 0.0113314447592
0.929824561404 0.0753911806543 0.99696 0.0113314447592
0.929824561404 0.0753911806543 0.99696 0.0113314447592
0.931034482759 0.076813655761 0.996906 0.0113314447592
0.931034482759 0.076813655761 0.996906 0.0113314447592
0.932203389831 0.0782361308677 0.996842 0.0113314447592
0.932203389831 0.0782361308677 0.996842 0.0113314447592
0.933333333333 0.0796586059744 0.996794 0.0113314447592
0.933333333333 0.0796586059744 0.996794 0.0113314447592
0.934426229508 0.0810810810811 0.996664 0.0113314447592
0.934426229508 0.0810810810811 0.996664 0.0113314447592
0.935483870968 0.0825035561878 0.996455 0.0113314447592
0.935483870968 0.0825035561878 0.996455 0.0113314447592
0.936507936508 0.0839260312945 0.996354 0.0113314447592
0.921875 0.0839260312945 0.996315 0.014164305949
0.923076923077 0.0853485064011 0.996248 0.014164305949
0.923076923077 0.0853485064011 0.996248 0.014164305949
0.924242424242 0.0867709815078 0.996216 0.014164305949
0.924242424242 0.0867709815078 0.996216 0.014164305949
0.925373134328 0.0881934566145 0.996127 0.014164305949
0.925373134328 0.0881934566145 0.996127 0.014164305949
0.926470588235 0.0896159317212 0.996119 0.014164305949
0.913043478261 0.0896159317212 0.995929 0.0169971671388
0.914285714286 0.0910384068279 0.995914 0.0169971671388
0.914285714286 0.0910384068279 0.995914 0.0169971671388
0.915492957746 0.0924608819346 0.995859 0.0169971671388
0.902777777778 0.0924608819346 0.995696 0.0198300283286
0.904109589041 0.0938833570413 0.99569 0.0198300283286
0.904109589041 0.0938833570413 0.99569 0.0198300283286
0.905405405405 0.0953058321479 0.995688 0.0198300283286
0.905405405405 0.0953058321479 0.995688 0.0198300283286
0.906666666667 0.0967283072546 0.99557 0.0198300283286
0.906666666667 0.0967283072546 0.99557 0.0198300283286
0.907894736842 0.0981507823613 0.995546 0.0198300283286
0.907894736842 0.0981507823613 0.995546 0.0198300283286
0.909090909091 0.099573257468 0.995497 0.0198300283286
0.909090909091 0.099573257468 0.995497 0.0198300283286
0.910256410256 0.100995732575 0.995425 0.0198300283286
0.910256410256 0.100995732575 0.995425 0.0198300283286
0.911392405063 0.102418207681 0.995359 0.0198300283286
0.9 0.102418207681 0.995274 0.0226628895184
0.901234567901 0.103840682788 0.995269 0.0226628895184
0.890243902439 0.103840682788 0.995063 0.0254957507082
0.89156626506 0.105263157895 0.995062 0.0254957507082
0.89156626506 0.105263157895 0.995062 0.0254957507082
0.892857142857 0.106685633001 0.995007 0.0254957507082
0.892857142857 0.106685633001 0.995007 0.0254957507082
0.894117647059 0.108108108108 0.994961 0.0254957507082
0.894117647059 0.108108108108 0.994961 0.0254957507082
0.895348837209 0.109530583215 0.99482 0.0254957507082
0.895348837209 0.109530583215 0.99482 0.0254957507082
0.896551724138 0.110953058321 0.994787 0.0254957507082
0.896551724138 0.110953058321 0.994787 0.0254957507082
0.897727272727 0.112375533428 0.994771 0.0254957507082
0.898876404494 0.113798008535 0.994561 0.0254957507082
0.9 0.115220483642 0.994561 0.0254957507082
0.9 0.115220483642 0.994561 0.0254957507082
0.901098901099 0.116642958748 0.994507 0.0254957507082
0.881720430108 0.116642958748 0.994171 0.0311614730878
0.882978723404 0.118065433855 0.99415 0.0311614730878
0.882978723404 0.118065433855 0.99415 0.0311614730878
0.884210526316 0.119487908962 0.994139 0.0311614730878
0.884210526316 0.119487908962 0.994139 0.0311614730878
0.885416666667 0.120910384068 0.994024 0.0311614730878
0.885416666667 0.120910384068 0.994024 0.0311614730878
0.886597938144 0.122332859175 0.99378 0.0311614730878
0.877551020408 0.122332859175 0.993762 0.0339943342776
0.878787878788 0.123755334282 0.993617 0.0339943342776
0.878787878788 0.123755334282 0.993617 0.0339943342776
0.88 0.125177809388 0.993571 0.0339943342776
0.88 0.125177809388 0.993571 0.0339943342776
0.881188118812 0.126600284495 0.993332 0.0339943342776
0.872549019608 0.126600284495 0.993197 0.0368271954674
0.873786407767 0.128022759602 0.993158 0.0368271954674
0.865384615385 0.128022759602 0.993119 0.0396600566572
0.866666666667 0.129445234708 0.993113 0.0396600566572
0.866666666667 0.129445234708 0.993113 0.0396600566572
0.867924528302 0.130867709815 0.992971 0.0396600566572
0.867924528302 0.130867709815 0.992971 0.0396600566572
0.869158878505 0.132290184922 0.992629 0.0396600566572
0.869158878505 0.132290184922 0.992629 0.0396600566572
0.87037037037 0.133712660028 0.992529 0.0396600566572
0.87037037037 0.133712660028 0.992529 0.0396600566572
0.871559633028 0.135135135135 0.992447 0.0396600566572
0.848214285714 0.135135135135 0.992267 0.0481586402266
0.849557522124 0.136557610242 0.992264 0.0481586402266
0.849557522124 0.136557610242 0.992264 0.0481586402266
0.850877192982 0.137980085349 0.992196 0.0481586402266
0.850877192982 0.137980085349 0.992196 0.0481586402266
0.852173913043 0.139402560455 0.992071 0.0481586402266
0.852173913043 0.139402560455 0.992071 0.0481586402266
0.853448275862 0.140825035562 0.991944 0.0481586402266
0.853448275862 0.140825035562 0.991944 0.0481586402266
0.854700854701 0.142247510669 0.991885 0.0481586402266
0.854700854701 0.142247510669 0.991885 0.0481586402266
0.85593220339 0.143669985775 0.991691 0.0481586402266
0.85593220339 0.143669985775 0.991691 0.0481586402266
0.857142857143 0.145092460882 0.991151 0.0481586402266
0.83606557377 0.145092460882 0.990953 0.056657223796
0.837398373984 0.146514935989 0.990524 0.056657223796
0.837398373984 0.146514935989 0.990524 0.056657223796
0.838709677419 0.147937411095 0.990345 0.056657223796
0.838709677419 0.147937411095 0.990345 0.056657223796
0.84 0.149359886202 0.99019 0.056657223796
0.84 0.149359886202 0.99019 0.056657223796
0.84126984127 0.150782361309 0.990099 0.056657223796
0.834645669291 0.150782361309 0.990048 0.0594900849858
0.8359375 0.152204836415 0.990001 0.0594900849858
0.829457364341 0.152204836415 0.989998 0.0623229461756
0.830769230769 0.153627311522 0.989997 0.0623229461756
0.824427480916 0.153627311522 0.989548 0.0651558073654
0.825757575758 0.155049786629 0.989537 0.0651558073654
0.825757575758 0.155049786629 0.989537 0.0651558073654
0.827067669173 0.156472261735 0.989377 0.0651558073654
0.827067669173 0.156472261735 0.989377 0.0651558073654
0.828358208955 0.157894736842 0.989293 0.0651558073654
0.816176470588 0.157894736842 0.989281 0.070821529745
0.817518248175 0.159317211949 0.989057 0.070821529745
0.811594202899 0.159317211949 0.988561 0.0736543909348
0.812949640288 0.160739687055 0.988474 0.0736543909348
0.812949640288 0.160739687055 0.988474 0.0736543909348
0.814285714286 0.162162162162 0.988416 0.0736543909348
0.814285714286 0.162162162162 0.988416 0.0736543909348
0.815602836879 0.163584637269 0.988197 0.0736543909348
0.815602836879 0.163584637269 0.988197 0.0736543909348
0.816901408451 0.165007112376 0.988193 0.0736543909348
0.816901408451 0.165007112376 0.988193 0.0736543909348
0.818181818182 0.166429587482 0.987902 0.0736543909348
0.818181818182 0.166429587482 0.987902 0.0736543909348
0.819444444444 0.167852062589 0.987796 0.0736543909348
0.819444444444 0.167852062589 0.987796 0.0736543909348
0.820689655172 0.169274537696 0.987774 0.0736543909348
0.804054054054 0.169274537696 0.987563 0.0821529745042
0.805369127517 0.170697012802 0.98746 0.0821529745042
0.805369127517 0.170697012802 0.98746 0.0821529745042
0.806666666667 0.172119487909 0.987249 0.0821529745042
0.806666666667 0.172119487909 0.987249 0.0821529745042
0.807947019868 0.173541963016 0.986881 0.0821529745042
0.802631578947 0.173541963016 0.986532 0.0849858356941
0.803921568627 0.174964438122 0.986157 0.0849858356941
0.803921568627 0.174964438122 0.986157 0.0849858356941
0.805194805195 0.176386913229 0.986024 0.0849858356941
0.794871794872 0.176386913229 0.985585 0.0906515580737
0.796178343949 0.177809388336 0.985572 0.0906515580737
0.791139240506 0.177809388336 0.985208 0.0934844192635
0.792452830189 0.179231863442 0.985143 0.0934844192635
0.777777777778 0.179231863442 0.984376 0.101983002833
0.779141104294 0.180654338549 0.984341 0.101983002833
0.779141104294 0.180654338549 0.984341 0.101983002833
0.780487804878 0.182076813656 0.98417 0.101983002833
0.771084337349 0.182076813656 0.982691 0.107648725212
0.77245508982 0.183499288762 0.982454 0.107648725212
0.77245508982 0.183499288762 0.982454 0.107648725212
0.77380952381 0.184921763869 0.982352 0.107648725212
0.764705882353 0.184921763869 0.981238 0.113314447592
0.766081871345 0.186344238976 0.980152 0.113314447592
0.761627906977 0.186344238976 0.980108 0.116147308782
0.763005780347 0.187766714083 0.97992 0.116147308782
0.763005780347 0.187766714083 0.97992 0.116147308782
0.764367816092 0.189189189189 0.979216 0.116147308782
0.764367816092 0.189189189189 0.979216 0.116147308782
0.765714285714 0.190611664296 0.978977 0.116147308782
0.765714285714 0.190611664296 0.978977 0.116147308782
0.767045454545 0.192034139403 0.978572 0.116147308782
0.767045454545 0.192034139403 0.978572 0.116147308782
0.768361581921 0.193456614509 0.978271 0.116147308782
0.768361581921 0.193456614509 0.978271 0.116147308782
0.769662921348 0.194879089616 0.977717 0.116147308782
0.765363128492 0.194879089616 0.977554 0.118980169972
0.766666666667 0.196301564723 0.977005 0.118980169972
0.766666666667 0.196301564723 0.977005 0.118980169972
0.767955801105 0.197724039829 0.976381 0.118980169972
0.767955801105 0.197724039829 0.976381 0.118980169972
0.769230769231 0.199146514936 0.976301 0.118980169972
0.769230769231 0.199146514936 0.976301 0.118980169972
0.770491803279 0.200568990043 0.976106 0.118980169972
0.770491803279 0.200568990043 0.976106 0.118980169972
0.771739130435 0.201991465149 0.976091 0.118980169972
0.771739130435 0.201991465149 0.976091 0.118980169972
0.772972972973 0.203413940256 0.975662 0.118980169972
0.768817204301 0.203413940256 0.975634 0.121813031161
0.770053475936 0.204836415363 0.974945 0.121813031161
0.770053475936 0.204836415363 0.974945 0.121813031161
0.771276595745 0.206258890469 0.974934 0.121813031161
0.771276595745 0.206258890469 0.974934 0.121813031161
0.772486772487 0.207681365576 0.974841 0.121813031161
0.764397905759 0.207681365576 0.974478 0.127478753541
0.765625 0.209103840683 0.974303 0.127478753541
0.761658031088 0.209103840683 0.974255 0.130311614731
0.762886597938 0.210526315789 0.972235 0.130311614731
0.762886597938 0.210526315789 0.972235 0.130311614731
0.764102564103 0.211948790896 0.971437 0.130311614731
0.760204081633 0.211948790896 0.971155 0.133144475921
0.761421319797 0.213371266003 0.970423 0.133144475921
0.757575757576 0.213371266003 0.970337 0.13597733711
0.758793969849 0.21479374111 0.969804 0.13597733711
0.758793969849 0.21479374111 0.969804 0.13597733711
0.76 0.216216216216 0.969661 0.13597733711
0.756218905473 0.216216216216 0.969487 0.1388101983
0.757425742574 0.217638691323 0.969299 0.1388101983
0.757425742574 0.217638691323 0.969299 0.1388101983
0.758620689655 0.21906116643 0.966499 0.1388101983
0.758620689655 0.21906116643 0.966499 0.1388101983
0.759803921569 0.220483641536 0.966127 0.1388101983
0.756097560976 0.220483641536 0.965935 0.14164305949
0.757281553398 0.221906116643 0.965807 0.14164305949
0.753623188406 0.221906116643 0.965636 0.14447592068
0.754807692308 0.22332859175 0.965607 0.14447592068
0.744075829384 0.22332859175 0.963032 0.152974504249
0.745283018868 0.224751066856 0.962564 0.152974504249
0.73488372093 0.224751066856 0.960785 0.161473087819
0.736111111111 0.226173541963 0.960671 0.161473087819
0.732718894009 0.226173541963 0.960318 0.164305949008
0.733944954128 0.22759601707 0.956925 0.164305949008
0.727272727273 0.22759601707 0.956354 0.169971671388
0.72850678733 0.229018492176 0.956284 0.169971671388
0.71875 0.229018492176 0.955093 0.178470254958
0.72 0.230440967283 0.954949 0.178470254958
0.72 0.230440967283 0.954949 0.178470254958
0.721238938053 0.23186344239 0.953913 0.178470254958
0.714912280702 0.23186344239 0.953227 0.184135977337
0.71615720524 0.233285917496 0.952835 0.184135977337
0.713043478261 0.233285917496 0.952502 0.186968838527
0.714285714286 0.234708392603 0.948328 0.186968838527
0.714285714286 0.234708392603 0.948328 0.186968838527
0.715517241379 0.23613086771 0.947744 0.186968838527
0.715517241379 0.23613086771 0.947744 0.186968838527
0.716738197425 0.237553342817 0.947651 0.186968838527
0.713675213675 0.237553342817 0.947567 0.189801699717
0.714893617021 0.238975817923 0.947339 0.189801699717
0.714893617021 0.238975817923 0.947339 0.189801699717
0.716101694915 0.24039829303 0.946416 0.189801699717
0.710084033613 0.24039829303 0.944718 0.195467422096
0.71129707113 0.241820768137 0.944396 0.195467422096
0.705394190871 0.241820768137 0.942275 0.201133144476
0.706611570248 0.243243243243 0.941932 0.201133144476
0.697959183673 0.243243243243 0.939768 0.209631728045
0.69918699187 0.24466571835 0.93894 0.209631728045
0.69918699187 0.24466571835 0.93894 0.209631728045
0.7004048583 0.246088193457 0.938013 0.209631728045
0.697580645161 0.246088193457 0.93635 0.212464589235
0.698795180723 0.247510668563 0.935731 0.212464589235
0.696 0.247510668563 0.933498 0.215297450425
0.697211155378 0.24893314367 0.933022 0.215297450425
0.697211155378 0.24893314367 0.933022 0.215297450425
0.698412698413 0.250355618777 0.932284 0.215297450425
0.695652173913 0.250355618777 0.931127 0.218130311615
0.696850393701 0.251778093883 0.930941 0.218130311615
0.696850393701 0.251778093883 0.930941 0.218130311615
0.698039215686 0.25320056899 0.929126 0.218130311615
0.698039215686 0.25320056899 0.929126 0.218130311615
0.69921875 0.254623044097 0.92706 0.218130311615
0.69921875 0.254623044097 0.92706 0.218130311615
0.700389105058 0.256045519203 0.924988 0.218130311615
0.700389105058 0.256045519203 0.924988 0.218130311615
0.701550387597 0.25746799431 0.924746 0.218130311615
0.698841698842 0.25746799431 0.924514 0.220963172805
0.7 0.258890469417 0.921885 0.220963172805
0.7 0.258890469417 0.921885 0.220963172805
0.701149425287 0.260312944523 0.920462 0.220963172805
0.698473282443 0.260312944523 0.917207 0.223796033994
0.699619771863 0.26173541963 0.916944 0.223796033994
0.69696969697 0.26173541963 0.914383 0.226628895184
0.698113207547 0.263157894737 0.909473 0.226628895184
0.698113207547 0.263157894737 0.909473 0.226628895184
0.699248120301 0.264580369844 0.907315 0.226628895184
0.696629213483 0.264580369844 0.90696 0.229461756374
0.69776119403 0.26600284495 0.90546 0.229461756374
0.69776119403 0.26600284495 0.90546 0.229461756374
0.698884758364 0.267425320057 0.905383 0.229461756374
0.698884758364 0.267425320057 0.905383 0.229461756374
0.7 0.268847795164 0.903465 0.229461756374
0.692307692308 0.268847795164 0.898891 0.237960339943
0.693430656934 0.27027027027 0.898553 0.237960339943
0.693430656934 0.27027027027 0.898553 0.237960339943
0.694545454545 0.271692745377 0.898138 0.237960339943
0.692028985507 0.271692745377 0.896177 0.240793201133
0.693140794224 0.273115220484 0.893051 0.240793201133
0.693140794224 0.273115220484 0.893051 0.240793201133
0.694244604317 0.27453769559 0.886546 0.240793201133
0.694244604317 0.27453769559 0.886546 0.240793201133
0.695340501792 0.275960170697 0.884391 0.240793201133
0.695340501792 0.275960170697 0.884391 0.240793201133
0.696428571429 0.277382645804 0.877906 0.240793201133
0.696428571429 0.277382645804 0.877906 0.240793201133
0.697508896797 0.27880512091 0.876338 0.240793201133
0.695035460993 0.27880512091 0.873794 0.243626062323
0.696113074205 0.280227596017 0.873456 0.243626062323
0.696113074205 0.280227596017 0.873456 0.243626062323
0.697183098592 0.281650071124 0.87244 0.243626062323
0.697183098592 0.281650071124 0.87244 0.243626062323
0.698245614035 0.28307254623 0.872075 0.243626062323
0.698245614035 0.28307254623 0.872075 0.243626062323
0.699300699301 0.284495021337 0.868093 0.243626062323
0.692041522491 0.284495021337 0.863114 0.252124645892
0.693103448276 0.285917496444 0.86151 0.252124645892
0.693103448276 0.285917496444 0.86151 0.252124645892
0.694158075601 0.28733997155 0.861126 0.252124645892
0.691780821918 0.28733997155 0.856906 0.254957507082
0.692832764505 0.288762446657 0.855886 0.254957507082
0.690476190476 0.288762446657 0.854567 0.257790368272
0.691525423729 0.290184921764 0.848326 0.257790368272
0.691525423729 0.290184921764 0.848326 0.257790368272
0.692567567568 0.291607396871 0.844524 0.257790368272
0.692567567568 0.291607396871 0.844524 0.257790368272
0.693602693603 0.293029871977 0.843614 0.257790368272
0.693602693603 0.293029871977 0.843614 0.257790368272
0.694630872483 0.294452347084 0.8436 0.257790368272
0.69 0.294452347084 0.838956 0.263456090652
0.691029900332 0.295874822191 0.838843 0.263456090652
0.679738562092 0.295874822191 0.82087 0.277620396601
0.680781758958 0.297297297297 0.817782 0.277620396601
0.678571428571 0.297297297297 0.813956 0.28045325779
0.679611650485 0.298719772404 0.806365 0.28045325779
0.679611650485 0.298719772404 0.806365 0.28045325779
0.68064516129 0.300142247511 0.799117 0.28045325779
0.68064516129 0.300142247511 0.799117 0.28045325779
0.681672025723 0.301564722617 0.798328 0.28045325779
0.681672025723 0.301564722617 0.798328 0.28045325779
0.682692307692 0.302987197724 0.791085 0.28045325779
0.67619047619 0.302987197724 0.77923 0.28895184136
0.677215189873 0.304409672831 0.778011 0.28895184136
0.677215189873 0.304409672831 0.778011 0.28895184136
0.678233438486 0.305832147937 0.767046 0.28895184136
0.678233438486 0.305832147937 0.767046 0.28895184136
0.679245283019 0.307254623044 0.764848 0.28895184136
0.679245283019 0.307254623044 0.764848 0.28895184136
0.680250783699 0.308677098151 0.75803 0.28895184136
0.678125 0.308677098151 0.742926 0.29178470255
0.679127725857 0.310099573257 0.739769 0.29178470255
0.67701863354 0.310099573257 0.736332 0.294617563739
0.678018575851 0.311522048364 0.725403 0.294617563739
0.675925925926 0.311522048364 0.722498 0.297450424929
0.676923076923 0.312944523471 0.719545 0.297450424929
0.670731707317 0.312944523471 0.714746 0.305949008499
0.671732522796 0.314366998578 0.711972 0.305949008499
0.671732522796 0.314366998578 0.711972 0.305949008499
0.672727272727 0.315789473684 0.703575 0.305949008499
0.666666666667 0.315789473684 0.699225 0.314447592068
0.667664670659 0.317211948791 0.695761 0.314447592068
0.665671641791 0.317211948791 0.695551 0.317280453258
0.666666666667 0.318634423898 0.691293 0.317280453258
0.666666666667 0.318634423898 0.691293 0.317280453258
0.66765578635 0.320056899004 0.690746 0.317280453258
0.663716814159 0.320056899004 0.680581 0.322946175637
0.664705882353 0.321479374111 0.658704 0.322946175637
0.664705882353 0.321479374111 0.658704 0.322946175637
0.66568914956 0.322901849218 0.65778 0.322946175637
0.66568914956 0.322901849218 0.65778 0.322946175637
0.666666666667 0.324324324324 0.657541 0.322946175637
0.666666666667 0.324324324324 0.657541 0.322946175637
0.667638483965 0.325746799431 0.649964 0.322946175637
0.656160458453 0.325746799431 0.583119 0.339943342776
0.657142857143 0.327169274538 0.541193 0.339943342776
0.653409090909 0.327169274538 0.460871 0.345609065156
0.651558073654 0.327169274538 0.295959 0.348441926346
