1.0 0.0 inf 0.0
1.0 0.00142247510669 0.999859 0.0
1.0 0.00142247510669 0.999859 0.0
1.0 0.00284495021337 0.999792 0.0
1.0 0.00284495021337 0.999792 0.0
1.0 0.00426742532006 0.999756 0.0
1.0 0.00426742532006 0.999756 0.0
1.0 0.00568990042674 0.999658 0.0
0.285714285714 0.00568990042674 0.99908 0.028328611898
0.333333333333 0.00711237553343 0.998983 0.028328611898
0.3125 0.00711237553343 0.998908 0.0311614730878
0.352941176471 0.00853485064011 0.998871 0.0311614730878
0.315789473684 0.00853485064011 0.998813 0.0368271954674
0.35 0.0099573257468 0.998809 0.0368271954674
0.304347826087 0.0099573257468 0.998746 0.0453257790368
0.333333333333 0.0113798008535 0.998709 0.0453257790368
0.333333333333 0.0113798008535 0.998709 0.0453257790368
0.36 0.0128022759602 0.998669 0.0453257790368
0.346153846154 0.0128022759602 0.998612 0.0481586402266
0.37037037037 0.0142247510669 0.998589 0.0481586402266
0.25 0.0142247510669 0.997701 0.0849858356941
0.268292682927 0.0156472261735 0.997676 0.0849858356941
0.255813953488 0.0156472261735 0.997616 0.0906515580737
0.272727272727 0.0170697012802 0.997548 0.0906515580737
0.214285714286 0.0170697012802 0.996964 0.124645892351
0.228070175439 0.0184921763869 0.99696 0.124645892351
0.213114754098 0.0184921763869 0.996664 0.13597733711
0.225806451613 0.0199146514936 0.996455 0.13597733711
0.189189189189 0.0199146514936 0.995688 0.169971671388
0.2 0.0213371266003 0.99557 0.169971671388
0.178571428571 0.0213371266003 0.995007 0.195467422096
0.188235294118 0.022759601707 0.994961 0.195467422096
0.183908045977 0.022759601707 0.994787 0.201133144476
0.193181818182 0.0241820768137 0.994771 0.201133144476
0.182795698925 0.0241820768137 0.994171 0.215297450425
0.191489361702 0.0256045519203 0.99415 0.215297450425
0.166666666667 0.0256045519203 0.992529 0.254957507082
0.174311926606 0.027027027027 0.992447 0.254957507082
0.153225806452 0.027027027027 0.990345 0.297450424929
0.16 0.0284495021337 0.99019 0.297450424929
0.16 0.0284495021337 0.99019 0.297450424929
0.166666666667 0.0298719772404 0.990099 0.297450424929
0.138157894737 0.0298719772404 0.986532 0.371104815864
0.143790849673 0.0312944523471 0.986157 0.371104815864
0.127906976744 0.0312944523471 0.980108 0.42492917847
0.132947976879 0.0327169274538 0.97992 0.42492917847
0.120418848168 0.0327169274538 0.974478 0.475920679887
0.125 0.0341394025605 0.974303 0.475920679887
0.118226600985 0.0341394025605 0.966499 0.507082152975
0.122549019608 0.0355618776671 0.966127 0.507082152975
0.108695652174 0.0355618776671 0.952502 0.580736543909
0.112554112554 0.0369843527738 0.948328 0.580736543909
0.112554112554 0.0369843527738 0.948328 0.580736543909
0.116379310345 0.0384068278805 0.947744 0.580736543909
0.116379310345 0.0384068278805 0.947744 0.580736543909
0.12017167382 0.0398293029872 0.947651 0.580736543909
0.119658119658 0.0398293029872 0.947567 0.583569405099
0.123404255319 0.0412517780939 0.947339 0.583569405099
0.121848739496 0.0412517780939 0.944718 0.592067988669
0.125523012552 0.0426742532006 0.944396 0.592067988669
0.124481327801 0.0426742532006 0.942275 0.597733711048
0.128099173554 0.0440967283073 0.941932 0.597733711048
0.126016260163 0.0440967283073 0.93894 0.609065155807
0.12955465587 0.0455192034139 0.938013 0.609065155807
0.123552123552 0.0455192034139 0.924514 0.643059490085
0.126923076923 0.0469416785206 0.921885 0.643059490085
0.122676579926 0.0469416785206 0.905383 0.668555240793
0.125925925926 0.0483641536273 0.903465 0.668555240793
0.119718309859 0.0483641536273 0.87244 0.70821529745
0.122807017544 0.049786628734 0.872075 0.70821529745
0.119863013699 0.049786628734 0.856906 0.728045325779
0.122866894198 0.0512091038407 0.855886 0.728045325779
0.122033898305 0.0512091038407 0.848326 0.733711048159
0.125 0.0526315789474 0.844524 0.733711048159
0.112462006079 0.0526315789474 0.711972 0.827195467422
0.115151515152 0.0540540540541 0.703575 0.827195467422
0.113432835821 0.0540540540541 0.695551 0.841359773371
0.116071428571 0.0554765291607 0.691293 0.841359773371
0.110795454545 0.0554765291607 0.460871 0.886685552408
0.110481586402 0.0554765291607 0.295959 0.889518413598
