1.0 0.0 inf 0.0
1.0 0.00142247510669 0.999859 0.0
1.0 0.00142247510669 0.999859 0.0
1.0 0.00284495021337 0.999792 0.0
1.0 0.00284495021337 0.999792 0.0
1.0 0.00426742532006 0.999756 0.0
0.75 0.00426742532006 0.999711 0.0028328611898
0.8 0.00568990042674 0.999658 0.0028328611898
0.571428571429 0.00568990042674 0.999429 0.00849858356941
0.5 0.00568990042674 0.999401 0.0113314447592
0.2 0.00568990042674 0.998997 0.0453257790368
0.238095238095 0.00711237553343 0.998983 0.0453257790368
0.217391304348 0.00711237553343 0.998908 0.0509915014164
0.25 0.00853485064011 0.998871 0.0509915014164
0.214285714286 0.00853485064011 0.998813 0.0623229461756
0.241379310345 0.0099573257468 0.998809 0.0623229461756
0.21875 0.0099573257468 0.998746 0.070821529745
0.242424242424 0.0113798008535 0.998741 0.070821529745
0.242424242424 0.0113798008535 0.998741 0.070821529745
0.264705882353 0.0128022759602 0.998709 0.070821529745
0.264705882353 0.0128022759602 0.998709 0.070821529745
0.285714285714 0.0142247510669 0.998669 0.070821529745
0.27027027027 0.0142247510669 0.998612 0.0764872521246
0.289473684211 0.0156472261735 0.998589 0.0764872521246
0.203703703704 0.0156472261735 0.998218 0.121813031161
0.218181818182 0.0170697012802 0.998202 0.121813031161
0.173913043478 0.0170697012802 0.997749 0.161473087819
0.185714285714 0.0184921763869 0.997715 0.161473087819
0.183098591549 0.0184921763869 0.997701 0.164305949008
0.194444444444 0.0199146514936 0.997676 0.164305949008
0.191780821918 0.0199146514936 0.99765 0.167138810198
0.202702702703 0.0213371266003 0.997645 0.167138810198
0.197368421053 0.0213371266003 0.997616 0.172804532578
0.194805194805 0.0213371266003 0.997605 0.175637393768
0.192307692308 0.0213371266003 0.997574 0.178470254958
0.20253164557 0.022759601707 0.997548 0.178470254958
0.197530864198 0.022759601707 0.997482 0.184135977337
0.207317073171 0.0241820768137 0.997479 0.184135977337
0.154545454545 0.0241820768137 0.996961 0.263456090652
0.162162162162 0.0256045519203 0.99696 0.263456090652
0.141732283465 0.0256045519203 0.996566 0.308781869688
0.1484375 0.027027027027 0.996513 0.308781869688
0.1484375 0.027027027027 0.996513 0.308781869688
0.15503875969 0.0284495021337 0.996455 0.308781869688
0.141843971631 0.0284495021337 0.996267 0.342776203966
0.140845070423 0.0284495021337 0.996258 0.345609065156
0.140845070423 0.0284495021337 0.996258 0.345609065156
0.13986013986 0.0284495021337 0.996256 0.348441926346
0.132450331126 0.0284495021337 0.996163 0.371104815864
0.131578947368 0.0284495021337 0.996133 0.373937677054
0.119047619048 0.0284495021337 0.995735 0.419263456091
0.12426035503 0.0298719772404 0.995734 0.419263456091
0.123529411765 0.0298719772404 0.995727 0.42209631728
0.122807017544 0.0298719772404 0.995709 0.42492917847
0.119318181818 0.0298719772404 0.995687 0.439093484419
0.118644067797 0.0298719772404 0.995683 0.441926345609
0.113513513514 0.0298719772404 0.9956 0.464589235127
0.118279569892 0.0312944523471 0.99557 0.464589235127
0.117647058824 0.0312944523471 0.995546 0.467422096317
0.117021276596 0.0312944523471 0.995514 0.470254957507
0.115183246073 0.0312944523471 0.995429 0.478753541076
0.114583333333 0.0312944523471 0.995429 0.481586402266
0.113989637306 0.0312944523471 0.995425 0.484419263456
0.113402061856 0.0312944523471 0.995369 0.487252124646
0.110552763819 0.0312944523471 0.995249 0.501416430595
0.115 0.0327169274538 0.995233 0.501416430595
0.115 0.0327169274538 0.995233 0.501416430595
0.114427860697 0.0327169274538 0.995227 0.504249291785
0.112745098039 0.0327169274538 0.995165 0.512747875354
0.117073170732 0.0341394025605 0.995082 0.512747875354
0.114285714286 0.0341394025605 0.995007 0.526912181303
0.118483412322 0.0355618776671 0.994961 0.526912181303
0.116279069767 0.0355618776671 0.994869 0.538243626062
0.115740740741 0.0355618776671 0.994857 0.541076487252
0.111111111111 0.0355618776671 0.994787 0.56657223796
0.115044247788 0.0369843527738 0.994771 0.56657223796
0.111111111111 0.0369843527738 0.994561 0.589235127479
0.114893617021 0.0384068278805 0.994537 0.589235127479
0.10843373494 0.0384068278805 0.994154 0.628895184136
0.112 0.0398293029872 0.99415 0.628895184136
0.110236220472 0.0398293029872 0.994087 0.640226628895
0.109803921569 0.0398293029872 0.994074 0.643059490085
0.109803921569 0.0398293029872 0.994074 0.643059490085
0.109375 0.0398293029872 0.994051 0.645892351275
0.109375 0.0398293029872 0.994051 0.645892351275
0.112840466926 0.0412517780939 0.994033 0.645892351275
0.10780669145 0.0412517780939 0.993701 0.679886685552
0.111111111111 0.0426742532006 0.993691 0.679886685552
0.104895104895 0.0426742532006 0.993332 0.725212464589
0.108013937282 0.0440967283073 0.993331 0.725212464589
0.101307189542 0.0440967283073 0.992927 0.779036827195
0.104234527687 0.0455192034139 0.992903 0.779036827195
0.102893890675 0.0455192034139 0.992705 0.790368271955
0.105769230769 0.0469416785206 0.992687 0.790368271955
0.104761904762 0.0469416785206 0.992588 0.798866855524
0.107594936709 0.0483641536273 0.992581 0.798866855524
0.1065830721 0.0483641536273 0.992524 0.807365439093
0.10625 0.0483641536273 0.992522 0.810198300283
0.105590062112 0.0483641536273 0.992477 0.815864022663
0.108359133127 0.049786628734 0.992447 0.815864022663
0.102040816327 0.049786628734 0.992172 0.872521246459
0.101744186047 0.049786628734 0.992164 0.875354107649
0.100286532951 0.049786628734 0.992045 0.889518413598
0.1 0.049786628734 0.992035 0.892351274788
0.1 0.049786628734 0.992035 0.892351274788
0.0997150997151 0.049786628734 0.992025 0.895184135977
0.0925925925926 0.049786628734 0.991497 0.971671388102
0.0949868073879 0.0512091038407 0.991473 0.971671388102
0.0949868073879 0.0512091038407 0.991473 0.971671388102
0.0973684210526 0.0526315789474 0.991407 0.971671388102
0.0951156812339 0.0526315789474 0.991089 0.99716713881
0.0974358974359 0.0540540540541 0.991051 0.99716713881
0.090692124105 0.0540540540541 0.990193 1.07932011331
0.0928571428571 0.0554765291607 0.99019 1.07932011331
0.0924170616114 0.0554765291607 0.990102 1.08498583569
0.0945626477541 0.0568990042674 0.990099 1.08498583569
0.092807424594 0.0568990042674 0.989979 1.10764872521
0.0925925925926 0.0568990042674 0.989955 1.1104815864
0.0923787528868 0.0568990042674 0.989936 1.11331444759
0.0921658986175 0.0568990042674 0.989933 1.11614730878
0.0917431192661 0.0568990042674 0.989789 1.12181303116
0.091533180778 0.0568990042674 0.989775 1.12464589235
0.091533180778 0.0568990042674 0.989775 1.12464589235
0.0936073059361 0.0583214793741 0.989765 1.12464589235
0.0915178571429 0.0583214793741 0.989419 1.15297450425
0.0935412026726 0.0597439544808 0.989403 1.15297450425
0.0915032679739 0.0597439544808 0.989242 1.18130311615
0.0913043478261 0.0597439544808 0.989179 1.18413597734
0.0913043478261 0.0597439544808 0.989179 1.18413597734
0.0911062906725 0.0597439544808 0.989178 1.18696883853
0.089552238806 0.0597439544808 0.9889 1.20963172805
0.0914893617021 0.0611664295875 0.988883 1.20963172805
0.0907172995781 0.0611664295875 0.988843 1.2209631728
0.0905263157895 0.0611664295875 0.988827 1.22379603399
0.0877551020408 0.0611664295875 0.988416 1.26628895184
0.0875763747454 0.0611664295875 0.988407 1.26912181303
0.0875763747454 0.0611664295875 0.988407 1.26912181303
0.0894308943089 0.0625889046942 0.988373 1.26912181303
0.0887096774194 0.0625889046942 0.98833 1.28045325779
0.0885311871227 0.0625889046942 0.988315 1.28328611898
0.0873015873016 0.0625889046942 0.988218 1.30311614731
0.0871287128713 0.0625889046942 0.988206 1.3059490085
0.0827067669173 0.0625889046942 0.987665 1.38243626062
0.0825515947467 0.0625889046942 0.987647 1.38526912181
0.0822429906542 0.0625889046942 0.987613 1.39093484419
0.0839552238806 0.0640113798009 0.987566 1.39093484419
0.0834879406308 0.0640113798009 0.987488 1.39943342776
0.0851851851852 0.0654338549075 0.987484 1.39943342776
0.0840950639854 0.0654338549075 0.987348 1.41926345609
0.0857664233577 0.0668563300142 0.987326 1.41926345609
0.0851449275362 0.0668563300142 0.987203 1.43059490085
0.0849909584087 0.0668563300142 0.9872 1.43342776204
0.0846846846847 0.0668563300142 0.98712 1.43909348442
0.0863309352518 0.0682788051209 0.98709 1.43909348442
0.0813559322034 0.0682788051209 0.986373 1.53541076487
0.0812182741117 0.0682788051209 0.986364 1.53824362606
0.0808080808081 0.0682788051209 0.986312 1.54674220963
0.0806722689076 0.0682788051209 0.986278 1.54957507082
0.0801335559265 0.0682788051209 0.986163 1.56090651558
0.0816666666667 0.0697012802276 0.986157 1.56090651558
0.0813953488372 0.0697012802276 0.986154 1.56657223796
0.0829187396352 0.0711237553343 0.986143 1.56657223796
0.0826446280992 0.0711237553343 0.986132 1.57223796034
0.0825082508251 0.0711237553343 0.986098 1.57507082153
0.0818330605565 0.0711237553343 0.985923 1.58923512748
0.0816993464052 0.0711237553343 0.98589 1.59206798867
0.0814332247557 0.0711237553343 0.985868 1.59773371105
0.0829268292683 0.072546230441 0.985805 1.59773371105
0.0821256038647 0.072546230441 0.985662 1.61473087819
0.0819935691318 0.072546230441 0.98566 1.61756373938
0.0819935691318 0.072546230441 0.98566 1.61756373938
0.0818619582665 0.072546230441 0.985642 1.62039660057
0.0817307692308 0.072546230441 0.985636 1.62322946176
0.0816 0.072546230441 0.985632 1.62606232295
0.0816 0.072546230441 0.985632 1.62606232295
0.0814696485623 0.072546230441 0.98561 1.62889518414
0.0812101910828 0.072546230441 0.985572 1.63456090652
0.0810810810811 0.072546230441 0.985542 1.63739376771
0.0748898678414 0.072546230441 0.983931 1.78470254958
0.074780058651 0.072546230441 0.983925 1.78753541076
0.0744525547445 0.072546230441 0.983876 1.79603399433
0.0743440233236 0.072546230441 0.98381 1.79886685552
0.0727532097004 0.072546230441 0.9835 1.84135977337
0.0740740740741 0.0739687055477 0.983473 1.84135977337
0.0735502121641 0.0739687055477 0.983398 1.85552407932
0.0748587570621 0.0753911806543 0.98334 1.85552407932
0.0744382022472 0.0753911806543 0.983223 1.86685552408
0.0757363253857 0.076813655761 0.983209 1.86685552408
0.0754189944134 0.076813655761 0.983146 1.87535410765
0.0753138075314 0.076813655761 0.983103 1.87818696884
0.0751043115438 0.076813655761 0.983034 1.88385269122
0.0763888888889 0.0782361308677 0.983029 1.88385269122
0.0762829403606 0.0782361308677 0.983018 1.88668555241
0.0775623268698 0.0796586059744 0.983004 1.88668555241
0.0770288858322 0.0796586059744 0.982789 1.90084985836
0.0769230769231 0.0796586059744 0.982768 1.90368271955
0.0759837177748 0.0796586059744 0.982567 1.92917847025
0.0772357723577 0.0810810810811 0.982548 1.92917847025
0.0765100671141 0.0810810810811 0.982292 1.94900849858
0.0764075067024 0.0810810810811 0.982231 1.95184135977
0.0761014686248 0.0810810810811 0.982118 1.96033994334
0.0773333333333 0.0825035561878 0.982115 1.96033994334
0.0755208333333 0.0825035561878 0.981524 2.01133144476
0.075422626788 0.0825035561878 0.981524 2.01416430595
0.0737913486005 0.0825035561878 0.981136 2.06232294618
0.0736975857687 0.0825035561878 0.981113 2.06515580737
0.073417721519 0.0825035561878 0.981081 2.07365439093
0.0733249051833 0.0825035561878 0.981 2.07648725212
0.0716934487021 0.0825035561878 0.980577 2.12747875354
0.0716049382716 0.0825035561878 0.980538 2.13031161473
0.0710784313725 0.0825035561878 0.980469 2.14730878187
0.0709914320685 0.0825035561878 0.980444 2.15014164306
0.0700483091787 0.0825035561878 0.980165 2.18130311615
0.0699638118215 0.0825035561878 0.980154 2.18413597734
0.0694610778443 0.0825035561878 0.980091 2.20113314448
0.0693779904306 0.0825035561878 0.980018 2.20396600567
0.0692124105012 0.0825035561878 0.979944 2.20963172805
0.0703218116806 0.0839260312945 0.97992 2.20963172805
0.0691676436108 0.0839260312945 0.979373 2.2492917847
0.0690866510539 0.0839260312945 0.979361 2.25212464589
0.0690058479532 0.0839260312945 0.97936 2.25495750708
0.0689252336449 0.0839260312945 0.979332 2.25779036827
0.0687645687646 0.0839260312945 0.979216 2.26345609065
0.0686845168801 0.0839260312945 0.979205 2.26628895184
0.0678941311853 0.0839260312945 0.978785 2.29461756374
0.0689655172414 0.0853485064011 0.978781 2.29461756374
0.0687285223368 0.0853485064011 0.978677 2.30311614731
0.0686498855835 0.0853485064011 0.978667 2.3059490085
0.0681044267877 0.0853485064011 0.978345 2.32577903683
0.0680272108844 0.0853485064011 0.978281 2.32861189802
0.0661521499449 0.0853485064011 0.977452 2.39943342776
0.0660792951542 0.0853485064011 0.977437 2.40226628895
0.064308681672 0.0853485064011 0.976516 2.4730878187
0.0653104925054 0.0867709815078 0.976498 2.4730878187
0.0645502645503 0.0867709815078 0.976333 2.50424929178
0.0644820295983 0.0867709815078 0.976315 2.50708215297
0.0640756302521 0.0867709815078 0.976204 2.52407932011
0.0640083945435 0.0867709815078 0.97619 2.5269121813
0.0636079249218 0.0867709815078 0.975803 2.54390934844
0.0635416666667 0.0867709815078 0.97578 2.54674220963
0.0627572016461 0.0867709815078 0.975451 2.58073654391
0.0637204522097 0.0881934566145 0.975426 2.58073654391
0.0634595701126 0.0881934566145 0.975305 2.59206798867
0.0644171779141 0.0896159317212 0.975257 2.59206798867
0.0638945233266 0.0896159317212 0.975057 2.61473087819
0.063829787234 0.0896159317212 0.975027 2.61756373938
0.0625620655412 0.0896159317212 0.974577 2.67422096317
0.0634920634921 0.0910384068279 0.974556 2.67422096317
0.0634920634921 0.0910384068279 0.974556 2.67422096317
0.0634291377602 0.0910384068279 0.974487 2.67705382436
0.0632411067194 0.0910384068279 0.974397 2.68555240793
0.0641658440276 0.0924608819346 0.974378 2.68555240793
0.0639763779528 0.0924608819346 0.974328 2.6940509915
0.0648967551622 0.0938833570413 0.974303 2.6940509915
0.0634005763689 0.0938833570413 0.973546 2.76203966006
0.0642994241843 0.0953058321479 0.973512 2.76203966006
0.0633270321361 0.0953058321479 0.972977 2.80736543909
0.0632672332389 0.0953058321479 0.972927 2.81019830028
0.0589270008795 0.0953058321479 0.969843 3.03116147309
0.0588752196837 0.0953058321479 0.969815 3.03399433428
0.0577586206897 0.0953058321479 0.969391 3.09631728045
0.0577088716624 0.0953058321479 0.969376 3.09915014164
0.0573630136986 0.0953058321479 0.969263 3.11898016997
0.0573139435415 0.0953058321479 0.969243 3.12181303116
0.057264957265 0.0953058321479 0.969239 3.12464589235
0.0572160546541 0.0953058321479 0.969233 3.12747875354
0.0566356720203 0.0953058321479 0.968986 3.16147308782
0.0565878378378 0.0953058321479 0.968983 3.16430594901
0.0563973063973 0.0953058321479 0.968838 3.17563739377
0.0563498738436 0.0953058321479 0.968835 3.17847025496
0.0562080536913 0.0953058321479 0.968773 3.18696883853
0.0561609388097 0.0953058321479 0.968661 3.18980169972
0.0561609388097 0.0953058321479 0.968661 3.18980169972
0.0569514237856 0.0967283072546 0.968643 3.18980169972
0.0563847429519 0.0967283072546 0.968379 3.22379603399
0.0571665285833 0.0981507823613 0.968361 3.22379603399
0.0569306930693 0.0981507823613 0.968255 3.23796033994
0.0568837592745 0.0981507823613 0.968205 3.24079320113
0.0566037735849 0.0981507823613 0.967917 3.25779036827
0.0573770491803 0.099573257468 0.967909 3.25779036827
0.0571428571429 0.099573257468 0.967731 3.27195467422
0.0570962479608 0.099573257468 0.967676 3.27478753541
0.0568643379366 0.099573257468 0.96746 3.28895184136
0.0568181818182 0.099573257468 0.967394 3.29178470255
0.0565885206144 0.099573257468 0.967143 3.3059490085
0.0565428109855 0.099573257468 0.967132 3.30878186969
0.0556881463803 0.099573257468 0.966596 3.36260623229
0.0556438791733 0.099573257468 0.96659 3.36543909348
0.0552486187845 0.099573257468 0.966297 3.39093484419
0.0559936908517 0.100995732575 0.966235 3.39093484419
0.0559936908517 0.100995732575 0.966235 3.39093484419
0.0567375886525 0.102418207681 0.966127 3.39093484419
0.0557707203718 0.102418207681 0.965508 3.45325779037
0.0557275541796 0.102418207681 0.965492 3.45609065156
0.0551301684533 0.102418207681 0.964804 3.49575070822
0.0550879877582 0.102418207681 0.964789 3.49858356941
0.0550038197097 0.102418207681 0.964701 3.50424929178
0.0549618320611 0.102418207681 0.964683 3.50708215297
0.054752851711 0.102418207681 0.96448 3.52124645892
0.0547112462006 0.102418207681 0.964428 3.52407932011
0.0535714285714 0.102418207681 0.963361 3.60339943343
0.053531598513 0.102418207681 0.963348 3.60623229462
0.0532938564027 0.102418207681 0.963246 3.62322946176
0.0539940828402 0.103840682788 0.963246 3.62322946176
0.0539541759054 0.103840682788 0.963235 3.62606232295
0.0539143279173 0.103840682788 0.963219 3.62889518414
0.0530909090909 0.103840682788 0.962426 3.68838526912
0.0530523255814 0.103840682788 0.962424 3.69121813031
0.0528985507246 0.103840682788 0.962361 3.70254957507
0.0528602461984 0.103840682788 0.962351 3.70538243626
0.0525557955364 0.103840682788 0.962054 3.72804532578
0.0525179856115 0.103840682788 0.962042 3.73087818697
0.0521056388294 0.103840682788 0.961532 3.76203966006
0.0520684736091 0.103840682788 0.961517 3.76487252125
0.0516631280962 0.103840682788 0.961195 3.79603399433
0.0516265912306 0.103840682788 0.96113 3.79886685552
0.0508002783577 0.103840682788 0.960101 3.86402266289
0.0507649513213 0.103840682788 0.960022 3.86685552408
0.0505190311419 0.103840682788 0.959817 3.88668555241
0.0504840940526 0.103840682788 0.959759 3.8895184136
0.0493910690122 0.103840682788 0.958557 3.98016997167
0.0493576741041 0.103840682788 0.958506 3.98300283286
0.049092131809 0.103840682788 0.958147 4.00566572238
0.0497311827957 0.105263157895 0.958145 4.00566572238
0.0493662441628 0.105263157895 0.957735 4.03682719547
0.0493333333333 0.105263157895 0.957675 4.03966005666
0.0474967907574 0.105263157895 0.956024 4.20396600567
0.047466324567 0.105263157895 0.956023 4.20679886686
0.0457920792079 0.105263157895 0.95386 4.36827195467
0.0457637600495 0.105263157895 0.953841 4.37110481586
0.044578313253 0.105263157895 0.952059 4.49291784703
0.0445514750151 0.105263157895 0.952032 4.49575070822
0.0444978953698 0.105263157895 0.951969 4.50141643059
0.0444711538462 0.105263157895 0.951919 4.50424929178
0.0442319187089 0.105263157895 0.951467 4.52974504249
0.0448028673835 0.106685633001 0.95116 4.52974504249
0.0448028673835 0.106685633001 0.95116 4.52974504249
0.044776119403 0.106685633001 0.951084 4.53257790368
0.0444576170717 0.106685633001 0.950511 4.56657223796
0.0444312796209 0.106685633001 0.950346 4.56940509915
0.0442216981132 0.106685633001 0.95002 4.59206798867
0.0441956393636 0.106685633001 0.94996 4.59490084986
0.0433776749566 0.106685633001 0.948388 4.68555240793
0.0439306358382 0.108108108108 0.948328 4.68555240793
0.0439306358382 0.108108108108 0.948328 4.68555240793
0.0439052570768 0.108108108108 0.948301 4.68838526912
0.0436530729466 0.108108108108 0.947806 4.71671388102
0.0442020665901 0.109530583215 0.947783 4.71671388102
0.0442020665901 0.109530583215 0.947783 4.71671388102
0.0447504302926 0.110953058321 0.947744 4.71671388102
0.0447504302926 0.110953058321 0.947744 4.71671388102
0.0452981651376 0.112375533428 0.947651 4.71671388102
0.0450656018254 0.112375533428 0.94739 4.74220963173
0.0456100342075 0.113798008535 0.947339 4.74220963173
0.0456100342075 0.113798008535 0.947339 4.74220963173
0.0461538461538 0.115220483642 0.947325 4.74220963173
0.0461538461538 0.115220483642 0.947325 4.74220963173
0.0461275626424 0.115220483642 0.947324 4.74504249292
0.0460488914156 0.115220483642 0.947208 4.75354107649
0.0460227272727 0.115220483642 0.947149 4.75637393768
0.0459444129325 0.115220483642 0.947096 4.76487252125
0.0459183673469 0.115220483642 0.947003 4.76770538244
0.0449002217295 0.115220483642 0.945527 4.88101983003
0.0448753462604 0.115220483642 0.945526 4.88385269122
0.0446280991736 0.115220483642 0.945021 4.91218130312
0.0446035242291 0.115220483642 0.944852 4.91501416431
0.0445789763346 0.115220483642 0.94482 4.9178470255
0.0445544554455 0.115220483642 0.944798 4.92067988669
0.0442864953527 0.115220483642 0.944399 4.95184135977
0.0448087431694 0.116642958748 0.944396 4.95184135977
0.0446623093682 0.116642958748 0.944182 4.96883852691
0.0446379967338 0.116642958748 0.944125 4.9716713881
0.0433174854728 0.116642958748 0.941939 5.13031161473
0.0438225976769 0.118065433855 0.941932 5.13031161473
0.043776371308 0.118065433855 0.94184 5.13597733711
0.0437532946758 0.118065433855 0.941815 5.1388101983
0.0436842105263 0.118065433855 0.941544 5.14730878187
0.0436612309311 0.118065433855 0.941529 5.15014164306
0.0432968179447 0.118065433855 0.940956 5.1954674221
0.0432742440042 0.118065433855 0.94088 5.19830028329
0.0431168831169 0.118065433855 0.940714 5.21813031161
0.0430944963655 0.118065433855 0.94067 5.2209631728
0.0429829104091 0.118065433855 0.940341 5.23512747875
0.0434782608696 0.119487908962 0.94031 5.23512747875
0.0433660299432 0.119487908962 0.940202 5.2492917847
0.0433436532508 0.119487908962 0.940202 5.25212464589
0.0432989690722 0.119487908962 0.940115 5.25779036827
0.043791859866 0.120910384068 0.940089 5.25779036827
0.0437693099897 0.120910384068 0.940087 5.26062322946
0.0437467833248 0.120910384068 0.940061 5.26345609065
0.0437467833248 0.120910384068 0.940061 5.26345609065
0.0437242798354 0.120910384068 0.94001 5.26628895184
0.0429944360142 0.120910384068 0.938392 5.3597733711
0.0429726996967 0.120910384068 0.938247 5.36260623229
0.0429076224129 0.120910384068 0.938018 5.37110481586
0.0433905146317 0.122332859175 0.938013 5.37110481586
0.043 0.122332859175 0.937525 5.42209631728
0.0429785107446 0.122332859175 0.937415 5.42492917847
0.0426587301587 0.122332859175 0.936719 5.46742209632
0.0431333663857 0.123755334282 0.936651 5.46742209632
0.042899408284 0.123755334282 0.936271 5.49858356941
0.0428782651552 0.123755334282 0.936103 5.50141643059
0.0423151750973 0.123755334282 0.934911 5.57790368272
0.0422946037919 0.123755334282 0.934686 5.58073654391
0.0418068236425 0.123755334282 0.933788 5.64872521246
0.0417867435159 0.123755334282 0.933782 5.65155807365
0.0413498098859 0.123755334282 0.932719 5.71388101983
0.0418052256532 0.125177809388 0.932711 5.71388101983
0.0415290231241 0.125177809388 0.931656 5.75354107649
0.0415094339623 0.125177809388 0.93162 5.75637393768
0.0414507772021 0.125177809388 0.931516 5.76487252125
0.0414312617702 0.125177809388 0.931477 5.76770538244
0.0403114979386 0.125177809388 0.929068 5.93484419263
0.040293040293 0.125177809388 0.92899 5.93767705382
0.040293040293 0.125177809388 0.92899 5.93767705382
0.0407322654462 0.126600284495 0.928969 5.93767705382
0.040602189781 0.126600284495 0.928387 5.95750708215
0.0405836753306 0.126600284495 0.928287 5.96033994334
0.0402532790592 0.126600284495 0.927039 6.01133144476
0.0402350813743 0.126600284495 0.92696 6.01416430595
0.0400359874044 0.126600284495 0.92646 6.04532577904
0.0400179856115 0.126600284495 0.926406 6.04815864023
0.0398210290828 0.126600284495 0.926037 6.07932011331
0.0398032200358 0.126600284495 0.926012 6.0821529745
0.039785426911 0.126600284495 0.92591 6.08498583569
0.0397676496872 0.126600284495 0.925756 6.08781869688
0.0397676496872 0.126600284495 0.925756 6.08781869688
0.039749888343 0.126600284495 0.925741 6.09065155807
0.0396790013375 0.126600284495 0.92567 6.10198300283
0.0401069518717 0.128022759602 0.925611 6.10198300283
0.0399467376831 0.128022759602 0.924988 6.12747875354
0.0399290150843 0.128022759602 0.924949 6.13031161473
0.0391986062718 0.128022759602 0.92212 6.2492917847
0.0396168915977 0.129445234708 0.921885 6.2492917847
0.0395136778116 0.129445234708 0.921495 6.26628895184
0.0394965277778 0.129445234708 0.921323 6.26912181303
0.0388722768048 0.129445234708 0.919442 6.37393767705
0.0392826643894 0.130867709815 0.919408 6.37393767705
0.0386879730866 0.130867709815 0.917036 6.47592067989
0.0386717108029 0.130867709815 0.916962 6.47875354108
0.038221852929 0.130867709815 0.914222 6.55807365439
0.0386212624585 0.132290184922 0.914187 6.55807365439
0.0382087099425 0.132290184922 0.912547 6.63172804533
0.0381930184805 0.132290184922 0.912536 6.63456090652
0.0377435064935 0.132290184922 0.910549 6.71671388102
0.0377281947262 0.132290184922 0.91046 6.71954674221
0.0375605815832 0.132290184922 0.909624 6.7507082153
0.0375454178442 0.132290184922 0.909599 6.75354107649
0.0375151270674 0.132290184922 0.909568 6.75920679887
0.0375 0.132290184922 0.909495 6.76203966006
0.0373644033748 0.132290184922 0.909007 6.78753541076
0.0373493975904 0.132290184922 0.90885 6.79036827195
0.0373044524669 0.132290184922 0.90861 6.79886685552
0.0372894947875 0.132290184922 0.90854 6.80169971671
0.0372596153846 0.132290184922 0.908521 6.80736543909
0.0372446936324 0.132290184922 0.908502 6.81019830028
0.0372148859544 0.132290184922 0.9084 6.81586402266
0.0376 0.133712660028 0.908358 6.81586402266
0.0375699440448 0.133712660028 0.908262 6.82152974504
0.0379544546544 0.135135135135 0.908025 6.82152974504
0.0375939849624 0.135135135135 0.906296 6.8895184136
0.0379746835443 0.136557610242 0.906292 6.8895184136
0.0377358490566 0.136557610242 0.905285 6.93484419263
0.037721021611 0.136557610242 0.905166 6.93767705382
0.0374561061256 0.136557610242 0.903479 6.98866855524
0.0378315132605 0.137980085349 0.903465 6.98866855524
0.0377285103073 0.137980085349 0.902896 7.00849858357
0.0377138413686 0.137980085349 0.902839 7.01133144476
0.0375532326752 0.137980085349 0.902312 7.04249291785
0.0375386996904 0.137980085349 0.902245 7.04532577904
0.0374372829024 0.137980085349 0.901593 7.06515580737
0.0374228395062 0.137980085349 0.9015 7.06798866856
0.0373939861218 0.137980085349 0.901208 7.07365439093
0.0373795761079 0.137980085349 0.901178 7.07648725212
0.0365486058779 0.137980085349 0.896935 7.24362606232
0.0365348399247 0.137980085349 0.89664 7.24645892351
0.0364524614806 0.137980085349 0.896238 7.26345609065
0.0368144252442 0.139402560455 0.896197 7.26345609065
0.0361757105943 0.139402560455 0.892995 7.39660056657
0.0361623616236 0.139402560455 0.892922 7.39943342776
0.035675282126 0.139402560455 0.889823 7.50424929178
0.0360262008734 0.140825035562 0.889778 7.50424929178
0.0359477124183 0.140825035562 0.88915 7.52124645892
0.0359346642468 0.140825035562 0.889134 7.52407932011
0.0357917570499 0.140825035562 0.888359 7.5552407932
0.0361402240694 0.142247510669 0.888304 7.5552407932
0.0361271676301 0.142247510669 0.888237 7.55807365439
0.0361141206212 0.142247510669 0.888094 7.56090651558
0.0355871886121 0.142247510669 0.884863 7.67705382436
0.0355745286375 0.142247510669 0.884852 7.67988668555
0.0355113636364 0.142247510669 0.884391 7.6940509915
0.0354987575435 0.142247510669 0.884386 7.69688385269
0.0354358610914 0.142247510669 0.883907 7.71104815864
0.035423308537 0.142247510669 0.883587 7.71388101983
0.0352982703848 0.142247510669 0.882876 7.74220963173
0.0352858151023 0.142247510669 0.882769 7.74504249292
0.0352236703064 0.142247510669 0.8825 7.75920679887
0.0352112676056 0.142247510669 0.88246 7.76203966006
0.0346740638003 0.142247510669 0.879083 7.88668555241
0.0346620450607 0.142247510669 0.879026 7.8895184136
0.0345781466113 0.142247510669 0.878653 7.90934844193
0.0349118562046 0.143669985775 0.878603 7.90934844193
0.0348877374784 0.143669985775 0.878332 7.91501416431
0.0348756906077 0.143669985775 0.878308 7.9178470255
0.034179357022 0.143669985775 0.87209 8.08498583569
0.0345060893099 0.145092460882 0.872075 8.08498583569
0.0342396777442 0.145092460882 0.868937 8.15014164306
0.0342281879195 0.145092460882 0.868926 8.15297450425
0.0339886704432 0.145092460882 0.867014 8.21246458924
0.0343104596935 0.146514935989 0.866951 8.21246458924
0.0336271629122 0.146514935989 0.86151 8.38526912181
0.0336161879896 0.146514935989 0.861328 8.388101983
0.0330445941611 0.146514935989 0.855947 8.53824362606
0.0333547145606 0.147937411095 0.855886 8.53824362606
0.0331526936564 0.147937411095 0.854556 8.59206798867
0.0331421287444 0.147937411095 0.854546 8.59490084986
0.0330368487929 0.147937411095 0.853018 8.62322946176
0.0330263575738 0.147937411095 0.852909 8.62606232295
0.0329322355921 0.147937411095 0.851943 8.65155807365
0.0329218106996 0.147937411095 0.851836 8.65439093484
0.0328905755851 0.147937411095 0.851359 8.66288951841
0.0328801770471 0.147937411095 0.851292 8.6657223796
0.0328179236352 0.147937411095 0.85053 8.68271954674
0.0328075709779 0.147937411095 0.850445 8.68555240793
0.0324290614281 0.147937411095 0.845862 8.79036827195
0.0327306733167 0.149359886202 0.845855 8.79036827195
0.0326797385621 0.149359886202 0.8453 8.8045325779
0.0326695706285 0.149359886202 0.845082 8.80736543909
0.0326188257223 0.149359886202 0.844594 8.82152974504
0.0329192546584 0.150782361309 0.844524 8.82152974504
0.0329192546584 0.150782361309 0.844524 8.82152974504
0.0329090344613 0.150782361309 0.84439 8.82436260623
0.0326254232071 0.150782361309 0.841544 8.90368271955
0.0329230769231 0.152204836415 0.841482 8.90368271955
0.0328220858896 0.152204836415 0.840286 8.93201133144
0.033118675253 0.153627311522 0.840162 8.93201133144
0.0330073349633 0.153627311522 0.838943 8.96317280453
0.0333027803239 0.155049786629 0.838878 8.96317280453
0.0329305135952 0.155049786629 0.835344 9.06798866856
0.0329205678043 0.155049786629 0.835253 9.07082152975
0.0327130852341 0.155049786629 0.832902 9.13031161473
0.032703270327 0.155049786629 0.832567 9.13314447592
0.0325956937799 0.155049786629 0.831348 9.16430594901
0.0325859491779 0.155049786629 0.831239 9.1671388102
0.0325664774425 0.155049786629 0.83117 9.17280453258
0.0325567502987 0.155049786629 0.831163 9.17563739377
0.032401902497 0.155049786629 0.827834 9.2209631728
0.0323922734027 0.155049786629 0.827711 9.22379603399
0.0323442136499 0.155049786629 0.826033 9.23796033994
0.0326312666864 0.156472261735 0.825954 9.23796033994
0.0326215895611 0.156472261735 0.825789 9.24079320113
0.0329083901571 0.157894736842 0.825688 9.24079320113
0.0328791469194 0.157894736842 0.825611 9.2492917847
0.0328694107196 0.157894736842 0.825611 9.25212464589
0.0324371712449 0.157894736842 0.817782 9.37960339943
0.0324276950044 0.157894736842 0.817718 9.38243626062
0.0321739130435 0.157894736842 0.814591 9.45892351275
0.0324543610548 0.159317211949 0.814452 9.45892351275
0.032360589425 0.159317211949 0.813617 9.48725212465
0.0323512420566 0.159317211949 0.813503 9.49008498584
0.032183908046 0.159317211949 0.81053 9.54107648725
0.0321746624533 0.159317211949 0.81051 9.54390934844
0.0318725099602 0.159317211949 0.803379 9.63739376771
0.0318634423898 0.159317211949 0.803124 9.6402266289
0.0318091451292 0.159317211949 0.802484 9.65722379603
0.0318001135718 0.159317211949 0.802482 9.66005665722
0.0316652530393 0.159317211949 0.799969 9.70254957507
0.0319389485585 0.160739687055 0.79965 9.70254957507
0.0310013717421 0.160739687055 0.780402 10.0056657224
0.0309928688974 0.160739687055 0.780312 10.0084985836
0.0308911973756 0.160739687055 0.778881 10.0424929178
0.0308827548511 0.160739687055 0.778776 10.045325779
0.0307232191408 0.160739687055 0.774719 10.0991501416
0.0309866811634 0.162162162162 0.774679 10.0991501416
0.030777537797 0.162162162162 0.770323 10.1699716714
0.0307692307692 0.162162162162 0.769792 10.1728045326
0.0307194826192 0.162162162162 0.768346 10.1898016997
0.0309806034483 0.163584637269 0.768313 10.1898016997
0.0307898259705 0.163584637269 0.764848 10.2549575071
0.0307815845824 0.163584637269 0.764765 10.2577903683
0.0306421529443 0.163584637269 0.762693 10.3059490085
0.0309003729355 0.165007112376 0.762073 10.3059490085
0.0308839190628 0.165007112376 0.761256 10.3116147309
0.0311418685121 0.166429587482 0.761219 10.3116147309
0.0306684141547 0.166429587482 0.750625 10.4759206799
0.0306603773585 0.166429587482 0.750599 10.4787535411
0.0305882352941 0.166429587482 0.748735 10.5042492918
0.03058024046 0.166429587482 0.748575 10.507082153
0.0305323590814 0.166429587482 0.746981 10.5240793201
0.0305243934255 0.166429587482 0.746778 10.5269121813
0.03046875 0.166429587482 0.744493 10.5467422096
0.0304608174954 0.166429587482 0.74441 10.5495750708
0.0302247481271 0.166429587482 0.738451 10.6345609065
0.0304752066116 0.167852062589 0.738353 10.6345609065
0.0303810504634 0.167852062589 0.735749 10.6685552408
0.0303732303732 0.167852062589 0.735723 10.671388102
0.0302409021015 0.167852062589 0.730737 10.7195467422
0.0302331539841 0.167852062589 0.730666 10.7223796034
0.030148185999 0.167852062589 0.727899 10.7535410765
0.0301404853129 0.167852062589 0.727628 10.7563739377
0.0301250957365 0.167852062589 0.727314 10.7620396601
0.0303726391016 0.169274537696 0.727259 10.7620396601
0.0303648890023 0.169274537696 0.726779 10.7648725212
0.0303571428571 0.169274537696 0.725732 10.7677053824
0.0303184713376 0.169274537696 0.725084 10.7818696884
0.0303107488538 0.169274537696 0.725042 10.7847025496
0.0302876049885 0.169274537696 0.724753 10.7932011331
0.0302798982188 0.169274537696 0.72384 10.7960339943
0.0301953818828 0.169274537696 0.721873 10.8271954674
0.0304414003044 0.170697012802 0.721868 10.8271954674
0.0303643724696 0.170697012802 0.720217 10.8555240793
0.0306096635467 0.172119487909 0.719992 10.8555240793
0.0302954431647 0.172119487909 0.711935 10.9716713881
0.0302878598248 0.172119487909 0.71153 10.9745042493
0.0299504950495 0.172119487909 0.703603 11.1019830028
0.0301905468943 0.173541963016 0.703575 11.1019830028
0.0297633569163 0.173541963016 0.691313 11.2662889518
0.03 0.174964438122 0.691293 11.2662889518
0.0298254122211 0.174964438122 0.686852 11.3342776204
0.0298181818182 0.174964438122 0.68675 11.3371104816
0.0295389048991 0.174964438122 0.680088 11.447592068
0.0295318127251 0.174964438122 0.680017 11.4504249292
0.0294681360805 0.174964438122 0.677037 11.4759206799
0.0294610778443 0.174964438122 0.676807 11.4787535411
0.029216152019 0.174964438122 0.667872 11.5779036827
0.0292092139634 0.174964438122 0.667819 11.5807365439
0.0289411764706 0.174964438122 0.659204 11.6912181303
0.0291696071513 0.176386913229 0.659202 11.6912181303
0.0291627469426 0.176386913229 0.658847 11.6940509915
0.02915588996 0.176386913229 0.658719 11.6968838527
0.0290738569754 0.176386913229 0.656657 11.730878187
0.0293014533521 0.177809388336 0.656242 11.730878187
0.0291375291375 0.177809388336 0.650759 11.7988668555
0.0293637846656 0.179231863442 0.650654 11.7988668555
0.0292887029289 0.179231863442 0.64923 11.8300283286
0.0292818963514 0.179231863442 0.649188 11.8328611898
0.0291531698288 0.179231863442 0.643541 11.8866855524
0.029146426093 0.179231863442 0.643284 11.8895184136
0.0289522058824 0.179231863442 0.637226 11.9716713881
0.0291752814151 0.180654338549 0.63696 11.9716713881
0.0287460389316 0.180654338549 0.624163 12.1558073654
0.0287395338312 0.180654338549 0.624097 12.1586402266
0.0284881112607 0.180654338549 0.615071 12.269121813
0.0284817223593 0.180654338549 0.614854 12.2719546742
0.0280849181778 0.180654338549 0.597595 12.4504249292
0.028299801017 0.182076813656 0.597593 12.4504249292
0.0280824923212 0.182076813656 0.589374 12.5495750708
0.0280763325291 0.182076813656 0.589311 12.552407932
0.0280332895313 0.182076813656 0.587082 12.5722379603
0.0280271513028 0.182076813656 0.586245 12.5750708215
0.0279414974896 0.182076813656 0.583119 12.6147308782
0.0281536446966 0.183499288762 0.582646 12.6147308782
0.0281045751634 0.183499288762 0.57957 12.6373937677
0.028098453496 0.183499288762 0.579408 12.6402266289
0.0275405636208 0.183499288762 0.551732 12.9036827195
0.0275346851654 0.183499288762 0.55169 12.9065155807
0.0274293004465 0.183499288762 0.546639 12.9575070822
0.0274234693878 0.183499288762 0.546535 12.9603399433
0.0271008403361 0.183499288762 0.534055 13.11898017
0.0270951480781 0.183499288762 0.533859 13.1218130312
0.0270100502513 0.183499288762 0.528553 13.164305949
0.0270043960645 0.183499288762 0.52829 13.1671388102
0.026494146642 0.183499288762 0.504361 13.4277620397
0.0266940451745 0.184921763869 0.503502 13.4277620397
0.0265794316091 0.184921763869 0.498941 13.4872521246
0.0265739983647 0.184921763869 0.498644 13.4900849858
0.0262467191601 0.184921763869 0.482592 13.6628895184
0.0262414210739 0.184921763869 0.48257 13.6657223796
0.0262202501008 0.184921763869 0.480169 13.6770538244
0.0264166162533 0.186344238976 0.480168 13.6770538244
0.0264006449012 0.186344238976 0.479627 13.6855524079
0.026395325408 0.186344238976 0.479534 13.6883852691
0.0258331690002 0.186344238976 0.444443 13.9943342776
0.0258280757098 0.186344238976 0.444331 13.9971671388
0.0257721817824 0.186344238976 0.44294 14.0283286119
0.0259638080252 0.187766714083 0.442633 14.0283286119
0.0259230164965 0.187766714083 0.440704 14.0509915014
0.0259179265659 0.187766714083 0.440104 14.0538243626
0.0257711831316 0.187766714083 0.43102 14.1359773371
0.025961350771 0.189189189189 0.430876 14.1359773371
0.0257253384913 0.189189189189 0.416285 14.269121813
0.025720363566 0.189189189189 0.415936 14.2719546742
0.0256558641975 0.189189189189 0.409731 14.3087818697
0.0256509161041 0.189189189189 0.409402 14.3116147309
0.0255572636434 0.189189189189 0.40302 14.3654390935
0.0255523535062 0.189189189189 0.402694 14.3682719547
0.0252899790835 0.189189189189 0.382927 14.5212464589
0.0252851711027 0.189189189189 0.382877 14.5240793201
0.0251512859304 0.189189189189 0.37312 14.6033994334
0.0253356021932 0.190611664296 0.372276 14.6033994334
0.0252591894439 0.190611664296 0.366326 14.6487252125
0.0252544289484 0.190611664296 0.365949 14.6515580737
0.0248931822404 0.190611664296 0.337311 14.8696883853
0.0248885586924 0.190611664296 0.337166 14.8725212465
0.0247552189174 0.190611664296 0.324422 14.954674221
0.0247506464721 0.190611664296 0.321935 14.9575070822
0.0244347191831 0.190611664296 0.291984 15.1558073654
0.0244302643573 0.190611664296 0.291921 15.1586402266
0.0243858052775 0.190611664296 0.287934 15.1869688385
0.0245633187773 0.192034139403 0.287584 15.1869688385
0.0241459488464 0.192034139403 0.221887 15.4560906516
0.0241416309013 0.192034139403 0.217035 15.4589235127
0.0240985362371 0.192034139403 0.202004 15.4872521246
0.0240942352311 0.192034139403 0.200475 15.4900849858
