1.0 0.0 inf 0.0
1.0 0.00142247510669 0.999859 0.0
1.0 0.00142247510669 0.999859 0.0
1.0 0.00284495021337 0.999792 0.0
1.0 0.00284495021337 0.999792 0.0
1.0 0.00426742532006 0.999756 0.0
0.75 0.00426742532006 0.999711 0.0028328611898
0.8 0.00568990042674 0.999658 0.0028328611898
0.571428571429 0.00568990042674 0.999429 0.00849858356941
0.5 0.00568990042674 0.999401 0.0113314447592
0.2 0.00568990042674 0.998997 0.0453257790368
0.238095238095 0.00711237553343 0.998983 0.0453257790368
0.217391304348 0.00711237553343 0.998908 0.0509915014164
0.25 0.00853485064011 0.998871 0.0509915014164
0.214285714286 0.00853485064011 0.998813 0.0623229461756
0.241379310345 0.0099573257468 0.998809 0.0623229461756
0.21875 0.0099573257468 0.998746 0.070821529745
0.242424242424 0.0113798008535 0.998741 0.070821529745
0.242424242424 0.0113798008535 0.998741 0.070821529745
0.264705882353 0.0128022759602 0.998709 0.070821529745
0.264705882353 0.0128022759602 0.998709 0.070821529745
0.285714285714 0.0142247510669 0.998669 0.070821529745
0.27027027027 0.0142247510669 0.998612 0.0764872521246
0.289473684211 0.0156472261735 0.998589 0.0764872521246
0.203703703704 0.0156472261735 0.998218 0.121813031161
0.218181818182 0.0170697012802 0.998202 0.121813031161
0.173913043478 0.0170697012802 0.997749 0.161473087819
0.185714285714 0.0184921763869 0.997715 0.161473087819
0.183098591549 0.0184921763869 0.997701 0.164305949008
0.194444444444 0.0199146514936 0.997676 0.164305949008
0.191780821918 0.0199146514936 0.99765 0.167138810198
0.202702702703 0.0213371266003 0.997645 0.167138810198
0.197368421053 0.0213371266003 0.997616 0.172804532578
0.194805194805 0.0213371266003 0.997605 0.175637393768
0.192307692308 0.0213371266003 0.997574 0.178470254958
0.20253164557 0.022759601707 0.997548 0.178470254958
0.197530864198 0.022759601707 0.997482 0.184135977337
0.207317073171 0.0241820768137 0.997479 0.184135977337
0.154545454545 0.0241820768137 0.996961 0.263456090652
0.162162162162 0.0256045519203 0.99696 0.263456090652
0.141732283465 0.0256045519203 0.996566 0.308781869688
0.1484375 0.027027027027 0.996513 0.308781869688
0.1484375 0.027027027027 0.996513 0.308781869688
0.15503875969 0.0284495021337 0.996455 0.308781869688
0.141843971631 0.0284495021337 0.996267 0.342776203966
0.140845070423 0.0284495021337 0.996258 0.345609065156
0.140845070423 0.0284495021337 0.996258 0.345609065156
0.13986013986 0.0284495021337 0.996256 0.348441926346
0.132450331126 0.0284495021337 0.996163 0.371104815864
0.131578947368 0.0284495021337 0.996133 0.373937677054
0.119047619048 0.0284495021337 0.995735 0.419263456091
0.12426035503 0.0298719772404 0.995734 0.419263456091
0.123529411765 0.0298719772404 0.995727 0.42209631728
0.122807017544 0.0298719772404 0.995709 0.42492917847
0.119318181818 0.0298719772404 0.995687 0.439093484419
0.118644067797 0.0298719772404 0.995683 0.441926345609
0.113513513514 0.0298719772404 0.9956 0.464589235127
0.118279569892 0.0312944523471 0.99557 0.464589235127
0.117647058824 0.0312944523471 0.995546 0.467422096317
0.117021276596 0.0312944523471 0.995514 0.470254957507
0.115183246073 0.0312944523471 0.995429 0.478753541076
0.114583333333 0.0312944523471 0.995429 0.481586402266
0.113989637306 0.0312944523471 0.995425 0.484419263456
0.113402061856 0.0312944523471 0.995369 0.487252124646
0.110552763819 0.0312944523471 0.995249 0.501416430595
0.115 0.0327169274538 0.995233 0.501416430595
0.115 0.0327169274538 0.995233 0.501416430595
0.114427860697 0.0327169274538 0.995227 0.504249291785
0.112745098039 0.0327169274538 0.995165 0.512747875354
0.117073170732 0.0341394025605 0.995082 0.512747875354
0.114285714286 0.0341394025605 0.995007 0.526912181303
0.118483412322 0.0355618776671 0.994961 0.526912181303
0.116279069767 0.0355618776671 0.994869 0.538243626062
0.115740740741 0.0355618776671 0.994857 0.541076487252
0.111111111111 0.0355618776671 0.994787 0.56657223796
0.115044247788 0.0369843527738 0.994771 0.56657223796
0.111111111111 0.0369843527738 0.994561 0.589235127479
0.114893617021 0.0384068278805 0.994537 0.589235127479
0.10843373494 0.0384068278805 0.994154 0.628895184136
0.112 0.0398293029872 0.99415 0.628895184136
0.110236220472 0.0398293029872 0.994087 0.640226628895
0.109803921569 0.0398293029872 0.994074 0.643059490085
0.109803921569 0.0398293029872 0.994074 0.643059490085
0.109375 0.0398293029872 0.994051 0.645892351275
0.109375 0.0398293029872 0.994051 0.645892351275
0.112840466926 0.0412517780939 0.994033 0.645892351275
0.10780669145 0.0412517780939 0.993701 0.679886685552
0.111111111111 0.0426742532006 0.993691 0.679886685552
0.104895104895 0.0426742532006 0.993332 0.725212464589
0.108013937282 0.0440967283073 0.993331 0.725212464589
0.101307189542 0.0440967283073 0.992927 0.779036827195
0.104234527687 0.0455192034139 0.992903 0.779036827195
0.102893890675 0.0455192034139 0.992705 0.790368271955
0.105769230769 0.0469416785206 0.992687 0.790368271955
0.104761904762 0.0469416785206 0.992588 0.798866855524
0.107594936709 0.0483641536273 0.992581 0.798866855524
0.1065830721 0.0483641536273 0.992524 0.807365439093
0.10625 0.0483641536273 0.992522 0.810198300283
0.105590062112 0.0483641536273 0.992477 0.815864022663
0.108359133127 0.049786628734 0.992447 0.815864022663
0.102040816327 0.049786628734 0.992172 0.872521246459
0.101744186047 0.049786628734 0.992164 0.875354107649
0.100286532951 0.049786628734 0.992045 0.889518413598
0.1 0.049786628734 0.992035 0.892351274788
0.1 0.049786628734 0.992035 0.892351274788
0.0997150997151 0.049786628734 0.992025 0.895184135977
0.0925925925926 0.049786628734 0.991497 0.971671388102
0.0949868073879 0.0512091038407 0.991473 0.971671388102
0.0949868073879 0.0512091038407 0.991473 0.971671388102
0.0973684210526 0.0526315789474 0.991407 0.971671388102
0.0951156812339 0.0526315789474 0.991089 0.99716713881
0.0974358974359 0.0540540540541 0.991051 0.99716713881
0.090692124105 0.0540540540541 0.990193 1.07932011331
0.0928571428571 0.0554765291607 0.99019 1.07932011331
0.0924170616114 0.0554765291607 0.990102 1.08498583569
0.0945626477541 0.0568990042674 0.990099 1.08498583569
0.092807424594 0.0568990042674 0.989979 1.10764872521
0.0925925925926 0.0568990042674 0.989955 1.1104815864
0.0923787528868 0.0568990042674 0.989936 1.11331444759
0.0921658986175 0.0568990042674 0.989933 1.11614730878
0.0917431192661 0.0568990042674 0.989789 1.12181303116
0.091533180778 0.0568990042674 0.989775 1.12464589235
0.091533180778 0.0568990042674 0.989775 1.12464589235
0.0936073059361 0.0583214793741 0.989765 1.12464589235
0.0915178571429 0.0583214793741 0.989419 1.15297450425
0.0935412026726 0.0597439544808 0.989403 1.15297450425
0.0915032679739 0.0597439544808 0.989242 1.18130311615
0.0913043478261 0.0597439544808 0.989179 1.18413597734
0.0913043478261 0.0597439544808 0.989179 1.18413597734
0.0911062906725 0.0597439544808 0.989178 1.18696883853
0.089552238806 0.0597439544808 0.9889 1.20963172805
0.0914893617021 0.0611664295875 0.988883 1.20963172805
0.0907172995781 0.0611664295875 0.988843 1.2209631728
0.0905263157895 0.0611664295875 0.988827 1.22379603399
0.0877551020408 0.0611664295875 0.988416 1.26628895184
0.0875763747454 0.0611664295875 0.988407 1.26912181303
0.0875763747454 0.0611664295875 0.988407 1.26912181303
0.0894308943089 0.0625889046942 0.988373 1.26912181303
0.0887096774194 0.0625889046942 0.98833 1.28045325779
0.0885311871227 0.0625889046942 0.988315 1.28328611898
0.0873015873016 0.0625889046942 0.988218 1.30311614731
0.0871287128713 0.0625889046942 0.988206 1.3059490085
0.0827067669173 0.0625889046942 0.987665 1.38243626062
0.0825515947467 0.0625889046942 0.987647 1.38526912181
0.0822429906542 0.0625889046942 0.987613 1.39093484419
0.0839552238806 0.0640113798009 0.987566 1.39093484419
0.0834879406308 0.0640113798009 0.987488 1.39943342776
0.0851851851852 0.0654338549075 0.987484 1.39943342776
0.0840950639854 0.0654338549075 0.987348 1.41926345609
0.0857664233577 0.0668563300142 0.987326 1.41926345609
0.0851449275362 0.0668563300142 0.987203 1.43059490085
0.0849909584087 0.0668563300142 0.9872 1.43342776204
0.0846846846847 0.0668563300142 0.98712 1.43909348442
0.0863309352518 0.0682788051209 0.98709 1.43909348442
0.0813559322034 0.0682788051209 0.986373 1.53541076487
0.0812182741117 0.0682788051209 0.986364 1.53824362606
0.0808080808081 0.0682788051209 0.986312 1.54674220963
0.0806722689076 0.0682788051209 0.986278 1.54957507082
0.0801335559265 0.0682788051209 0.986163 1.56090651558
0.0816666666667 0.0697012802276 0.986157 1.56090651558
0.0813953488372 0.0697012802276 0.986154 1.56657223796
0.0829187396352 0.0711237553343 0.986143 1.56657223796
0.0826446280992 0.0711237553343 0.986132 1.57223796034
0.0825082508251 0.0711237553343 0.986098 1.57507082153
0.0818330605565 0.0711237553343 0.985923 1.58923512748
0.0816993464052 0.0711237553343 0.98589 1.59206798867
0.0814332247557 0.0711237553343 0.985868 1.59773371105
0.0829268292683 0.072546230441 0.985805 1.59773371105
0.0821256038647 0.072546230441 0.985662 1.61473087819
0.0819935691318 0.072546230441 0.98566 1.61756373938
0.0819935691318 0.072546230441 0.98566 1.61756373938
0.0818619582665 0.072546230441 0.985642 1.62039660057
0.0817307692308 0.072546230441 0.985636 1.62322946176
0.0816 0.072546230441 0.985632 1.62606232295
0.0816 0.072546230441 0.985632 1.62606232295
0.0814696485623 0.072546230441 0.98561 1.62889518414
0.0812101910828 0.072546230441 0.985572 1.63456090652
0.0810810810811 0.072546230441 0.985542 1.63739376771
0.0748898678414 0.072546230441 0.983931 1.78470254958
0.074780058651 0.072546230441 0.983925 1.78753541076
0.0744525547445 0.072546230441 0.983876 1.79603399433
0.0743440233236 0.072546230441 0.98381 1.79886685552
0.0727532097004 0.072546230441 0.9835 1.84135977337
0.0740740740741 0.0739687055477 0.983473 1.84135977337
0.0735502121641 0.0739687055477 0.983398 1.85552407932
0.0748587570621 0.0753911806543 0.98334 1.85552407932
0.0744382022472 0.0753911806543 0.983223 1.86685552408
0.0757363253857 0.076813655761 0.983209 1.86685552408
0.0754189944134 0.076813655761 0.983146 1.87535410765
0.0753138075314 0.076813655761 0.983103 1.87818696884
0.0751043115438 0.076813655761 0.983034 1.88385269122
0.0763888888889 0.0782361308677 0.983029 1.88385269122
0.0762829403606 0.0782361308677 0.983018 1.88668555241
0.0775623268698 0.0796586059744 0.983004 1.88668555241
0.0770288858322 0.0796586059744 0.982789 1.90084985836
0.0769230769231 0.0796586059744 0.982768 1.90368271955
0.0759837177748 0.0796586059744 0.982567 1.92917847025
0.0772357723577 0.0810810810811 0.982548 1.92917847025
0.0765100671141 0.0810810810811 0.982292 1.94900849858
0.0764075067024 0.0810810810811 0.982231 1.95184135977
0.0761014686248 0.0810810810811 0.982118 1.96033994334
0.0773333333333 0.0825035561878 0.982115 1.96033994334
0.0762155059133 0.0825035561878 0.981762 1.99150141643
0.0774278215223 0.0839260312945 0.98173 1.99150141643
0.0766233766234 0.0839260312945 0.981524 2.01416430595
0.0765239948119 0.0839260312945 0.981524 2.01699716714
0.0748730964467 0.0839260312945 0.981136 2.06515580737
0.0747782002535 0.0839260312945 0.981113 2.06798866856
0.0744949494949 0.0839260312945 0.981081 2.07648725212
0.0744010088272 0.0839260312945 0.981 2.07932011331
0.0727496917386 0.0839260312945 0.980577 2.13031161473
0.0726600985222 0.0839260312945 0.980538 2.13314447592
0.0721271393643 0.0839260312945 0.980469 2.15014164306
0.0720390720391 0.0839260312945 0.980444 2.15297450425
0.0710843373494 0.0839260312945 0.980165 2.18413597734
0.0709987966306 0.0839260312945 0.980154 2.18696883853
0.0704898446834 0.0839260312945 0.980091 2.20396600567
0.0704057279236 0.0839260312945 0.980018 2.20679886686
0.0702380952381 0.0839260312945 0.979944 2.21246458924
0.0713436385256 0.0853485064011 0.97992 2.21246458924
0.0701754385965 0.0853485064011 0.979373 2.25212464589
0.0700934579439 0.0853485064011 0.979361 2.25495750708
0.0700116686114 0.0853485064011 0.97936 2.25779036827
0.0699300699301 0.0853485064011 0.979332 2.26062322946
0.0697674418605 0.0853485064011 0.979216 2.26628895184
0.0696864111498 0.0853485064011 0.979205 2.26912181303
0.0688863375431 0.0853485064011 0.978785 2.29745042493
0.0699541284404 0.0867709815078 0.978781 2.29745042493
0.0697142857143 0.0867709815078 0.978677 2.3059490085
0.0696347031963 0.0867709815078 0.978667 2.30878186969
0.0690826727067 0.0867709815078 0.978345 2.32861189802
0.0690045248869 0.0867709815078 0.978281 2.33144475921
0.0686164229471 0.0867709815078 0.978181 2.34560906516
0.0685393258427 0.0867709815078 0.978153 2.34844192635
0.0668859649123 0.0867709815078 0.977452 2.41076487252
0.0668127053669 0.0867709815078 0.977437 2.41359773371
0.0649627263046 0.0867709815078 0.976516 2.48725212465
0.0659574468085 0.0881934566145 0.976498 2.48725212465
0.0651945320715 0.0881934566145 0.976333 2.51841359773
0.0651260504202 0.0881934566145 0.976315 2.52124645892
0.0647181628392 0.0881934566145 0.976204 2.53824362606
0.0646506777894 0.0881934566145 0.97619 2.54107648725
0.0642487046632 0.0881934566145 0.975803 2.55807365439
0.064182194617 0.0881934566145 0.97578 2.56090651558
0.0633946830266 0.0881934566145 0.975451 2.59490084986
0.0643513789581 0.0896159317212 0.975426 2.59490084986
0.0640895218718 0.0896159317212 0.975305 2.60623229462
0.0650406504065 0.0910384068279 0.975257 2.60623229462
0.0645161290323 0.0910384068279 0.975057 2.62889518414
0.0644511581067 0.0910384068279 0.975027 2.63172804533
0.0631786771964 0.0910384068279 0.974577 2.68838526912
0.0641025641026 0.0924608819346 0.974556 2.68838526912
0.0641025641026 0.0924608819346 0.974556 2.68838526912
0.064039408867 0.0924608819346 0.974487 2.69121813031
0.0638506876228 0.0924608819346 0.974397 2.69971671388
0.0647693817468 0.0938833570413 0.974378 2.69971671388
0.0645792563601 0.0938833570413 0.974328 2.70821529745
0.0654936461388 0.0953058321479 0.974303 2.70821529745
0.0639923591213 0.0953058321479 0.973546 2.77620396601
0.0648854961832 0.0967283072546 0.973512 2.77620396601
0.0638497652582 0.0967283072546 0.972977 2.82436260623
0.0637898686679 0.0967283072546 0.972927 2.82719546742
0.0593886462882 0.0967283072546 0.969843 3.05099150142
0.0593368237347 0.0967283072546 0.969815 3.05382436261
0.0581693755346 0.0967283072546 0.969391 3.11898016997
0.0581196581197 0.0967283072546 0.969376 3.12181303116
0.0577740016992 0.0967283072546 0.969263 3.14164305949
0.0577249575552 0.0967283072546 0.969243 3.14447592068
0.0576759966073 0.0967283072546 0.969239 3.14730878187
0.0576271186441 0.0967283072546 0.969233 3.15014164306
0.0570469798658 0.0967283072546 0.968986 3.18413597734
0.056999161777 0.0967283072546 0.968983 3.18696883853
0.0568086883876 0.0967283072546 0.968838 3.19830028329
0.0567612687813 0.0967283072546 0.968835 3.20113314448
0.0566194837635 0.0967283072546 0.968773 3.20963172805
0.0565723793677 0.0967283072546 0.968661 3.21246458924
0.0565723793677 0.0967283072546 0.968661 3.21246458924
0.0573566084788 0.0981507823613 0.968643 3.21246458924
0.0567434210526 0.0981507823613 0.968379 3.2492917847
0.0575184880855 0.099573257468 0.968361 3.2492917847
0.0572831423895 0.099573257468 0.968255 3.26345609065
0.0572363041701 0.099573257468 0.968205 3.26628895184
0.0569105691057 0.099573257468 0.967917 3.28611898017
0.0576766856214 0.100995732575 0.967909 3.28611898017
0.0574433656958 0.100995732575 0.967731 3.30028328612
0.0573969280517 0.100995732575 0.967676 3.30311614731
0.0570739549839 0.100995732575 0.96746 3.32294617564
0.0570281124498 0.100995732575 0.967394 3.32577903683
0.0568 0.100995732575 0.967143 3.33994334278
0.0567545963229 0.100995732575 0.967132 3.34277620397
0.055905511811 0.100995732575 0.966596 3.39660056657
0.0558615263572 0.100995732575 0.96659 3.39943342776
0.0554254488681 0.100995732575 0.966297 3.42776203966
0.0561622464899 0.102418207681 0.966235 3.42776203966
0.0561184723305 0.102418207681 0.966155 3.43059490085
0.0568535825545 0.103840682788 0.966127 3.43059490085
0.0558530986993 0.103840682788 0.965508 3.49575070822
0.0558103975535 0.103840682788 0.965492 3.49858356941
0.0552193645991 0.103840682788 0.964804 3.53824362606
0.0551776266062 0.103840682788 0.964789 3.54107648725
0.0550943396226 0.103840682788 0.964701 3.54674220963
0.0550527903469 0.103840682788 0.964683 3.54957507082
0.0548459804658 0.103840682788 0.96448 3.56373937677
0.0548048048048 0.103840682788 0.964428 3.56657223796
0.0536764705882 0.103840682788 0.963361 3.64589235127
0.0536370315944 0.103840682788 0.963348 3.64872521246
0.0534016093636 0.103840682788 0.963246 3.6657223796
0.0540935672515 0.105263157895 0.963246 3.6657223796
0.0540540540541 0.105263157895 0.963235 3.66855524079
0.0540145985401 0.105263157895 0.963219 3.67138810198
0.0531227566403 0.105263157895 0.962426 3.73654390935
0.0530846484935 0.105263157895 0.962424 3.73937677054
0.0529327610873 0.105263157895 0.962361 3.7507082153
0.0528949249464 0.105263157895 0.962351 3.75354107649
0.0525941719972 0.105263157895 0.962054 3.77620396601
0.0525568181818 0.105263157895 0.962042 3.7790368272
0.0521126760563 0.105263157895 0.961532 3.81303116147
0.0520760028149 0.105263157895 0.961517 3.81586402266
0.0518207282913 0.105263157895 0.961368 3.83569405099
0.0517844646606 0.105263157895 0.961327 3.83852691218
0.0516039051604 0.105263157895 0.961195 3.85269121813
0.0515679442509 0.105263157895 0.96113 3.85552407932
0.0506849315068 0.105263157895 0.960101 3.92634560907
0.0506502395619 0.105263157895 0.960022 3.92917847025
0.0503744043567 0.105263157895 0.95978 3.95184135977
0.0503401360544 0.105263157895 0.959759 3.95467422096
0.0500338066261 0.105263157895 0.959569 3.98016997167
0.05 0.105263157895 0.959441 3.98300283286
0.0495646349632 0.105263157895 0.958835 4.01983002833
0.04953145917 0.105263157895 0.958749 4.02266288952
0.0492021276596 0.105263157895 0.958557 4.05099150142
0.0491694352159 0.105263157895 0.958506 4.05382436261
0.0488771466314 0.105263157895 0.958166 4.07932011331
0.049504950495 0.106685633001 0.958152 4.07932011331
0.0494722955145 0.106685633001 0.958147 4.0821529745
0.0500988793672 0.108108108108 0.958145 4.0821529745
0.0497056899935 0.108108108108 0.957735 4.11614730878
0.0496732026144 0.108108108108 0.957675 4.11898016997
0.0476787954831 0.108108108108 0.956024 4.30028328612
0.0476489028213 0.108108108108 0.956023 4.30311614731
0.045810729355 0.108108108108 0.95386 4.48441926346
0.0457831325301 0.108108108108 0.953841 4.48725212465
0.0444444444444 0.108108108108 0.952058 4.62889518414
0.0444184687317 0.108108108108 0.952032 4.63172804533
0.0443148688047 0.108108108108 0.951969 4.64305949008
0.044289044289 0.108108108108 0.951919 4.64589235127
0.0440579710145 0.108108108108 0.951467 4.67138810198
0.0446118192352 0.109530583215 0.95116 4.67138810198
0.0446118192352 0.109530583215 0.95116 4.67138810198
0.0445859872611 0.109530583215 0.951084 4.67422096317
0.0442528735632 0.109530583215 0.950511 4.71104815864
0.0442274554854 0.109530583215 0.950346 4.71388101983
0.0439497716895 0.109530583215 0.95002 4.74504249292
0.0439247005134 0.109530583215 0.94996 4.74787535411
0.0430648769575 0.109530583215 0.948388 4.84702549575
0.0435997764114 0.110953058321 0.948328 4.84702549575
0.0435997764114 0.110953058321 0.948328 4.84702549575
0.0435754189944 0.110953058321 0.948301 4.84985835694
0.0432852386238 0.110953058321 0.947804 4.88385269122
0.0438158624515 0.112375533428 0.947783 4.88385269122
0.0438158624515 0.112375533428 0.947783 4.88385269122
0.0443458980044 0.113798008535 0.947744 4.88385269122
0.0443213296399 0.113798008535 0.947742 4.88668555241
0.0448504983389 0.115220483642 0.947651 4.88668555241
0.0446280991736 0.115220483642 0.94739 4.91218130312
0.045154185022 0.116642958748 0.947339 4.91218130312
0.045154185022 0.116642958748 0.947339 4.91218130312
0.0456796917997 0.118065433855 0.947325 4.91218130312
0.0456796917997 0.118065433855 0.947325 4.91218130312
0.0456545654565 0.118065433855 0.947324 4.91501416431
0.0455793520044 0.118065433855 0.947208 4.92351274788
0.0455543358946 0.118065433855 0.947149 4.92634560907
0.0454296661193 0.118065433855 0.947034 4.94050991501
0.0454048140044 0.118065433855 0.947003 4.9433427762
0.044385026738 0.118065433855 0.945527 5.06232294618
0.0443613041154 0.118065433855 0.945526 5.06515580737
0.0441254651781 0.118065433855 0.945021 5.09348441926
0.0441020191286 0.118065433855 0.944852 5.09631728045
0.0440785979819 0.118065433855 0.94482 5.09915014164
0.0440552016985 0.118065433855 0.944798 5.10198300283
0.0437532946758 0.118065433855 0.944399 5.1388101983
0.0442571127503 0.119487908962 0.944396 5.1388101983
0.0441176470588 0.119487908962 0.944182 5.15580736544
0.044094488189 0.119487908962 0.944125 5.15864022663
0.0438413361169 0.119487908962 0.943706 5.18980169972
0.0443401147626 0.120910384068 0.943685 5.18980169972
0.0431253170979 0.120910384068 0.941939 5.34277620397
0.0436105476673 0.122332859175 0.941932 5.34277620397
0.0435663627153 0.122332859175 0.94184 5.34844192635
0.0435443037975 0.122332859175 0.941815 5.35127478754
0.0434562910561 0.122332859175 0.941544 5.36260623229
0.0434343434343 0.122332859175 0.941529 5.36543909348
0.0429785107446 0.122332859175 0.940956 5.42492917847
0.042957042957 0.122332859175 0.94088 5.42776203966
0.0428073668492 0.122332859175 0.940714 5.44759206799
0.0427860696517 0.122332859175 0.94067 5.45042492918
0.0426375805652 0.122332859175 0.940322 5.47025495751
0.0431119920714 0.123755334282 0.94031 5.47025495751
0.0429841897233 0.123755334282 0.940202 5.48725212465
0.042962962963 0.123755334282 0.940202 5.49008498584
0.0429205722743 0.123755334282 0.940115 5.49575070822
0.043392504931 0.125177809388 0.940089 5.49575070822
0.0433711187777 0.125177809388 0.940087 5.49858356941
0.0433497536946 0.125177809388 0.940061 5.50141643059
0.0433497536946 0.125177809388 0.940061 5.50141643059
0.0433284096504 0.125177809388 0.94001 5.50424929178
0.0424300867888 0.125177809388 0.938278 5.62606232295
0.0424096385542 0.125177809388 0.938247 5.62889518414
0.042328042328 0.125177809388 0.938018 5.6402266289
0.0427884615385 0.126600284495 0.938013 5.6402266289
0.0423607805807 0.126600284495 0.937525 5.69971671388
0.0423406279734 0.126600284495 0.937415 5.70254957507
0.0419811320755 0.126600284495 0.936719 5.75354107649
0.04243281471 0.128022759602 0.936651 5.75354107649
0.0421348314607 0.128022759602 0.936269 5.79603399433
0.0421151146467 0.128022759602 0.936103 5.79886685552
0.0418799441601 0.128022759602 0.935666 5.8328611898
0.0418604651163 0.128022759602 0.935612 5.83569405099
0.0414746543779 0.128022759602 0.934855 5.89235127479
0.0414555504376 0.128022759602 0.934686 5.89518413598
0.0409090909091 0.128022759602 0.933788 5.97733711048
0.0408905043162 0.128022759602 0.933782 5.98016997167
0.040834845735 0.128022759602 0.933683 5.98866855524
0.0408163265306 0.128022759602 0.93366 5.99150141643
0.0403587443946 0.128022759602 0.932719 6.06232294618
0.0407888839086 0.129445234708 0.932711 6.06232294618
0.0404444444444 0.129445234708 0.931656 6.11614730878
0.0404264771213 0.129445234708 0.93162 6.11898016997
0.0403726708075 0.129445234708 0.931516 6.12747875354
0.040354767184 0.129445234708 0.931477 6.13031161473
0.0391903531438 0.129445234708 0.929314 6.32011331445
0.0391734825656 0.129445234708 0.929259 6.32294617564
0.0389888603256 0.129445234708 0.929062 6.35410764873
0.0389721627409 0.129445234708 0.92899 6.35694050992
0.0389721627409 0.129445234708 0.92899 6.35694050992
0.0393835616438 0.130867709815 0.928969 6.35694050992
0.0392156862745 0.130867709815 0.928387 6.38526912181
0.039198977418 0.130867709815 0.928287 6.388101983
0.0389335590351 0.130867709815 0.927358 6.43342776204
0.0393401015228 0.132290184922 0.927275 6.43342776204
0.0392074198988 0.132290184922 0.927039 6.45609065156
0.039190897598 0.132290184922 0.92696 6.45892351275
0.0389284219339 0.132290184922 0.926417 6.50424929178
0.0389121338912 0.132290184922 0.926406 6.50708215297
0.0387177352206 0.132290184922 0.926037 6.54107648725
0.0387016229713 0.132290184922 0.926012 6.54390934844
0.0386533665835 0.132290184922 0.925781 6.55240793201
0.0386373078521 0.132290184922 0.925756 6.5552407932
0.0386373078521 0.132290184922 0.925756 6.5552407932
0.0386212624585 0.132290184922 0.925741 6.55807365439
0.0385412349772 0.132290184922 0.92567 6.57223796034
0.0389395194698 0.133712660028 0.925611 6.57223796034
0.0387469084913 0.133712660028 0.924988 6.60623229462
0.0387309435517 0.133712660028 0.924949 6.60906515581
0.0378117457763 0.133712660028 0.922094 6.77620396601
0.038198632891 0.135135135135 0.921885 6.77620396601
0.0380608974359 0.135135135135 0.921495 6.80169971671
0.0380456547857 0.135135135135 0.921323 6.8045325779
0.0375345713157 0.135135135135 0.919969 6.90084985836
0.0375197472354 0.135135135135 0.919943 6.90368271955
0.0373427672956 0.135135135135 0.919421 6.93767705382
0.037721021611 0.136557610242 0.919408 6.93767705382
0.0373977405532 0.136557610242 0.918017 7.0
0.0373831775701 0.136557610242 0.917975 7.00283286119
0.0369942196532 0.136557610242 0.916984 7.07932011331
0.0369799691834 0.136557610242 0.916962 7.0821529745
0.0362264150943 0.136557610242 0.914196 7.23512747875
0.0365899660505 0.137980085349 0.914187 7.23512747875
0.0361266294227 0.137980085349 0.912547 7.33144475921
0.036113179449 0.137980085349 0.912536 7.3342776204
0.0355181252289 0.137980085349 0.910549 7.46175637394
0.035505124451 0.137980085349 0.91046 7.46458923513
0.0353498542274 0.137980085349 0.909624 7.49858356941
0.0353369763206 0.137980085349 0.909599 7.50141643059
0.0352855583849 0.137980085349 0.909568 7.51274787535
0.0352727272727 0.137980085349 0.909495 7.51558073654
0.0351449275362 0.137980085349 0.908858 7.54390934844
0.0351321984788 0.137980085349 0.90885 7.54674220963
0.0350686912509 0.137980085349 0.90861 7.56090651558
0.0350560173473 0.137980085349 0.90854 7.56373937677
0.0350306970025 0.137980085349 0.908521 7.56940509915
0.0350180505415 0.137980085349 0.908502 7.57223796034
0.0349801658853 0.137980085349 0.908362 7.58073654391
0.0353280461428 0.139402560455 0.908358 7.58073654391
0.0352898811667 0.139402560455 0.908262 7.58923512748
0.0356371490281 0.140825035562 0.908234 7.58923512748
0.0356243252969 0.140825035562 0.908192 7.59206798867
0.0359712230216 0.142247510669 0.908025 7.59206798867
0.0357270453733 0.142247510669 0.907315 7.64589235127
0.0357142857143 0.142247510669 0.907205 7.64872521246
0.0354107648725 0.142247510669 0.906296 7.71671388102
0.0357522123894 0.143669985775 0.906292 7.71671388102
0.0355008787346 0.143669985775 0.905222 7.77337110482
0.0354884047786 0.143669985775 0.905166 7.77620396601
0.0351548903585 0.143669985775 0.903863 7.85269121813
0.0351426583159 0.143669985775 0.903843 7.85552407932
0.0351426583159 0.143669985775 0.903843 7.85552407932
0.0351304347826 0.143669985775 0.903669 7.85835694051
0.0350572717806 0.143669985775 0.903467 7.87535410765
0.0353920888272 0.145092460882 0.903465 7.87535410765
0.0352819093739 0.145092460882 0.902896 7.90084985836
0.0352697095436 0.145092460882 0.902839 7.90368271955
0.0350997935306 0.145092460882 0.902312 7.9433427762
0.0350877192982 0.145092460882 0.902245 7.94617563739
0.0349195481 0.145092460882 0.901557 7.98583569405
0.0349075975359 0.145092460882 0.9015 7.98866855524
0.0348717948718 0.145092460882 0.901208 7.99716713881
0.0348598769651 0.145092460882 0.901178 8.0
0.0344245696929 0.145092460882 0.899205 8.10481586402
0.0344129554656 0.145092460882 0.8992 8.10764872521
0.0338420703384 0.145092460882 0.896641 8.2492917847
0.0338308457711 0.145092460882 0.89664 8.25212464589
0.0337413165729 0.145092460882 0.896238 8.27478753541
0.0340608465608 0.146514935989 0.896197 8.27478753541
0.0332472562944 0.146514935989 0.892995 8.48441926346
0.0332365279122 0.146514935989 0.892922 8.48725212465
0.0331829896907 0.146514935989 0.892693 8.50141643059
0.0331723027375 0.146514935989 0.89263 8.50424929178
0.0330445941611 0.146514935989 0.891934 8.53824362606
0.0330339961514 0.146514935989 0.891873 8.54107648725
0.0326155794807 0.146514935989 0.889823 8.65439093484
0.0329218106996 0.147937411095 0.889778 8.65439093484
0.0328179236352 0.147937411095 0.88915 8.68271954674
0.0328075709779 0.147937411095 0.889134 8.68555240793
0.0326325698149 0.147937411095 0.888359 8.73371104816
0.0329360100376 0.149359886202 0.888304 8.73371104816
0.0329050454403 0.149359886202 0.888103 8.74220963173
0.0328947368421 0.149359886202 0.888094 8.74504249292
0.0327920049969 0.149359886202 0.887533 8.77337110482
0.0327817670933 0.149359886202 0.887527 8.77620396601
0.0325178073707 0.149359886202 0.886119 8.84985835694
0.0328173374613 0.150782361309 0.886103 8.84985835694
0.032545287074 0.150782361309 0.884863 8.92634560907
0.0325352977287 0.150782361309 0.884852 8.92917847025
0.0324357405141 0.150782361309 0.884459 8.95750708215
0.0324258182931 0.150782361309 0.884444 8.96033994334
0.0324059920514 0.150782361309 0.884391 8.96600566572
0.0323960880196 0.150782361309 0.884386 8.96883852691
0.0322580645161 0.150782361309 0.883656 9.00849858357
0.0322482506845 0.150782361309 0.883587 9.01133144476
0.0320920375416 0.150782361309 0.882841 9.0566572238
0.0320823244552 0.150782361309 0.882769 9.05949008499
0.0320338470837 0.150782361309 0.8825 9.07365439093
0.0320241691843 0.150782361309 0.88246 9.07648725212
0.0313238770686 0.150782361309 0.879053 9.28611898017
0.0313146233383 0.150782361309 0.879026 9.28895184136
0.0312223858616 0.150782361309 0.878628 9.31728045326
0.031507656066 0.152204836415 0.878603 9.31728045326
0.0314613349015 0.152204836415 0.878332 9.33144475921
0.0314520870076 0.152204836415 0.878308 9.3342776204
0.0313415348565 0.152204836415 0.877797 9.36827195467
0.0313323572474 0.152204836415 0.87779 9.37110481586
0.030694205393 0.152204836415 0.873289 9.57223796034
0.0306854029252 0.152204836415 0.873253 9.57507082153
0.0305278174037 0.152204836415 0.87209 9.62606232295
0.030804335425 0.153627311522 0.872075 9.62606232295
0.030499858797 0.153627311522 0.86937 9.72521246459
0.0304912478826 0.153627311522 0.869335 9.72804532578
0.0304225352113 0.153627311522 0.868937 9.7507082153
0.0304139678964 0.153627311522 0.868926 9.75354107649
0.0301423388222 0.153627311522 0.867014 9.84419263456
0.0304129464286 0.155049786629 0.866951 9.84419263456
0.0296517954298 0.155049786629 0.86134 10.104815864
0.0296437313027 0.155049786629 0.861328 10.1076487252
0.0289893617021 0.155049786629 0.855942 10.342776204
0.0292475405477 0.156472261735 0.855886 10.342776204
0.0290390707497 0.156472261735 0.854556 10.4192634561
0.0290314067036 0.156472261735 0.854546 10.4220963173
0.0288789708585 0.156472261735 0.852961 10.4787535411
0.0288713910761 0.156472261735 0.852909 10.4815864023
0.0287581699346 0.156472261735 0.851943 10.5240793201
0.0287506534239 0.156472261735 0.851836 10.5269121813
0.028698147665 0.156472261735 0.851341 10.5467422096
0.0286906624935 0.156472261735 0.851292 10.5495750708
0.0286085825748 0.156472261735 0.85053 10.5807365439
0.0286011440458 0.156472261735 0.850445 10.5835694051
0.0281834486293 0.156472261735 0.845862 10.7450424929
0.0284323770492 0.157894736842 0.845855 10.7450424929
0.0283669818554 0.157894736842 0.845193 10.7705382436
0.0283597342872 0.157894736842 0.845082 10.7733711048
0.0283597342872 0.157894736842 0.845082 10.7733711048
0.0283524904215 0.157894736842 0.845029 10.776203966
0.0282802547771 0.157894736842 0.844592 10.8045325779
0.0285277636271 0.159317211949 0.844524 10.8045325779
0.0285204991087 0.159317211949 0.844464 10.8073654391
0.0285132382892 0.159317211949 0.84439 10.8101983003
0.0282186948854 0.159317211949 0.841544 10.9263456091
0.0284634760705 0.160739687055 0.841482 10.9263456091
0.0283279017298 0.160739687055 0.840271 10.9801699717
0.0285714285714 0.162162162162 0.840162 10.9801699717
0.0284644194757 0.162162162162 0.838943 11.0226628895
0.0287069395906 0.163584637269 0.838878 11.0226628895
0.0283321015028 0.163584637269 0.835344 11.1728045326
0.0283251231527 0.163584637269 0.835253 11.1756373938
0.028076171875 0.163584637269 0.83283 11.2776203966
0.0280693190139 0.163584637269 0.832567 11.2804532578
0.0279397473275 0.163584637269 0.831436 11.3342776204
0.0279329608939 0.163584637269 0.831396 11.3371104816
0.0279193979121 0.163584637269 0.831324 11.342776204
0.0279126213592 0.163584637269 0.831239 11.3456090652
0.0278923114237 0.163584637269 0.831165 11.3541076487
0.0278855480116 0.163584637269 0.831163 11.3569405099
0.0278855480116 0.163584637269 0.831163 11.3569405099
0.0278787878788 0.163584637269 0.831057 11.3597733711
0.027697495183 0.163584637269 0.828808 11.4362606232
0.027690825909 0.163584637269 0.828756 11.4390934844
0.0276442307692 0.163584637269 0.827719 11.4589235127
0.0276375871185 0.163584637269 0.827711 11.4617563739
0.0275581116703 0.163584637269 0.826033 11.4957507082
0.0277910876857 0.165007112376 0.825954 11.4957507082
0.0277844311377 0.165007112376 0.825789 11.4985835694
0.0280172413793 0.166429587482 0.825688 11.4985835694
0.0279971284996 0.166429587482 0.825611 11.507082153
0.027990430622 0.166429587482 0.825611 11.5099150142
0.0278836987607 0.166429587482 0.824594 11.5552407932
0.0278770550393 0.166429587482 0.824586 11.5580736544
0.0273876404494 0.166429587482 0.81831 11.7705382436
0.0276152586005 0.167852062589 0.818212 11.7705382436
0.0275894318448 0.167852062589 0.817782 11.7818696884
0.0275829827022 0.167852062589 0.817718 11.7847025496
0.0273528048215 0.167852062589 0.815793 11.8866855524
0.0273464658169 0.167852062589 0.815785 11.8895184136
0.0272643253235 0.167852062589 0.814591 11.9263456091
0.027489027489 0.169274537696 0.814452 11.9263456091
0.0274446494465 0.169274537696 0.814143 11.9461756374
0.0274383214203 0.169274537696 0.814078 11.9490084986
0.0273752012882 0.169274537696 0.813617 11.9773371105
0.0273689052438 0.169274537696 0.813503 11.9801699717
0.0273626120947 0.169274537696 0.813376 11.9830028329
0.0275862068966 0.170697012802 0.813335 11.9830028329
0.0275040110016 0.170697012802 0.812475 12.0198300283
0.0274977085243 0.170697012802 0.812458 12.0226628895
0.0273785078713 0.170697012802 0.81053 12.0764872521
0.0273722627737 0.170697012802 0.81051 12.0793201133
0.0273597811218 0.170697012802 0.810245 12.0849858357
0.0273535445635 0.170697012802 0.81023 12.0878186969
0.0272913350011 0.170697012802 0.809295 12.1161473088
0.0272851296044 0.170697012802 0.809277 12.11898017
0.0268997982515 0.170697012802 0.803226 12.2974504249
0.02689376961 0.170697012802 0.803124 12.3002832861
0.0268276324614 0.170697012802 0.802484 12.3314447592
0.0268216361198 0.170697012802 0.802482 12.3342776204
0.02665482008 0.170697012802 0.799666 12.4135977337
0.0268709749056 0.172119487909 0.79965 12.4135977337
0.0265817223199 0.172119487909 0.795296 12.552407932
0.0265758840325 0.172119487909 0.795212 12.5552407932
0.0259378349411 0.172119487909 0.78469 12.8725212465
0.0259322760394 0.172119487909 0.784596 12.8753541076
0.025657336726 0.172119487909 0.78038 13.0169971671
0.0256518973924 0.172119487909 0.780312 13.0198300283
0.0256355932203 0.172119487909 0.780057 13.0283286119
0.025630163101 0.172119487909 0.780028 13.0311614731
0.0255382017729 0.172119487909 0.778881 13.0793201133
0.0255328128297 0.172119487909 0.778776 13.0821529745
0.0252767913098 0.172119487909 0.774719 13.2181303116
0.0254803675856 0.173541963016 0.774679 13.2181303116
0.0252118206241 0.173541963016 0.770099 13.3626062323
0.0252066115702 0.173541963016 0.769792 13.3654390935
0.0251909973157 0.173541963016 0.7696 13.3739376771
0.0251857968621 0.173541963016 0.769582 13.3767705382
0.0251339101772 0.173541963016 0.768346 13.4050991501
0.0253347064882 0.174964438122 0.768313 13.4050991501
0.0252982311806 0.174964438122 0.767755 13.4249291785
0.0252930289944 0.174964438122 0.767728 13.4277620397
0.0252100840336 0.174964438122 0.765979 13.4730878187
0.0252049180328 0.174964438122 0.76589 13.4759206799
0.0251071647275 0.174964438122 0.764848 13.5297450425
0.0251020408163 0.174964438122 0.764765 13.5325779037
0.0249492900609 0.174964438122 0.762328 13.6175637394
0.0251470290002 0.176386913229 0.762073 13.6175637394
0.0251470290002 0.176386913229 0.762073 13.6175637394
0.0251419302514 0.176386913229 0.761953 13.6203966006
0.0251317389542 0.176386913229 0.761677 13.6260623229
0.0251266464032 0.176386913229 0.761663 13.6288951841
0.025111381126 0.176386913229 0.761256 13.6373937677
0.0253087669569 0.177809388336 0.761219 13.6373937677
0.0248558361503 0.177809388336 0.752362 13.8923512748
0.0248508946322 0.177809388336 0.752362 13.895184136
0.0247770069376 0.177809388336 0.750607 13.9376770538
0.0247720967103 0.177809388336 0.750599 13.940509915
0.0246791707799 0.177809388336 0.748735 13.9943342776
0.0246742992499 0.177809388336 0.748575 13.9971671388
0.0246014564062 0.177809388336 0.746981 14.0396600567
0.0245966155057 0.177809388336 0.746778 14.0424929178
0.0244905956113 0.177809388336 0.744493 14.104815864
0.024485798237 0.177809388336 0.74441 14.1076487252
0.0242388985844 0.177809388336 0.738451 14.2549575071
0.0244280728965 0.179231863442 0.738353 14.2549575071
0.0243713733075 0.179231863442 0.73696 14.2889518414
0.0243666602205 0.179231863442 0.736679 14.2917847025
0.0243055555556 0.179231863442 0.735749 14.328611898
0.0243008678881 0.179231863442 0.735723 14.3314447592
0.0241102181401 0.179231863442 0.730722 14.447592068
0.0241056055099 0.179231863442 0.730666 14.4504249292
0.0240779667495 0.179231863442 0.729671 14.4674220963
0.024264424914 0.180654338549 0.729525 14.4674220963
0.0241904761905 0.180654338549 0.72787 14.5127478754
0.0241858693582 0.180654338549 0.727628 14.5155807365
0.0241720593833 0.180654338549 0.727314 14.5240793201
0.0243577545195 0.182076813656 0.727259 14.5240793201
0.0243438569798 0.182076813656 0.726697 14.5325779037
0.0243392279901 0.182076813656 0.725732 14.5354107649
0.0243022593507 0.182076813656 0.725084 14.5580736544
0.0242976461655 0.182076813656 0.725042 14.5609065156
0.0242608036391 0.182076813656 0.724387 14.5835694051
0.0242562061778 0.182076813656 0.72384 14.5864022663
0.0242149073023 0.182076813656 0.722931 14.611898017
0.0243994703991 0.183499288762 0.72258 14.611898017
0.0243580060423 0.183499288762 0.722312 14.6373937677
0.0243534075892 0.183499288762 0.722083 14.6402266289
0.0243350311262 0.183499288762 0.721873 14.6515580737
0.0245190494153 0.184921763869 0.721868 14.6515580737
0.0244269071778 0.184921763869 0.720217 14.7082152975
0.0246101822281 0.186344238976 0.719992 14.7082152975
0.0243313521545 0.186344238976 0.711935 14.88101983
0.0243268337976 0.186344238976 0.71153 14.8838526912
0.0239970690603 0.186344238976 0.703603 15.0934844193
0.0241758241758 0.187766714083 0.703575 15.0934844193
0.0238914027149 0.187766714083 0.697594 15.2776203966
0.0238870792617 0.187766714083 0.69757 15.2804532578
0.0238784370478 0.187766714083 0.697409 15.2861189802
0.0238741182854 0.187766714083 0.697347 15.2889518414
0.0237452779277 0.187766714083 0.69408 15.3739376771
0.0237410071942 0.187766714083 0.69407 15.3767705382
0.0236432025793 0.187766714083 0.691313 15.4419263456
0.0238180515759 0.189189189189 0.691293 15.4419263456
0.0236570615439 0.189189189189 0.686852 15.5495750708
0.0236528543482 0.189189189189 0.68675 15.552407932
0.0235732009926 0.189189189189 0.684565 15.6062322946
0.023569023569 0.189189189189 0.684446 15.6090651558
0.0234196161296 0.189189189189 0.680088 15.7110481586
0.0234154929577 0.189189189189 0.680017 15.7138810198
0.0233948988566 0.189189189189 0.679607 15.7280453258
0.0233907843827 0.189189189189 0.679588 15.730878187
0.023345620502 0.189189189189 0.676924 15.7620396601
0.0233415233415 0.189189189189 0.676807 15.7648725212
0.0233128834356 0.189189189189 0.675892 15.7847025496
0.0233087977567 0.189189189189 0.675871 15.7875354108
0.0232802380536 0.189189189189 0.67513 15.8073654391
0.0232761638082 0.189189189189 0.675036 15.8101983003
0.0230862697448 0.189189189189 0.667872 15.9433427762
0.0230822631031 0.189189189189 0.667819 15.9461756374
0.022793487575 0.189189189189 0.659204 16.1529745042
0.0229609321453 0.190611664296 0.659202 16.1529745042
0.0229530661185 0.190611664296 0.658847 16.1586402266
0.0229491351259 0.190611664296 0.658719 16.1614730878
0.0229098991281 0.190611664296 0.657196 16.1898016997
0.022905982906 0.190611664296 0.657013 16.1926345609
0.0228825136612 0.190611664296 0.656657 16.209631728
0.0230493426669 0.192034139403 0.656242 16.209631728
0.0229007633588 0.192034139403 0.650733 16.3172804533
0.0230664857531 0.193456614509 0.650654 16.3172804533
0.0229807367354 0.193456614509 0.64923 16.3796033994
0.0229768541983 0.193456614509 0.649214 16.3824362606
0.0229768541983 0.193456614509 0.649214 16.3824362606
0.022972972973 0.193456614509 0.649188 16.3852691218
0.0229303658742 0.193456614509 0.648382 16.4164305949
0.0229265003372 0.193456614509 0.648254 16.4192634561
0.0229265003372 0.193456614509 0.648254 16.4192634561
0.0229226361032 0.193456614509 0.648127 16.4220963173
0.0228302836998 0.193456614509 0.643331 16.4900849858
0.0228264518295 0.193456614509 0.643284 16.492917847
0.0227882037534 0.193456614509 0.641785 16.5212464589
0.0227843859943 0.193456614509 0.641658 16.5240793201
0.0226364846871 0.193456614509 0.637142 16.6345609065
0.0227991346314 0.194879089616 0.63696 16.6345609065
0.0223965996403 0.194879089616 0.624287 16.940509915
0.0223929388689 0.194879089616 0.624206 16.9433427762
0.022389279294 0.194879089616 0.624163 16.9461756374
0.022385620915 0.194879089616 0.624097 16.9490084986
0.0222150154046 0.194879089616 0.618953 17.0821529745
0.0222114137484 0.194879089616 0.618724 17.0849858357
0.0222114137484 0.194879089616 0.618724 17.0849858357
0.0222078132598 0.194879089616 0.618629 17.0878186969
0.0220932107725 0.194879089616 0.615071 17.178470255
0.0220896485005 0.194879089616 0.614854 17.1813031161
0.0216840772396 0.194879089616 0.597595 17.5099150142
0.0218388985599 0.196301564723 0.597593 17.5099150142
0.021643663739 0.196301564723 0.589374 17.671388102
0.0216402697193 0.196301564723 0.589311 17.6742209632
0.0215827338129 0.196301564723 0.586309 17.7223796034
0.0215793588741 0.196301564723 0.586245 17.7252124646
0.0215221459763 0.196301564723 0.583526 17.7733711048
0.0215187899579 0.196301564723 0.583498 17.776203966
0.0214986758062 0.196301564723 0.583111 17.7932011331
0.0216510903427 0.197724039829 0.582646 17.7932011331
0.0216409777363 0.197724039829 0.582369 17.8016997167
0.0217932752179 0.199146514936 0.582313 17.8016997167
0.0217391304348 0.199146514936 0.57957 17.8470254958
0.0217357553175 0.199146514936 0.579408 17.8498583569
0.021718895439 0.199146514936 0.578177 17.8640226629
0.0217155266015 0.199146514936 0.577846 17.8668555241
0.0215020734142 0.199146514936 0.570175 18.0481586402
0.0214987714988 0.199146514936 0.569638 18.0509915014
0.0214658080343 0.199146514936 0.568093 18.0793201133
0.0214625172467 0.199146514936 0.568053 18.0821529745
0.0214132762313 0.199146514936 0.565563 18.1246458924
0.0215629301116 0.200568990043 0.565466 18.1246458924
0.0214873514173 0.200568990043 0.562078 18.1898016997
0.0216364467469 0.201991465149 0.562032 18.1898016997
0.0213694507148 0.201991465149 0.551732 18.4220963173
0.0213662353295 0.201991465149 0.55169 18.4249291785
0.0212638514525 0.201991465149 0.54661 18.5155807365
0.0212606677646 0.201991465149 0.54654 18.5184135977
0.0212606677646 0.201991465149 0.54654 18.5184135977
0.0212574850299 0.201991465149 0.546535 18.5212464589
0.0211372432272 0.201991465149 0.540995 18.6288951841
0.0211340973359 0.201991465149 0.540796 18.6317280453
0.0209872893881 0.201991465149 0.534055 18.7648725212
0.020984187971 0.201991465149 0.533859 18.7677053824
0.0208884966167 0.201991465149 0.528553 18.8555240793
0.0208854243271 0.201991465149 0.52829 18.8583569405
0.0204610951009 0.201991465149 0.508387 19.2577903683
0.020458147241 0.201991465149 0.508382 19.2606232295
0.0203847258111 0.201991465149 0.503736 19.3314447592
0.0205253337161 0.203413940256 0.503502 19.3314447592
0.0204081632653 0.203413940256 0.498864 19.4447592068
0.0204052511416 0.203413940256 0.498644 19.447592068
0.0202520889392 0.203413940256 0.490983 19.597733711
0.0202492211838 0.203413940256 0.490809 19.6005665722
0.0201012088839 0.203413940256 0.482592 19.7478753541
0.0200983836964 0.203413940256 0.48257 19.7507082153
0.0200561009818 0.203413940256 0.480169 19.7932011331
0.0201935212453 0.204836415363 0.480168 19.7932011331
0.0201850294365 0.204836415363 0.479627 19.8016997167
0.0201822004205 0.204836415363 0.479534 19.8045325779
0.0195971692978 0.204836415363 0.444421 20.4079320113
0.0195945026534 0.204836415363 0.444331 20.4107648725
0.0195545898968 0.204836415363 0.442693 20.4532577904
0.0196877121521 0.206258890469 0.442633 20.4532577904
0.0196423733406 0.206258890469 0.440137 20.5014164306
0.0196397128539 0.206258890469 0.440104 20.5042492918
0.0195102260495 0.206258890469 0.43102 20.6430594901
0.0196421364187 0.207681365576 0.430876 20.6430594901
0.0195789191364 0.207681365576 0.427717 20.7110481586
0.0195762939126 0.207681365576 0.427446 20.7138810198
0.0194200585262 0.207681365576 0.418994 20.8838526912
0.0194174757282 0.207681365576 0.418983 20.8866855524
0.019378816034 0.207681365576 0.417195 20.9291784703
0.0193762441938 0.207681365576 0.417137 20.9320113314
0.0193582604084 0.207681365576 0.416272 20.9518413598
0.0193556940209 0.207681365576 0.415936 20.954674221
0.0192612137203 0.207681365576 0.409731 21.059490085
0.0192586729983 0.207681365576 0.409402 21.0623229462
0.0191299790356 0.207681365576 0.40302 21.2067988669
0.0191274728154 0.207681365576 0.402694 21.209631728
0.0189758253184 0.207681365576 0.393229 21.3824362606
0.0189733593242 0.207681365576 0.393167 21.3852691218
0.0187998969869 0.207681365576 0.382926 21.5864022663
0.0187974765032 0.207681365576 0.382877 21.5892351275
0.0186224489796 0.207681365576 0.372488 21.7960339943
0.0187476087234 0.209103840683 0.372276 21.7960339943
0.0186619271296 0.209103840683 0.367086 21.8980169972
0.0186595582635 0.209103840683 0.367077 21.9008498584
0.0186477229481 0.209103840683 0.366009 21.9150141643
0.0186453576865 0.209103840683 0.365949 21.9178470255
0.018384192096 0.209103840683 0.351191 22.2351274788
0.01838189321 0.209103840683 0.351158 22.2379603399
0.0182336889109 0.209103840683 0.339128 22.4220963173
0.0183554508248 0.210526315789 0.338939 22.4220963173
0.0183304433986 0.210526315789 0.337311 22.4532577904
0.0183281733746 0.210526315789 0.337166 22.4560906516
0.0181305892442 0.210526315789 0.322402 22.7053824363
0.0181283684468 0.210526315789 0.321935 22.7082152975
0.0178916827853 0.210526315789 0.30429 23.0141643059
0.0178895201257 0.210526315789 0.303997 23.0169971671
0.0178679222504 0.210526315789 0.302907 23.045325779
0.0179864799614 0.211948790896 0.302284 23.045325779
0.0178336325554 0.211948790896 0.291984 23.2464589235
0.0178314983246 0.211948790896 0.291921 23.2492917847
0.0177825516171 0.211948790896 0.287934 23.3144475921
0.0178997613365 0.213371266003 0.287584 23.3144475921
0.0176991150442 0.213371266003 0.272067 23.5835694051
0.0176970268995 0.213371266003 0.271788 23.5864022663
0.0176699257863 0.213371266003 0.269203 23.6232294618
0.017667844523 0.213371266003 0.268965 23.6260623229
0.0174804801305 0.213371266003 0.253885 23.8838526912
0.0174784432533 0.213371266003 0.253809 23.8866855524
0.0174317257408 0.213371266003 0.250357 23.9518413598
0.0174297002092 0.213371266003 0.250043 23.954674221
0.0173631207316 0.213371266003 0.244736 24.0481586402
0.0173611111111 0.213371266003 0.244681 24.0509915014
0.0173591019558 0.213371266003 0.244652 24.0538243626
0.0173570932654 0.213371266003 0.244632 24.0566572238
0.017353077279 0.213371266003 0.244208 24.0623229462
0.0173510699826 0.213371266003 0.243958 24.0651558074
0.0171742615068 0.213371266003 0.228456 24.3172804533
0.0171722953635 0.213371266003 0.228349 24.3201133144
0.0170745589072 0.213371266003 0.217129 24.4617563739
0.0170726155247 0.213371266003 0.217035 24.4645892351
0.0169491525424 0.213371266003 0.200475 24.6458923513
0.0169472376003 0.213371266003 0.200121 24.6487252125
