1.0 0.0 inf 0.0
1.0 0.00142247510669 0.999859 0.0
1.0 0.00142247510669 0.999859 0.0
1.0 0.00284495021337 0.999792 0.0
1.0 0.00284495021337 0.999792 0.0
1.0 0.00426742532006 0.999756 0.0
0.75 0.00426742532006 0.999711 0.0028328611898
0.8 0.00568990042674 0.999658 0.0028328611898
0.571428571429 0.00568990042674 0.999429 0.00849858356941
0.5 0.00568990042674 0.999401 0.0113314447592
0.2 0.00568990042674 0.998997 0.0453257790368
0.238095238095 0.00711237553343 0.998983 0.0453257790368
0.217391304348 0.00711237553343 0.998908 0.0509915014164
0.25 0.00853485064011 0.998871 0.0509915014164
0.214285714286 0.00853485064011 0.998813 0.0623229461756
0.241379310345 0.0099573257468 0.998809 0.0623229461756
0.21875 0.0099573257468 0.998746 0.070821529745
0.242424242424 0.0113798008535 0.998741 0.070821529745
0.242424242424 0.0113798008535 0.998741 0.070821529745
0.264705882353 0.0128022759602 0.998709 0.070821529745
0.264705882353 0.0128022759602 0.998709 0.070821529745
0.285714285714 0.0142247510669 0.998669 0.070821529745
0.27027027027 0.0142247510669 0.998612 0.0764872521246
0.289473684211 0.0156472261735 0.998589 0.0764872521246
0.203703703704 0.0156472261735 0.998218 0.121813031161
0.218181818182 0.0170697012802 0.998202 0.121813031161
0.173913043478 0.0170697012802 0.997749 0.161473087819
0.185714285714 0.0184921763869 0.997715 0.161473087819
0.183098591549 0.0184921763869 0.997701 0.164305949008
0.194444444444 0.0199146514936 0.997676 0.164305949008
0.191780821918 0.0199146514936 0.99765 0.167138810198
0.202702702703 0.0213371266003 0.997645 0.167138810198
0.197368421053 0.0213371266003 0.997616 0.172804532578
0.194805194805 0.0213371266003 0.997605 0.175637393768
0.192307692308 0.0213371266003 0.997574 0.178470254958
0.20253164557 0.022759601707 0.997548 0.178470254958
0.197530864198 0.022759601707 0.997482 0.184135977337
0.207317073171 0.0241820768137 0.997479 0.184135977337
0.154545454545 0.0241820768137 0.996961 0.263456090652
0.162162162162 0.0256045519203 0.99696 0.263456090652
0.141732283465 0.0256045519203 0.996566 0.308781869688
0.1484375 0.027027027027 0.996513 0.308781869688
0.1484375 0.027027027027 0.996513 0.308781869688
0.15503875969 0.0284495021337 0.996455 0.308781869688
0.142857142857 0.0284495021337 0.996267 0.339943342776
0.141843971631 0.0284495021337 0.996258 0.342776203966
0.141843971631 0.0284495021337 0.996258 0.342776203966
0.140845070423 0.0284495021337 0.996256 0.345609065156
0.133333333333 0.0284495021337 0.996163 0.368271954674
0.132450331126 0.0284495021337 0.996133 0.371104815864
0.120481927711 0.0284495021337 0.995735 0.413597733711
0.125748502994 0.0298719772404 0.995734 0.413597733711
0.125 0.0298719772404 0.995727 0.416430594901
0.12426035503 0.0298719772404 0.995709 0.419263456091
0.116022099448 0.0298719772404 0.995626 0.453257790368
0.120879120879 0.0312944523471 0.99557 0.453257790368
0.120218579235 0.0312944523471 0.995546 0.456090651558
0.119565217391 0.0312944523471 0.995514 0.458923512748
0.117647058824 0.0312944523471 0.995429 0.467422096317
0.117021276596 0.0312944523471 0.995429 0.470254957507
0.116402116402 0.0312944523471 0.995425 0.473087818697
0.115789473684 0.0312944523471 0.995369 0.475920679887
0.113402061856 0.0312944523471 0.995269 0.487252124646
0.117948717949 0.0327169274538 0.995233 0.487252124646
0.117948717949 0.0327169274538 0.995233 0.487252124646
0.117346938776 0.0327169274538 0.995227 0.490084985836
0.116751269036 0.0327169274538 0.995199 0.492917847025
0.121212121212 0.0341394025605 0.995082 0.492917847025
0.118226600985 0.0341394025605 0.995007 0.507082152975
0.122549019608 0.0355618776671 0.994961 0.507082152975
0.120192307692 0.0355618776671 0.994869 0.518413597734
0.11961722488 0.0355618776671 0.994857 0.521246458924
0.115207373272 0.0355618776671 0.994787 0.543909348442
0.119266055046 0.0369843527738 0.994771 0.543909348442
0.116071428571 0.0369843527738 0.994561 0.560906515581
0.12 0.0384068278805 0.994537 0.560906515581
0.112970711297 0.0384068278805 0.994154 0.600566572238
0.116666666667 0.0398293029872 0.99415 0.600566572238
0.114754098361 0.0398293029872 0.994087 0.611898016997
0.114285714286 0.0398293029872 0.994074 0.614730878187
0.114285714286 0.0398293029872 0.994074 0.614730878187
0.113821138211 0.0398293029872 0.994051 0.617563739377
0.113821138211 0.0398293029872 0.994051 0.617563739377
0.117408906883 0.0412517780939 0.994033 0.617563739377
0.111969111969 0.0412517780939 0.993701 0.651558073654
0.115384615385 0.0426742532006 0.993691 0.651558073654
0.109090909091 0.0426742532006 0.993332 0.694050991501
0.11231884058 0.0440967283073 0.993331 0.694050991501
0.105442176871 0.0440967283073 0.992927 0.745042492918
0.108474576271 0.0455192034139 0.992903 0.745042492918
0.107023411371 0.0455192034139 0.992705 0.756373937677
0.11 0.0469416785206 0.992687 0.756373937677
0.108910891089 0.0469416785206 0.992588 0.764872521246
0.111842105263 0.0483641536273 0.992581 0.764872521246
0.111111111111 0.0483641536273 0.992524 0.770538243626
0.110749185668 0.0483641536273 0.992522 0.773371104816
0.11038961039 0.0483641536273 0.992477 0.776203966006
0.113268608414 0.049786628734 0.992447 0.776203966006
0.10736196319 0.049786628734 0.992172 0.824362606232
0.107033639144 0.049786628734 0.992164 0.827195467422
0.105740181269 0.049786628734 0.992045 0.838526912181
0.105421686747 0.049786628734 0.992035 0.841359773371
0.105421686747 0.049786628734 0.992035 0.841359773371
0.105105105105 0.049786628734 0.992025 0.844192634561
0.0977653631285 0.049786628734 0.991497 0.915014164306
0.100278551532 0.0512091038407 0.991473 0.915014164306
0.100278551532 0.0512091038407 0.991473 0.915014164306
0.102777777778 0.0526315789474 0.991407 0.915014164306
0.100543478261 0.0526315789474 0.991089 0.937677053824
0.10298102981 0.0540540540541 0.991051 0.937677053824
0.0966921119593 0.0540540540541 0.990193 1.00566572238
0.0989847715736 0.0554765291607 0.99019 1.00566572238
0.0987341772152 0.0554765291607 0.990102 1.00849858357
0.10101010101 0.0568990042674 0.990099 1.00849858357
0.0992555831266 0.0568990042674 0.989979 1.0283286119
0.0990099009901 0.0568990042674 0.989955 1.03116147309
0.0987654320988 0.0568990042674 0.989936 1.03399433428
0.0985221674877 0.0568990042674 0.989933 1.03682719547
0.0982800982801 0.0568990042674 0.989909 1.03966005666
0.0980392156863 0.0568990042674 0.989775 1.04249291785
0.0980392156863 0.0568990042674 0.989775 1.04249291785
0.100244498778 0.0583214793741 0.989765 1.04249291785
0.0980861244019 0.0583214793741 0.989419 1.06798866856
0.100238663484 0.0597439544808 0.989403 1.06798866856
0.0981308411215 0.0597439544808 0.989242 1.09348441926
0.0979020979021 0.0597439544808 0.989179 1.09631728045
0.0979020979021 0.0597439544808 0.989179 1.09631728045
0.0976744186047 0.0597439544808 0.989178 1.09915014164
0.0965517241379 0.0597439544808 0.988971 1.11331444759
0.098623853211 0.0611664295875 0.988883 1.11331444759
0.0977272727273 0.0611664295875 0.988843 1.12464589235
0.0975056689342 0.0611664295875 0.988827 1.12747875354
0.0947136563877 0.0611664295875 0.988416 1.16430594901
0.0945054945055 0.0611664295875 0.988407 1.1671388102
0.0945054945055 0.0611664295875 0.988407 1.1671388102
0.0964912280702 0.0625889046942 0.988373 1.1671388102
0.0960698689956 0.0625889046942 0.988331 1.17280453258
0.0958605664488 0.0625889046942 0.988315 1.17563739377
0.0944206008584 0.0625889046942 0.988218 1.1954674221
0.0942184154176 0.0625889046942 0.988206 1.19830028329
0.0899795501022 0.0625889046942 0.987613 1.26062322946
0.0918367346939 0.0640113798009 0.987566 1.26062322946
0.0894632206759 0.0640113798009 0.987203 1.29745042493
0.0892857142857 0.0640113798009 0.9872 1.30028328612
0.0892857142857 0.0640113798009 0.9872 1.30028328612
0.0910891089109 0.0654338549075 0.98709 1.30028328612
0.0864661654135 0.0654338549075 0.986312 1.37677053824
0.0863039399625 0.0654338549075 0.986278 1.37960339943
0.0859813084112 0.0654338549075 0.986163 1.38526912181
0.0876865671642 0.0668563300142 0.986157 1.38526912181
0.0875232774674 0.0668563300142 0.986156 1.388101983
0.089219330855 0.0682788051209 0.986143 1.388101983
0.0890538033395 0.0682788051209 0.986132 1.39093484419
0.0888888888889 0.0682788051209 0.986098 1.39376770538
0.0883977900552 0.0682788051209 0.98594 1.40226628895
0.0882352941176 0.0682788051209 0.98589 1.40509915014
0.0880733944954 0.0682788051209 0.985876 1.40793201133
0.0897435897436 0.0697012802276 0.985805 1.40793201133
0.0889292196007 0.0697012802276 0.985662 1.42209631728
0.088768115942 0.0697012802276 0.98566 1.42492917847
0.088768115942 0.0697012802276 0.98566 1.42492917847
0.0886075949367 0.0697012802276 0.985642 1.42776203966
0.0886075949367 0.0697012802276 0.985642 1.42776203966
0.0884476534296 0.0697012802276 0.985632 1.43059490085
0.0881294964029 0.0697012802276 0.985572 1.43626062323
0.0879712746858 0.0697012802276 0.985542 1.43909348442
0.0812603648425 0.0697012802276 0.983562 1.56940509915
0.0827814569536 0.0711237553343 0.983473 1.56940509915
0.0822368421053 0.0711237553343 0.983398 1.58073654391
0.0837438423645 0.072546230441 0.98334 1.58073654391
0.0834697217676 0.072546230441 0.983223 1.58640226629
0.0849673202614 0.0739687055477 0.983209 1.58640226629
0.0845528455285 0.0739687055477 0.983084 1.59490084986
0.086038961039 0.0753911806543 0.983029 1.59490084986
0.0854838709677 0.0753911806543 0.982789 1.60623229462
0.085346215781 0.0753911806543 0.982768 1.60906515581
0.0834645669291 0.0753911806543 0.982126 1.64872521246
0.0849056603774 0.076813655761 0.982115 1.64872521246
0.0830769230769 0.076813655761 0.981524 1.68838526912
0.0829493087558 0.076813655761 0.981524 1.69121813031
0.0790629575403 0.076813655761 0.980167 1.78186968839
0.0789473684211 0.076813655761 0.980154 1.78470254958
0.0783744557329 0.076813655761 0.979944 1.79886685552
0.0797101449275 0.0782361308677 0.97992 1.79886685552
0.0787965616046 0.0782361308677 0.979373 1.82152974504
0.0786838340486 0.0782361308677 0.979332 1.82436260623
0.0777934936351 0.0782361308677 0.978785 1.84702549575
0.0776836158192 0.0782361308677 0.978667 1.84985835694
0.0747282608696 0.0782361308677 0.97685 1.92917847025
0.0759837177748 0.0796586059744 0.976498 1.92917847025
0.0746666666667 0.0796586059744 0.975803 1.96600566572
0.0745672436751 0.0796586059744 0.97578 1.96883852691
0.0737812911726 0.0796586059744 0.975326 1.99150141643
0.075 0.0810810810811 0.975257 1.99150141643
0.0739299610895 0.0810810810811 0.974647 2.02266288952
0.0751295336788 0.0825035561878 0.974556 2.02266288952
0.0751295336788 0.0825035561878 0.974556 2.02266288952
0.0750323415265 0.0825035561878 0.974487 2.02549575071
0.0749354005168 0.0825035561878 0.974478 2.0283286119
0.0761290322581 0.0839260312945 0.974378 2.0283286119
0.0758354755784 0.0839260312945 0.974328 2.03682719547
0.0770218228498 0.0853485064011 0.974303 2.03682719547
0.0712589073634 0.0853485064011 0.969843 2.21529745042
0.0711743772242 0.0853485064011 0.969815 2.21813031161
0.069848661234 0.0853485064011 0.969293 2.26345609065
0.0697674418605 0.0853485064011 0.969243 2.26628895184
0.0691244239631 0.0853485064011 0.968986 2.28895184136
0.0690448791715 0.0853485064011 0.968983 2.29178470255
0.0689655172414 0.0853485064011 0.968838 2.29461756374
0.0688863375431 0.0853485064011 0.968835 2.29745042493
0.0688863375431 0.0853485064011 0.968835 2.29745042493
0.0699541284404 0.0867709815078 0.968643 2.29745042493
0.0696347031963 0.0867709815078 0.968379 2.30878186969
0.0706955530217 0.0881934566145 0.968361 2.30878186969
0.0696629213483 0.0881934566145 0.967143 2.34560906516
0.0695847362514 0.0881934566145 0.967132 2.34844192635
0.0688124306326 0.0881934566145 0.966353 2.37677053824
0.069844789357 0.0896159317212 0.966127 2.37677053824
0.0684039087948 0.0896159317212 0.964825 2.43059490085
0.0683297180043 0.0896159317212 0.964789 2.43342776204
0.0673076923077 0.0896159317212 0.963246 2.4730878187
0.0672358591249 0.0896159317212 0.963219 2.47592067989
0.0667372881356 0.0896159317212 0.962564 2.49575070822
0.0666666666667 0.0896159317212 0.962424 2.49858356941
0.0664556962025 0.0896159317212 0.962364 2.50708215297
0.0663856691254 0.0896159317212 0.962351 2.50991501416
0.0660377358491 0.0896159317212 0.962065 2.52407932011
0.0659685863874 0.0896159317212 0.962042 2.5269121813
0.0657620041754 0.0896159317212 0.961795 2.53541076487
0.0656934306569 0.0896159317212 0.961517 2.53824362606
0.0654885654886 0.0896159317212 0.961195 2.54674220963
0.0654205607477 0.0896159317212 0.96113 2.54957507082
0.0648815653965 0.0896159317212 0.96015 2.57223796034
0.0648148148148 0.0896159317212 0.960022 2.57507082153
0.0588785046729 0.0896159317212 0.952059 2.85269121813
0.0588235294118 0.0896159317212 0.952032 2.85552407932
0.0587138863001 0.0896159317212 0.951765 2.8611898017
0.0595903165736 0.0910384068279 0.95116 2.8611898017
0.0594795539033 0.0910384068279 0.950767 2.86685552408
0.0594243268338 0.0910384068279 0.950346 2.86968838527
0.0585544373285 0.0910384068279 0.948388 2.91501416431
0.0594149908592 0.0924608819346 0.948328 2.91501416431
0.0593065693431 0.0924608819346 0.947806 2.92067988669
0.0601640838651 0.0938833570413 0.947783 2.92067988669
0.0601640838651 0.0938833570413 0.947783 2.92067988669
0.0610200364299 0.0953058321479 0.947744 2.92067988669
0.0610200364299 0.0953058321479 0.947744 2.92067988669
0.0618744313012 0.0967283072546 0.947651 2.92067988669
0.0616500453309 0.0967283072546 0.94739 2.93201133144
0.0625 0.0981507823613 0.947339 2.93201133144
0.0625 0.0981507823613 0.947339 2.93201133144
0.062443438914 0.0981507823613 0.947324 2.93484419263
0.062443438914 0.0981507823613 0.947324 2.93484419263
0.0623869801085 0.0981507823613 0.947149 2.93767705382
0.0610619469027 0.0981507823613 0.944433 3.00566572238
0.0618921308576 0.099573257468 0.944396 3.00566572238
0.0617283950617 0.099573257468 0.944182 3.01416430595
0.0616740088106 0.099573257468 0.944125 3.01699716714
0.0606060606061 0.099573257468 0.941939 3.07365439093
0.0614186851211 0.100995732575 0.941932 3.07365439093
0.0614186851211 0.100995732575 0.941932 3.07365439093
0.0613656006914 0.100995732575 0.941815 3.07648725212
0.0605802047782 0.100995732575 0.940719 3.11898016997
0.0605285592498 0.100995732575 0.94067 3.12181303116
0.0604770017036 0.100995732575 0.940421 3.12464589235
0.0612765957447 0.102418207681 0.94031 3.12464589235
0.0610169491525 0.102418207681 0.940087 3.1388101983
0.0609652836579 0.102418207681 0.94001 3.14164305949
0.0604026845638 0.102418207681 0.938392 3.17280453258
0.0603520536463 0.102418207681 0.938247 3.17563739377
0.0603520536463 0.102418207681 0.938247 3.17563739377
0.0611390284757 0.103840682788 0.938013 3.17563739377
0.0607826810991 0.103840682788 0.936719 3.1954674221
0.0615640599002 0.105263157895 0.936651 3.1954674221
0.0607054963084 0.105263157895 0.933788 3.24362606232
0.0606557377049 0.105263157895 0.933782 3.24645892351
0.0601137286759 0.105263157895 0.932719 3.2776203966
0.0608766233766 0.106685633001 0.932711 3.2776203966
0.0606305578011 0.106685633001 0.931547 3.29178470255
0.0605815831987 0.106685633001 0.931477 3.29461756374
0.0597609561753 0.106685633001 0.929126 3.34277620397
0.0605095541401 0.108108108108 0.928969 3.34277620397
0.0597014925373 0.108108108108 0.92567 3.39093484419
0.0604395604396 0.109530583215 0.925611 3.39093484419
0.0597362296354 0.109530583215 0.922168 3.43342776204
0.0604651162791 0.110953058321 0.921885 3.43342776204
0.0604182804028 0.110953058321 0.921836 3.43626062323
0.0603715170279 0.110953058321 0.921323 3.43909348442
0.0597243491577 0.110953058321 0.919442 3.47875354108
0.0604437643458 0.112375533428 0.919408 3.47875354108
0.0593093093093 0.112375533428 0.914222 3.54957507082
0.0600150037509 0.113798008535 0.914187 3.54957507082
0.0583941605839 0.113798008535 0.903479 3.65439093484
0.0590809628009 0.115220483642 0.903465 3.65439093484
0.0589949016752 0.115220483642 0.902917 3.66005665722
0.0589519650655 0.115220483642 0.902839 3.66288951841
0.0560165975104 0.115220483642 0.879206 3.86685552408
0.0559778852799 0.115220483642 0.879026 3.86968838527
0.055900621118 0.115220483642 0.878909 3.87535410765
0.0565517241379 0.116642958748 0.878603 3.87535410765
0.0557823129252 0.116642958748 0.872268 3.93201133144
0.0564242012237 0.118065433855 0.872075 3.93201133144
0.0547854785479 0.118065433855 0.85625 4.0566572238
0.0554089709763 0.119487908962 0.855886 4.0566572238
0.0551905387648 0.119487908962 0.852206 4.07365439093
0.0551543007223 0.119487908962 0.851836 4.07648725212
0.0545808966862 0.119487908962 0.846145 4.12181303116
0.0551948051948 0.120910384068 0.845855 4.12181303116
0.0550518134715 0.120910384068 0.844594 4.13314447592
0.0556634304207 0.122332859175 0.844524 4.13314447592
0.0553410553411 0.122332859175 0.841938 4.15864022663
0.0559485530547 0.123755334282 0.841482 4.15864022663
0.0558050032072 0.123755334282 0.840927 4.16997167139
0.0564102564103 0.125177809388 0.840162 4.16997167139
0.056338028169 0.125177809388 0.838956 4.17563739377
0.0569417786308 0.126600284495 0.838878 4.17563739377
0.056293485136 0.126600284495 0.832902 4.22662889518
0.0562579013906 0.126600284495 0.832567 4.22946175637
0.0560453400504 0.126600284495 0.828656 4.24645892351
0.0560100692259 0.126600284495 0.827711 4.2492917847
0.0559396605908 0.126600284495 0.826592 4.25495750708
0.0565326633166 0.128022759602 0.825688 4.25495750708
0.0560398505604 0.128022759602 0.817782 4.29461756374
0.0560049782203 0.128022759602 0.817718 4.29745042493
0.0557275541796 0.128022759602 0.814591 4.32011331445
0.0563118811881 0.129445234708 0.814452 4.32011331445
0.0561381863048 0.129445234708 0.813617 4.3342776204
0.0561035758323 0.129445234708 0.813503 4.33711048159
0.0557256582976 0.129445234708 0.804487 4.36827195467
0.0556915544676 0.129445234708 0.803124 4.37110481586
0.0554539914686 0.129445234708 0.799969 4.39093484419
0.0560292326431 0.130867709815 0.79965 4.39093484419
0.0545670225386 0.130867709815 0.775481 4.51558073654
0.0551274451689 0.132290184922 0.774679 4.51558073654
0.0549970431697 0.132290184922 0.770323 4.5269121813
0.0549645390071 0.132290184922 0.769792 4.52974504249
0.0544815465729 0.132290184922 0.761677 4.57223796034
0.0550351288056 0.133712660028 0.761219 4.57223796034
0.0536836093661 0.133712660028 0.73404 4.6940509915
0.0536529680365 0.133712660028 0.730666 4.69688385269
0.053500284576 0.133712660028 0.727314 4.71104815864
0.0540386803185 0.135135135135 0.727259 4.71104815864
0.0537330316742 0.135135135135 0.720217 4.73937677054
0.0542679479932 0.136557610242 0.719992 4.73937677054
0.0534223706177 0.136557610242 0.703603 4.81869688385
0.0539488320356 0.137980085349 0.703575 4.81869688385
0.0532967032967 0.137980085349 0.691313 4.88101983003
0.0538165842943 0.139402560455 0.691293 4.88101983003
0.0528017241379 0.139402560455 0.667938 4.98016997167
0.0527732902531 0.139402560455 0.667819 4.98300283286
0.0524906266738 0.139402560455 0.659246 5.01133144476
0.0524625267666 0.139402560455 0.658719 5.01416430595
0.0522945570971 0.139402560455 0.656889 5.03116147309
0.0528 0.140825035562 0.656242 5.03116147309
0.0518596123625 0.140825035562 0.638088 5.12747875354
0.0523560209424 0.142247510669 0.63696 5.12747875354
0.050735667174 0.142247510669 0.583119 5.30028328612
0.0512170385396 0.143669985775 0.582646 5.30028328612
0.050626566416 0.143669985775 0.551989 5.36543909348
0.0506012024048 0.143669985775 0.55169 5.36827195467
0.050173869846 0.143669985775 0.535152 5.4164305949
0.0501489572989 0.143669985775 0.533859 5.41926345609
0.0486746987952 0.143669985775 0.431387 5.59206798867
0.0491329479769 0.145092460882 0.430876 5.59206798867
0.0482269503546 0.145092460882 0.238749 5.70254957507
0.0482041587902 0.145092460882 0.237296 5.70538243626
