1.0 0.0 inf 0.0
1.0 0.00142247510669 0.999859 0.0
1.0 0.00142247510669 0.999859 0.0
1.0 0.00284495021337 0.999792 0.0
1.0 0.00284495021337 0.999792 0.0
1.0 0.00426742532006 0.999756 0.0
0.75 0.00426742532006 0.999711 0.0028328611898
0.8 0.00568990042674 0.999658 0.0028328611898
0.571428571429 0.00568990042674 0.999429 0.00849858356941
0.5 0.00568990042674 0.999401 0.0113314447592
0.2 0.00568990042674 0.998997 0.0453257790368
0.238095238095 0.00711237553343 0.998983 0.0453257790368
0.217391304348 0.00711237553343 0.998908 0.0509915014164
0.25 0.00853485064011 0.998871 0.0509915014164
0.214285714286 0.00853485064011 0.998813 0.0623229461756
0.241379310345 0.0099573257468 0.998809 0.0623229461756
0.21875 0.0099573257468 0.998746 0.070821529745
0.242424242424 0.0113798008535 0.998741 0.070821529745
0.242424242424 0.0113798008535 0.998741 0.070821529745
0.264705882353 0.0128022759602 0.998709 0.070821529745
0.264705882353 0.0128022759602 0.998709 0.070821529745
0.285714285714 0.0142247510669 0.998669 0.070821529745
0.27027027027 0.0142247510669 0.998612 0.0764872521246
0.289473684211 0.0156472261735 0.998589 0.0764872521246
0.203703703704 0.0156472261735 0.998218 0.121813031161
0.218181818182 0.0170697012802 0.998202 0.121813031161
0.173913043478 0.0170697012802 0.997749 0.161473087819
0.185714285714 0.0184921763869 0.997715 0.161473087819
0.183098591549 0.0184921763869 0.997701 0.164305949008
0.194444444444 0.0199146514936 0.997676 0.164305949008
0.191780821918 0.0199146514936 0.99765 0.167138810198
0.202702702703 0.0213371266003 0.997645 0.167138810198
0.197368421053 0.0213371266003 0.997616 0.172804532578
0.194805194805 0.0213371266003 0.997605 0.175637393768
0.192307692308 0.0213371266003 0.997574 0.178470254958
0.20253164557 0.022759601707 0.997548 0.178470254958
0.197530864198 0.022759601707 0.997482 0.184135977337
0.207317073171 0.0241820768137 0.997479 0.184135977337
0.154545454545 0.0241820768137 0.996961 0.263456090652
0.162162162162 0.0256045519203 0.99696 0.263456090652
0.141732283465 0.0256045519203 0.996566 0.308781869688
0.1484375 0.027027027027 0.996513 0.308781869688
0.1484375 0.027027027027 0.996513 0.308781869688
0.15503875969 0.0284495021337 0.996455 0.308781869688
0.141843971631 0.0284495021337 0.996267 0.342776203966
0.140845070423 0.0284495021337 0.996258 0.345609065156
0.140845070423 0.0284495021337 0.996258 0.345609065156
0.13986013986 0.0284495021337 0.996256 0.348441926346
0.132450331126 0.0284495021337 0.996163 0.371104815864
0.131578947368 0.0284495021337 0.996133 0.373937677054
0.119047619048 0.0284495021337 0.995735 0.419263456091
0.12426035503 0.0298719772404 0.995734 0.419263456091
0.123529411765 0.0298719772404 0.995727 0.42209631728
0.122807017544 0.0298719772404 0.995709 0.42492917847
0.119318181818 0.0298719772404 0.995687 0.439093484419
0.118644067797 0.0298719772404 0.995683 0.441926345609
0.113513513514 0.0298719772404 0.9956 0.464589235127
0.118279569892 0.0312944523471 0.99557 0.464589235127
0.117647058824 0.0312944523471 0.995546 0.467422096317
0.117021276596 0.0312944523471 0.995514 0.470254957507
0.115183246073 0.0312944523471 0.995429 0.478753541076
0.114583333333 0.0312944523471 0.995429 0.481586402266
0.113989637306 0.0312944523471 0.995425 0.484419263456
0.113402061856 0.0312944523471 0.995369 0.487252124646
0.110552763819 0.0312944523471 0.995249 0.501416430595
0.115 0.0327169274538 0.995233 0.501416430595
0.115 0.0327169274538 0.995233 0.501416430595
0.114427860697 0.0327169274538 0.995227 0.504249291785
0.112745098039 0.0327169274538 0.995165 0.512747875354
0.117073170732 0.0341394025605 0.995082 0.512747875354
0.114285714286 0.0341394025605 0.995007 0.526912181303
0.118483412322 0.0355618776671 0.994961 0.526912181303
0.116279069767 0.0355618776671 0.994869 0.538243626062
0.115740740741 0.0355618776671 0.994857 0.541076487252
0.111111111111 0.0355618776671 0.994787 0.56657223796
0.115044247788 0.0369843527738 0.994771 0.56657223796
0.111111111111 0.0369843527738 0.994561 0.589235127479
0.114893617021 0.0384068278805 0.994537 0.589235127479
0.10843373494 0.0384068278805 0.994154 0.628895184136
0.112 0.0398293029872 0.99415 0.628895184136
0.110236220472 0.0398293029872 0.994087 0.640226628895
0.109803921569 0.0398293029872 0.994074 0.643059490085
0.109803921569 0.0398293029872 0.994074 0.643059490085
0.109375 0.0398293029872 0.994051 0.645892351275
0.109375 0.0398293029872 0.994051 0.645892351275
0.112840466926 0.0412517780939 0.994033 0.645892351275
0.10780669145 0.0412517780939 0.993701 0.679886685552
0.111111111111 0.0426742532006 0.993691 0.679886685552
0.104895104895 0.0426742532006 0.993332 0.725212464589
0.108013937282 0.0440967283073 0.993331 0.725212464589
0.101307189542 0.0440967283073 0.992927 0.779036827195
0.104234527687 0.0455192034139 0.992903 0.779036827195
0.102893890675 0.0455192034139 0.992705 0.790368271955
0.105769230769 0.0469416785206 0.992687 0.790368271955
0.104761904762 0.0469416785206 0.992588 0.798866855524
0.107594936709 0.0483641536273 0.992581 0.798866855524
0.1065830721 0.0483641536273 0.992524 0.807365439093
0.10625 0.0483641536273 0.992522 0.810198300283
0.105590062112 0.0483641536273 0.992477 0.815864022663
0.108359133127 0.049786628734 0.992447 0.815864022663
0.102040816327 0.049786628734 0.992172 0.872521246459
0.101744186047 0.049786628734 0.992164 0.875354107649
0.100286532951 0.049786628734 0.992045 0.889518413598
0.1 0.049786628734 0.992035 0.892351274788
0.1 0.049786628734 0.992035 0.892351274788
0.0997150997151 0.049786628734 0.992025 0.895184135977
0.0925925925926 0.049786628734 0.991497 0.971671388102
0.0949868073879 0.0512091038407 0.991473 0.971671388102
0.0949868073879 0.0512091038407 0.991473 0.971671388102
0.0973684210526 0.0526315789474 0.991407 0.971671388102
0.0951156812339 0.0526315789474 0.991089 0.99716713881
0.0974358974359 0.0540540540541 0.991051 0.99716713881
0.090692124105 0.0540540540541 0.990193 1.07932011331
0.0928571428571 0.0554765291607 0.99019 1.07932011331
0.0924170616114 0.0554765291607 0.990102 1.08498583569
0.0945626477541 0.0568990042674 0.990099 1.08498583569
0.092807424594 0.0568990042674 0.989979 1.10764872521
0.0925925925926 0.0568990042674 0.989955 1.1104815864
0.0923787528868 0.0568990042674 0.989936 1.11331444759
0.0921658986175 0.0568990042674 0.989933 1.11614730878
0.0917431192661 0.0568990042674 0.989789 1.12181303116
0.091533180778 0.0568990042674 0.989775 1.12464589235
0.091533180778 0.0568990042674 0.989775 1.12464589235
0.0936073059361 0.0583214793741 0.989765 1.12464589235
0.0915178571429 0.0583214793741 0.989419 1.15297450425
0.0935412026726 0.0597439544808 0.989403 1.15297450425
0.0915032679739 0.0597439544808 0.989242 1.18130311615
0.0913043478261 0.0597439544808 0.989179 1.18413597734
0.0913043478261 0.0597439544808 0.989179 1.18413597734
0.0911062906725 0.0597439544808 0.989178 1.18696883853
0.089552238806 0.0597439544808 0.9889 1.20963172805
0.0914893617021 0.0611664295875 0.988883 1.20963172805
0.0907172995781 0.0611664295875 0.988843 1.2209631728
0.0905263157895 0.0611664295875 0.988827 1.22379603399
0.0877551020408 0.0611664295875 0.988416 1.26628895184
0.0875763747454 0.0611664295875 0.988407 1.26912181303
0.0875763747454 0.0611664295875 0.988407 1.26912181303
0.0894308943089 0.0625889046942 0.988373 1.26912181303
0.0887096774194 0.0625889046942 0.98833 1.28045325779
0.0885311871227 0.0625889046942 0.988315 1.28328611898
0.0873015873016 0.0625889046942 0.988218 1.30311614731
0.0871287128713 0.0625889046942 0.988206 1.3059490085
0.0827067669173 0.0625889046942 0.987665 1.38243626062
0.0825515947467 0.0625889046942 0.987647 1.38526912181
0.0822429906542 0.0625889046942 0.987613 1.39093484419
0.0839552238806 0.0640113798009 0.987566 1.39093484419
0.0834879406308 0.0640113798009 0.987488 1.39943342776
0.0851851851852 0.0654338549075 0.987484 1.39943342776
0.0840950639854 0.0654338549075 0.987348 1.41926345609
0.0857664233577 0.0668563300142 0.987326 1.41926345609
0.0851449275362 0.0668563300142 0.987203 1.43059490085
0.0849909584087 0.0668563300142 0.9872 1.43342776204
0.0846846846847 0.0668563300142 0.98712 1.43909348442
0.0863309352518 0.0682788051209 0.98709 1.43909348442
0.0813559322034 0.0682788051209 0.986373 1.53541076487
0.0812182741117 0.0682788051209 0.986364 1.53824362606
0.0808080808081 0.0682788051209 0.986312 1.54674220963
0.0806722689076 0.0682788051209 0.986278 1.54957507082
0.0801335559265 0.0682788051209 0.986163 1.56090651558
0.0816666666667 0.0697012802276 0.986157 1.56090651558
0.0813953488372 0.0697012802276 0.986154 1.56657223796
0.0829187396352 0.0711237553343 0.986143 1.56657223796
0.0826446280992 0.0711237553343 0.986132 1.57223796034
0.0825082508251 0.0711237553343 0.986098 1.57507082153
0.0818330605565 0.0711237553343 0.985923 1.58923512748
0.0816993464052 0.0711237553343 0.98589 1.59206798867
0.0814332247557 0.0711237553343 0.985868 1.59773371105
0.0829268292683 0.072546230441 0.985805 1.59773371105
0.0821256038647 0.072546230441 0.985662 1.61473087819
0.0819935691318 0.072546230441 0.98566 1.61756373938
0.0819935691318 0.072546230441 0.98566 1.61756373938
0.0818619582665 0.072546230441 0.985642 1.62039660057
0.0817307692308 0.072546230441 0.985636 1.62322946176
0.0816 0.072546230441 0.985632 1.62606232295
0.0816 0.072546230441 0.985632 1.62606232295
0.0814696485623 0.072546230441 0.98561 1.62889518414
0.0812101910828 0.072546230441 0.985572 1.63456090652
0.0810810810811 0.072546230441 0.985542 1.63739376771
0.0748898678414 0.072546230441 0.983931 1.78470254958
0.074780058651 0.072546230441 0.983925 1.78753541076
0.0744525547445 0.072546230441 0.983876 1.79603399433
0.0743440233236 0.072546230441 0.98381 1.79886685552
0.0727532097004 0.072546230441 0.9835 1.84135977337
0.0740740740741 0.0739687055477 0.983473 1.84135977337
0.0735502121641 0.0739687055477 0.983398 1.85552407932
0.0748587570621 0.0753911806543 0.98334 1.85552407932
0.0744382022472 0.0753911806543 0.983223 1.86685552408
0.0757363253857 0.076813655761 0.983209 1.86685552408
0.0754189944134 0.076813655761 0.983146 1.87535410765
0.0753138075314 0.076813655761 0.983103 1.87818696884
0.0751043115438 0.076813655761 0.983034 1.88385269122
0.0763888888889 0.0782361308677 0.983029 1.88385269122
0.0762829403606 0.0782361308677 0.983018 1.88668555241
0.0775623268698 0.0796586059744 0.983004 1.88668555241
0.0770288858322 0.0796586059744 0.982789 1.90084985836
0.0769230769231 0.0796586059744 0.982768 1.90368271955
0.0759837177748 0.0796586059744 0.982567 1.92917847025
0.0772357723577 0.0810810810811 0.982548 1.92917847025
0.0765100671141 0.0810810810811 0.982292 1.94900849858
0.0764075067024 0.0810810810811 0.982231 1.95184135977
0.0761014686248 0.0810810810811 0.982118 1.96033994334
0.0773333333333 0.0825035561878 0.982115 1.96033994334
0.0762155059133 0.0825035561878 0.981762 1.99150141643
0.0774278215223 0.0839260312945 0.98173 1.99150141643
0.0766233766234 0.0839260312945 0.981524 2.01416430595
0.0765239948119 0.0839260312945 0.981524 2.01699716714
0.0748730964467 0.0839260312945 0.981136 2.06515580737
0.0747782002535 0.0839260312945 0.981113 2.06798866856
0.0744949494949 0.0839260312945 0.981081 2.07648725212
0.0744010088272 0.0839260312945 0.981 2.07932011331
0.0727496917386 0.0839260312945 0.980577 2.13031161473
0.0726600985222 0.0839260312945 0.980538 2.13314447592
0.0721271393643 0.0839260312945 0.980469 2.15014164306
0.0720390720391 0.0839260312945 0.980444 2.15297450425
0.0710843373494 0.0839260312945 0.980165 2.18413597734
0.0709987966306 0.0839260312945 0.980154 2.18696883853
0.0704898446834 0.0839260312945 0.980091 2.20396600567
0.0704057279236 0.0839260312945 0.980018 2.20679886686
0.0702380952381 0.0839260312945 0.979944 2.21246458924
0.0713436385256 0.0853485064011 0.97992 2.21246458924
0.0701754385965 0.0853485064011 0.979373 2.25212464589
0.0700934579439 0.0853485064011 0.979361 2.25495750708
0.0700116686114 0.0853485064011 0.97936 2.25779036827
0.0699300699301 0.0853485064011 0.979332 2.26062322946
0.0697674418605 0.0853485064011 0.979216 2.26628895184
0.0696864111498 0.0853485064011 0.979205 2.26912181303
0.0688863375431 0.0853485064011 0.978785 2.29745042493
0.0699541284404 0.0867709815078 0.978781 2.29745042493
0.0697142857143 0.0867709815078 0.978677 2.3059490085
0.0696347031963 0.0867709815078 0.978667 2.30878186969
0.0690826727067 0.0867709815078 0.978345 2.32861189802
0.0690045248869 0.0867709815078 0.978281 2.33144475921
0.0686164229471 0.0867709815078 0.978181 2.34560906516
0.0685393258427 0.0867709815078 0.978153 2.34844192635
0.0668859649123 0.0867709815078 0.977452 2.41076487252
0.0668127053669 0.0867709815078 0.977437 2.41359773371
0.0650319829424 0.0867709815078 0.976516 2.48441926346
0.0660276890309 0.0881934566145 0.976498 2.48441926346
0.0652631578947 0.0881934566145 0.976333 2.51558073654
0.0651945320715 0.0881934566145 0.976315 2.51841359773
0.0647857889237 0.0881934566145 0.976204 2.53541076487
0.0647181628392 0.0881934566145 0.97619 2.53824362606
0.0643153526971 0.0881934566145 0.975803 2.5552407932
0.0642487046632 0.0881934566145 0.97578 2.55807365439
0.0634595701126 0.0881934566145 0.975451 2.59206798867
0.0644171779141 0.0896159317212 0.975426 2.59206798867
0.0641547861507 0.0896159317212 0.975305 2.60339943343
0.0651068158698 0.0910384068279 0.975257 2.60339943343
0.0645812310797 0.0910384068279 0.975057 2.62606232295
0.0645161290323 0.0910384068279 0.975027 2.62889518414
0.0632411067194 0.0910384068279 0.974577 2.68555240793
0.0641658440276 0.0924608819346 0.974556 2.68555240793
0.0641658440276 0.0924608819346 0.974556 2.68555240793
0.0641025641026 0.0924608819346 0.974487 2.68838526912
0.0639134709931 0.0924608819346 0.974397 2.69688385269
0.0648330058939 0.0938833570413 0.974378 2.69688385269
0.0646425073457 0.0938833570413 0.974328 2.70538243626
0.0655577299413 0.0953058321479 0.974303 2.70538243626
0.0640535372849 0.0953058321479 0.973546 2.77337110482
0.0649474689589 0.0967283072546 0.973512 2.77337110482
0.0639097744361 0.0967283072546 0.972977 2.82152974504
0.0638497652582 0.0967283072546 0.972927 2.82436260623
0.0594405594406 0.0967283072546 0.969843 3.04815864023
0.0593886462882 0.0967283072546 0.969815 3.05099150142
0.0582191780822 0.0967283072546 0.969391 3.11614730878
0.0581693755346 0.0967283072546 0.969376 3.11898016997
0.0578231292517 0.0967283072546 0.969263 3.1388101983
0.0577740016992 0.0967283072546 0.969243 3.14164305949
0.0577249575552 0.0967283072546 0.969239 3.14447592068
0.0576759966073 0.0967283072546 0.969233 3.14730878187
0.0570948782536 0.0967283072546 0.968986 3.18130311615
0.0570469798658 0.0967283072546 0.968983 3.18413597734
0.056856187291 0.0967283072546 0.968838 3.1954674221
0.0568086883876 0.0967283072546 0.968835 3.19830028329
0.0566666666667 0.0967283072546 0.968773 3.20679886686
0.0566194837635 0.0967283072546 0.968661 3.20963172805
0.0566194837635 0.0967283072546 0.968661 3.20963172805
0.0574043261231 0.0981507823613 0.968643 3.20963172805
0.0567901234568 0.0981507823613 0.968379 3.24645892351
0.0575657894737 0.099573257468 0.968361 3.24645892351
0.0573300573301 0.099573257468 0.968255 3.26062322946
0.0572831423895 0.099573257468 0.968205 3.26345609065
0.0569568755085 0.099573257468 0.967917 3.28328611898
0.0577235772358 0.100995732575 0.967909 3.28328611898
0.0574898785425 0.100995732575 0.967731 3.29745042493
0.0574433656958 0.100995732575 0.967676 3.30028328612
0.0572119258662 0.100995732575 0.96746 3.31444759207
0.0571658615137 0.100995732575 0.967394 3.31728045326
0.0569366479551 0.100995732575 0.967143 3.33144475921
0.056891025641 0.100995732575 0.967132 3.3342776204
0.0560378847672 0.100995732575 0.966596 3.388101983
0.0559936908517 0.100995732575 0.96659 3.39093484419
0.0555555555556 0.100995732575 0.966297 3.41926345609
0.0562939796716 0.102418207681 0.966235 3.41926345609
0.05625 0.102418207681 0.966155 3.42209631728
0.0569867291179 0.103840682788 0.966127 3.42209631728
0.055981595092 0.103840682788 0.965508 3.48725212465
0.055938697318 0.103840682788 0.965492 3.49008498584
0.0553449583017 0.103840682788 0.964804 3.52974504249
0.055303030303 0.103840682788 0.964789 3.53257790368
0.0552193645991 0.103840682788 0.964701 3.53824362606
0.0551776266062 0.103840682788 0.964683 3.54107648725
0.0549698795181 0.103840682788 0.96448 3.5552407932
0.0549285176825 0.103840682788 0.964428 3.55807365439
0.0537951363301 0.103840682788 0.963361 3.63739376771
0.0537555228277 0.103840682788 0.963348 3.6402266289
0.0535190615836 0.103840682788 0.963246 3.65722379603
0.0542124542125 0.105263157895 0.963246 3.65722379603
0.0541727672035 0.105263157895 0.963235 3.66005665722
0.054133138259 0.105263157895 0.963219 3.66288951841
0.0532374100719 0.105263157895 0.962426 3.72804532578
0.0531991373113 0.105263157895 0.962424 3.73087818697
0.0530465949821 0.105263157895 0.962361 3.74220963173
0.0530085959885 0.105263157895 0.962351 3.74504249292
0.0527065527066 0.105263157895 0.962054 3.76770538244
0.0526690391459 0.105263157895 0.962042 3.77053824363
0.0522230063514 0.105263157895 0.961532 3.8045325779
0.0521861777151 0.105263157895 0.961517 3.80736543909
0.0517482517483 0.105263157895 0.961195 3.84135977337
0.0517120894479 0.105263157895 0.96113 3.84419263456
0.0508241758242 0.105263157895 0.960101 3.91501416431
0.0507892930679 0.105263157895 0.960022 3.9178470255
0.0505119453925 0.105263157895 0.95978 3.94050991501
0.0504774897681 0.105263157895 0.959759 3.9433427762
0.0501694915254 0.105263157895 0.959569 3.96883852691
0.050135501355 0.105263157895 0.959441 3.9716713881
0.0496977837475 0.105263157895 0.958835 4.00849858357
0.0496644295302 0.105263157895 0.958749 4.01133144476
0.0493333333333 0.105263157895 0.958557 4.03966005666
0.0493004663558 0.105263157895 0.958506 4.04249291785
0.0490066225166 0.105263157895 0.958166 4.06798866856
0.0496360026473 0.106685633001 0.958152 4.06798866856
0.0496031746032 0.106685633001 0.958147 4.07082152975
0.0502313284865 0.108108108108 0.958145 4.07082152975
0.0498360655738 0.108108108108 0.957735 4.10481586402
0.0498034076016 0.108108108108 0.957675 4.10764872521
0.0478890989288 0.108108108108 0.956024 4.28045325779
0.0478589420655 0.108108108108 0.956023 4.28328611898
0.04603270745 0.108108108108 0.95386 4.46175637394
0.046004842615 0.108108108108 0.953841 4.46458923513
0.0447058823529 0.108108108108 0.952058 4.60056657224
0.0446796002352 0.108108108108 0.952032 4.60339943343
0.0445747800587 0.108108108108 0.951969 4.61473087819
0.0445486518171 0.108108108108 0.951919 4.61756373938
0.0443148688047 0.108108108108 0.951467 4.64305949008
0.0448717948718 0.109530583215 0.95116 4.64305949008
0.0448717948718 0.109530583215 0.95116 4.64305949008
0.0448456610367 0.109530583215 0.951084 4.64589235127
0.0445086705202 0.109530583215 0.950511 4.68271954674
0.0444829578278 0.109530583215 0.950346 4.68555240793
0.0442020665901 0.109530583215 0.95002 4.71671388102
0.0441767068273 0.109530583215 0.94996 4.71954674221
0.0433070866142 0.109530583215 0.948388 4.81869688385
0.043844856661 0.110953058321 0.948328 4.81869688385
0.043844856661 0.110953058321 0.948328 4.81869688385
0.0438202247191 0.110953058321 0.948301 4.82152974504
0.0435754189944 0.110953058321 0.947806 4.84985835694
0.0441094360692 0.112375533428 0.947783 4.84985835694
0.0441094360692 0.112375533428 0.947783 4.84985835694
0.0446428571429 0.113798008535 0.947744 4.84985835694
0.0446179587284 0.113798008535 0.947742 4.85269121813
0.0451505016722 0.115220483642 0.947651 4.85269121813
0.044925124792 0.115220483642 0.94739 4.87818696884
0.0454545454545 0.116642958748 0.947339 4.87818696884
0.0454545454545 0.116642958748 0.947339 4.87818696884
0.0459833795014 0.118065433855 0.947325 4.87818696884
0.0459833795014 0.118065433855 0.947325 4.87818696884
0.0459579180509 0.118065433855 0.947324 4.88101983003
0.0458817025981 0.118065433855 0.947208 4.8895184136
0.0458563535912 0.118065433855 0.947149 4.89235127479
0.0457300275482 0.118065433855 0.947034 4.90651558074
0.045704845815 0.118065433855 0.947003 4.90934844193
0.0446716899892 0.118065433855 0.945527 5.0283286119
0.0446476600323 0.118065433855 0.945526 5.03116147309
0.0444087747459 0.118065433855 0.945021 5.05949008499
0.044385026738 0.118065433855 0.944852 5.06232294618
0.0443613041154 0.118065433855 0.94482 5.06515580737
0.0443376068376 0.118065433855 0.944798 5.06798866856
0.0440318302387 0.118065433855 0.944399 5.10481586402
0.0445387062566 0.119487908962 0.944396 5.10481586402
0.0443974630021 0.119487908962 0.944182 5.12181303116
0.0443740095087 0.119487908962 0.944125 5.12464589235
0.0429228410833 0.119487908962 0.941939 5.3059490085
0.0434116445352 0.120910384068 0.941932 5.3059490085
0.0433673469388 0.120910384068 0.94184 5.31161473088
0.0433452320245 0.120910384068 0.941815 5.31444759207
0.0432569974555 0.120910384068 0.941544 5.32577903683
0.0432349949135 0.120910384068 0.941529 5.32861189802
0.0428211586902 0.120910384068 0.940956 5.38243626062
0.0427995971803 0.120910384068 0.94088 5.38526912181
0.0426492724536 0.120910384068 0.940714 5.40509915014
0.042627883651 0.120910384068 0.94067 5.40793201133
0.0424787606197 0.120910384068 0.940322 5.42776203966
0.042957042957 0.122332859175 0.94031 5.42776203966
0.042828685259 0.122332859175 0.940202 5.4447592068
0.0428073668492 0.122332859175 0.940202 5.44759206799
0.042764793635 0.122332859175 0.940115 5.45325779037
0.04324055666 0.123755334282 0.940089 5.45325779037
0.043219076006 0.123755334282 0.940087 5.45609065156
0.0431976166832 0.123755334282 0.940061 5.45892351275
0.0431976166832 0.123755334282 0.940061 5.45892351275
0.04317617866 0.123755334282 0.94001 5.46175637394
0.0422740524781 0.123755334282 0.938278 5.5835694051
0.0422535211268 0.123755334282 0.938247 5.58640226629
0.0421715947649 0.123755334282 0.938018 5.59773371105
0.0426356589147 0.125177809388 0.938013 5.59773371105
0.042206235012 0.125177809388 0.937525 5.65722379603
0.0421860019175 0.125177809388 0.937415 5.66005665722
0.041825095057 0.125177809388 0.936719 5.71104815864
0.0422802850356 0.126600284495 0.936651 5.71104815864
0.0420406235239 0.126600284495 0.936271 5.74504249292
0.0420207743154 0.126600284495 0.936103 5.74787535411
0.0414146114472 0.126600284495 0.934855 5.83569405099
0.0413953488372 0.126600284495 0.934686 5.83852691218
0.0408631772268 0.126600284495 0.933788 5.9178470255
0.0408444240477 0.126600284495 0.933782 5.92067988669
0.0407882676444 0.126600284495 0.933683 5.92917847025
0.0407695831425 0.126600284495 0.93366 5.93201133144
0.0403262347077 0.126600284495 0.932719 6.0
0.0407608695652 0.128022759602 0.932711 6.0
0.0404131118096 0.128022759602 0.931656 6.05382436261
0.04039497307 0.128022759602 0.93162 6.0566572238
0.0403406544151 0.128022759602 0.931516 6.06515580737
0.0403225806452 0.128022759602 0.931477 6.06798866856
0.0392156862745 0.128022759602 0.929314 6.24645892351
0.0391986062718 0.128022759602 0.929259 6.2492917847
0.0390455531453 0.128022759602 0.929062 6.27478753541
0.0390286209887 0.128022759602 0.92899 6.2776203966
0.0390286209887 0.128022759602 0.92899 6.2776203966
0.0394451668834 0.129445234708 0.928969 6.2776203966
0.0393088552916 0.129445234708 0.928387 6.30028328612
0.0392918825561 0.129445234708 0.928287 6.30311614731
0.0389055151774 0.129445234708 0.927039 6.36827195467
0.0388888888889 0.129445234708 0.92696 6.37110481586
0.0386576040782 0.129445234708 0.926417 6.41076487252
0.0386411889597 0.129445234708 0.926406 6.41359773371
0.0384452893959 0.129445234708 0.926037 6.44759206799
0.0384290540541 0.129445234708 0.926012 6.45042492918
0.0383804301982 0.129445234708 0.925781 6.45892351275
0.0383642495784 0.129445234708 0.925756 6.46175637394
0.0383642495784 0.129445234708 0.925756 6.46175637394
0.0383480825959 0.129445234708 0.925741 6.46458923513
0.0382835506942 0.129445234708 0.92567 6.47592067989
0.0386879730866 0.130867709815 0.925611 6.47592067989
0.0385259631491 0.130867709815 0.924988 6.50424929178
0.0385098367518 0.130867709815 0.924949 6.50708215297
0.037674037674 0.130867709815 0.922094 6.65722379603
0.0380679492427 0.132290184922 0.921885 6.65722379603
0.0379436964504 0.132290184922 0.921495 6.67988668555
0.0379282218597 0.132290184922 0.921323 6.68271954674
0.0374396135266 0.132290184922 0.919969 6.77337110482
0.0374245472837 0.132290184922 0.919943 6.77620396601
0.0372446936324 0.132290184922 0.919421 6.81019830028
0.0376301040833 0.133712660028 0.919408 6.81019830028
0.0373015873016 0.133712660028 0.918017 6.87252124646
0.037286790956 0.133712660028 0.917975 6.87535410765
0.0369061641146 0.133712660028 0.916984 6.94900849858
0.0368916797488 0.133712660028 0.916962 6.95184135977
0.0362934362934 0.133712660028 0.914196 7.07082152975
0.0366653801621 0.135135135135 0.914187 7.07082152975
0.036231884058 0.135135135135 0.912547 7.15864022663
0.0362180709112 0.135135135135 0.912536 7.16147308782
0.0356874530428 0.135135135135 0.910549 7.27195467422
0.0356740518213 0.135135135135 0.91046 7.27478753541
0.0355140186916 0.135135135135 0.909624 7.30878186969
0.0355007473842 0.135135135135 0.909599 7.31161473088
0.035447761194 0.135135135135 0.909568 7.32294617564
0.035434539351 0.135135135135 0.909495 7.32577903683
0.0353159851301 0.135135135135 0.909007 7.35127478754
0.0353028613898 0.135135135135 0.90885 7.35410764873
0.035237388724 0.135135135135 0.90861 7.36827195467
0.0352243233222 0.135135135135 0.90854 7.37110481586
0.0351982215635 0.135135135135 0.908521 7.37677053824
0.0351851851852 0.135135135135 0.908502 7.37960339943
0.0351461339253 0.135135135135 0.908362 7.388101983
0.0355029585799 0.136557610242 0.908358 7.388101983
0.0354636128556 0.136557610242 0.908262 7.39660056657
0.0358197932053 0.137980085349 0.908234 7.39660056657
0.0358197932053 0.137980085349 0.908234 7.39660056657
0.0361757105943 0.139402560455 0.908025 7.39660056657
0.0357142857143 0.139402560455 0.906296 7.49575070822
0.0360655737705 0.140825035562 0.906292 7.49575070822
0.0358306188925 0.140825035562 0.905285 7.54674220963
0.0358176555716 0.140825035562 0.905166 7.54957507082
0.0355475763016 0.140825035562 0.903863 7.60906515581
0.0355348169419 0.140825035562 0.903843 7.611898017
0.0355348169419 0.140825035562 0.903843 7.611898017
0.0355220667384 0.140825035562 0.903669 7.61473087819
0.0354457572503 0.140825035562 0.903467 7.63172804533
0.0357909806729 0.142247510669 0.903465 7.63172804533
0.035701535166 0.142247510669 0.902896 7.65155807365
0.0356887937188 0.142247510669 0.902839 7.65439093484
0.0355366027008 0.142247510669 0.902312 7.68838526912
0.0355239786856 0.142247510669 0.902245 7.69121813031
0.0353857041755 0.142247510669 0.901557 7.7223796034
0.0353731871242 0.142247510669 0.9015 7.72521246459
0.0353481795688 0.142247510669 0.901208 7.73087818697
0.0353356890459 0.142247510669 0.901178 7.73371104816
0.034435261708 0.142247510669 0.896935 7.9433427762
0.0344234079174 0.142247510669 0.89664 7.94617563739
0.0343406593407 0.142247510669 0.896238 7.96600566572
0.034672159286 0.143669985775 0.896197 7.96600566572
0.0339724184326 0.143669985775 0.892995 8.13597733711
0.0339609952925 0.143669985775 0.892922 8.1388101983
0.0334215751158 0.143669985775 0.889823 8.27478753541
0.0337413165729 0.145092460882 0.889778 8.27478753541
0.0336411609499 0.145092460882 0.88915 8.30028328612
0.0336300692384 0.145092460882 0.889134 8.30311614731
0.033475549721 0.145092460882 0.888359 8.34277620397
0.0337926509186 0.146514935989 0.888304 8.34277620397
0.0337704918033 0.146514935989 0.888237 8.34844192635
0.03375942314 0.146514935989 0.888094 8.35127478754
0.0336821451929 0.146514935989 0.887533 8.37110481586
0.0336711343576 0.146514935989 0.887527 8.37393767705
0.0334198572356 0.146514935989 0.886119 8.43909348442
0.0337333765813 0.147937411095 0.886103 8.43909348442
0.0334943639291 0.147937411095 0.884863 8.50141643059
0.0334835801674 0.147937411095 0.884852 8.50424929178
0.0334297653488 0.147937411095 0.884459 8.51841359773
0.0334190231362 0.147937411095 0.884444 8.52124645892
0.0333975594091 0.147937411095 0.884391 8.5269121813
0.0333868378812 0.147937411095 0.884386 8.52974504249
0.0332587144228 0.147937411095 0.883708 8.56373937677
0.0332480818414 0.147937411095 0.883587 8.56657223796
0.0331315705639 0.147937411095 0.882876 8.59773371105
0.0331210191083 0.147937411095 0.882769 8.60056657224
0.0330683624801 0.147937411095 0.8825 8.61473087819
0.0330578512397 0.147937411095 0.88246 8.61756373938
0.0324088501091 0.147937411095 0.879083 8.79603399433
0.0323987538941 0.147937411095 0.879026 8.79886685552
0.0323182100684 0.147937411095 0.878653 8.82152974504
0.0326188257223 0.149359886202 0.878603 8.82152974504
0.0325884543762 0.149359886202 0.878332 8.83002832861
0.0325783431585 0.149359886202 0.878308 8.8328611898
0.031924597142 0.149359886202 0.873289 9.01983002833
0.031914893617 0.149359886202 0.873253 9.02266288952
0.0317700453858 0.149359886202 0.87209 9.06515580737
0.0320629159105 0.150782361309 0.872075 9.06515580737
0.0317936412717 0.150782361309 0.86937 9.14447592068
0.031784107946 0.150782361309 0.869335 9.14730878187
0.0317175344105 0.150782361309 0.868937 9.1671388102
0.0317080466647 0.150782361309 0.868926 9.16997167139
0.0314540059347 0.150782361309 0.867014 9.24645892351
0.0317413230495 0.152204836415 0.866951 9.24645892351
0.0310055056505 0.152204836415 0.86134 9.4730878187
0.0309965237543 0.152204836415 0.861328 9.47592067989
0.0303977272727 0.152204836415 0.855947 9.66855524079
0.0306731042318 0.153627311522 0.855886 9.66855524079
0.0304740406321 0.153627311522 0.854556 9.73371104816
0.0304654442877 0.153627311522 0.854546 9.73654390935
0.0303456026974 0.153627311522 0.853018 9.77620396601
0.0303370786517 0.153627311522 0.852909 9.7790368272
0.0302267002519 0.153627311522 0.851943 9.81586402266
0.0302182428651 0.153627311522 0.851836 9.81869688385
0.0301675977654 0.153627311522 0.851341 9.83569405099
0.0301591734152 0.153627311522 0.851292 9.83852691218
0.0300919476177 0.153627311522 0.85053 9.8611898017
0.0300835654596 0.153627311522 0.850445 9.86402266289
0.0297193175564 0.153627311522 0.845862 9.98866855524
0.0299862448418 0.155049786629 0.845855 9.98866855524
0.0299368305411 0.155049786629 0.8453 10.0056657224
0.0299286106535 0.155049786629 0.845082 10.0084985836
0.0299286106535 0.155049786629 0.845082 10.0084985836
0.0299203952786 0.155049786629 0.845029 10.0113314448
0.0298630136986 0.155049786629 0.844594 10.0311614731
0.0301287318543 0.156472261735 0.844524 10.0311614731
0.0301204819277 0.156472261735 0.844464 10.0339943343
0.0301122365179 0.156472261735 0.84439 10.0368271955
0.0298183789645 0.156472261735 0.841544 10.1388101983
0.030081300813 0.157894736842 0.841482 10.1388101983
0.0299676025918 0.157894736842 0.840271 10.178470255
0.0302294197031 0.159317211949 0.840162 10.178470255
0.0301156224792 0.159317211949 0.838943 10.2181303116
0.030376344086 0.160739687055 0.838878 10.2181303116
0.0299973453677 0.160739687055 0.835344 10.3512747875
0.0299893842887 0.160739687055 0.835253 10.3541076487
0.0297368421053 0.160739687055 0.83283 10.4447592068
0.0297290186793 0.160739687055 0.832567 10.447592068
0.0296044013623 0.160739687055 0.831436 10.492917847
0.0295966474594 0.160739687055 0.831396 10.4957507082
0.0295811518325 0.160739687055 0.831324 10.5014164306
0.0295734101021 0.160739687055 0.831239 10.5042492918
0.0295579387915 0.160739687055 0.83117 10.5099150142
0.029550209205 0.160739687055 0.831163 10.5127478754
0.029550209205 0.160739687055 0.831163 10.5127478754
0.0295424836601 0.160739687055 0.831057 10.5155807365
0.0293354101765 0.160739687055 0.827834 10.5920679887
0.0293277965222 0.160739687055 0.827711 10.5949008499
0.0292443064182 0.160739687055 0.826033 10.6260623229
0.0294954721863 0.162162162162 0.825954 10.6260623229
0.0294878427315 0.162162162162 0.825789 10.6288951841
0.0297388156193 0.163584637269 0.825688 10.6288951841
0.0297157622739 0.163584637269 0.825611 10.6373937677
0.029708085766 0.163584637269 0.825611 10.6402266289
0.029195227215 0.163584637269 0.81831 10.8328611898
0.0294416243655 0.165007112376 0.818212 10.8328611898
0.0294192239412 0.165007112376 0.817782 10.8413597734
0.0294117647059 0.165007112376 0.817718 10.8441926346
0.0292191435768 0.165007112376 0.815805 10.9178470255
0.0292117854445 0.165007112376 0.815785 10.9206798867
0.0291384074353 0.165007112376 0.814591 10.9490084986
0.02938221999 0.166429587482 0.814452 10.9490084986
0.0292792792793 0.166429587482 0.813617 10.9886685552
0.0292719539655 0.166429587482 0.813503 10.9915014164
0.0292646323162 0.166429587482 0.813376 10.9943342776
0.0295073768442 0.167852062589 0.813335 10.9943342776
0.0294190974819 0.167852062589 0.812475 11.0283286119
0.0294117647059 0.167852062589 0.812458 11.0311614731
0.0292949354518 0.167852062589 0.81053 11.0764872521
0.0292876644329 0.167852062589 0.81051 11.0793201133
0.028822667318 0.167852062589 0.803226 11.2634560907
0.0288156288156 0.167852062589 0.803124 11.2662889518
0.028759444309 0.167852062589 0.802484 11.2889518414
0.0287524366472 0.167852062589 0.802482 11.2917847025
0.0285852713178 0.167852062589 0.799666 11.3597733711
0.0288205376605 0.169274537696 0.79965 11.3597733711
0.0277195434428 0.169274537696 0.780402 11.8243626062
0.0277130880298 0.169274537696 0.780312 11.8271954674
0.0277001862197 0.169274537696 0.780057 11.8328611898
0.0276937398185 0.169274537696 0.780028 11.835694051
0.0276038042218 0.169274537696 0.778881 11.8753541076
0.0275974025974 0.169274537696 0.778776 11.8781869688
0.0273815002301 0.169274537696 0.774719 11.9745042493
0.0276052449965 0.170697012802 0.774679 11.9745042493
0.0273785078713 0.170697012802 0.770201 12.0764872521
0.0273722627737 0.170697012802 0.769792 12.0793201133
0.0273597811218 0.170697012802 0.7696 12.0849858357
0.0273535445635 0.170697012802 0.769582 12.0878186969
0.0273161848395 0.170697012802 0.768346 12.104815864
0.0275375512062 0.172119487909 0.768313 12.104815864
0.0274314214464 0.172119487909 0.765979 12.1529745042
0.0274252039891 0.172119487909 0.76589 12.1558073654
0.0273508137432 0.172119487909 0.764848 12.1898016997
0.0273446327684 0.172119487909 0.764765 12.1926345609
0.0272032374101 0.172119487909 0.762328 12.2577903683
0.0274218925601 0.173541963016 0.762073 12.2577903683
0.0274218925601 0.173541963016 0.762073 12.2577903683
0.0274157303371 0.173541963016 0.761953 12.2606232295
0.0274095708829 0.173541963016 0.761677 12.2634560907
0.0274034141959 0.173541963016 0.761663 12.2662889518
0.0273911091154 0.173541963016 0.761256 12.2719546742
0.0276094276094 0.174964438122 0.761219 12.2719546742
0.0271164021164 0.174964438122 0.750607 12.5014164306
0.0271104253912 0.174964438122 0.750599 12.5042492918
0.0270210896309 0.174964438122 0.748735 12.5467422096
0.027015154843 0.174964438122 0.748575 12.5495750708
0.0269500438212 0.174964438122 0.746981 12.5807365439
0.0269441401972 0.174964438122 0.746778 12.5835694051
0.0268500327439 0.174964438122 0.744493 12.6288951841
0.0268441728503 0.174964438122 0.74441 12.6317280453
0.0266176152348 0.174964438122 0.738451 12.7422096317
0.0268282128949 0.176386913229 0.738353 12.7422096317
0.0267356619232 0.176386913229 0.735749 12.7875354108
0.0267298986851 0.176386913229 0.735723 12.790368272
0.0265695307478 0.176386913229 0.730725 12.8696883853
0.0265638389032 0.176386913229 0.730666 12.8725212465
0.0264787529362 0.176386913229 0.727899 12.9150141643
0.0264730999146 0.176386913229 0.727628 12.9178470255
0.0264561553232 0.176386913229 0.727314 12.9263456091
0.0266638225256 0.177809388336 0.727259 12.9263456091
0.0266524520256 0.177809388336 0.726779 12.9320113314
0.0266467704114 0.177809388336 0.725732 12.9348441926
0.0266014045542 0.177809388336 0.725084 12.9575070822
0.0265957446809 0.177809388336 0.725042 12.9603399433
0.0265618359541 0.177809388336 0.724387 12.9773371105
0.0265561929042 0.177809388336 0.72384 12.9801699717
0.0264774412201 0.177809388336 0.722312 13.0198300283
0.0264718339687 0.177809388336 0.722083 13.0226628895
0.026455026455 0.177809388336 0.721873 13.0311614731
0.0266610241219 0.179231863442 0.721868 13.0311614731
0.0265766715883 0.179231863442 0.720217 13.0736543909
0.0267819485449 0.180654338549 0.719992 13.0736543909
0.0265301859202 0.180654338549 0.711935 13.2011331445
0.0265246449457 0.180654338549 0.71153 13.2039660057
0.0261909672097 0.180654338549 0.703603 13.3767705382
0.0263917525773 0.182076813656 0.703575 13.3767705382
0.0261277811798 0.182076813656 0.697631 13.5155807365
0.0261224489796 0.182076813656 0.69757 13.5184135977
0.0261171189553 0.182076813656 0.697449 13.5212464589
0.0261117911057 0.182076813656 0.697347 13.5240793201
0.0259898477157 0.182076813656 0.69408 13.5892351275
0.0259845716606 0.182076813656 0.69407 13.5920679887
0.0258952053409 0.182076813656 0.691313 13.6402266289
0.0260922330097 0.183499288762 0.691293 13.6402266289
0.025924437299 0.183499288762 0.686852 13.730878187
0.0259192284509 0.183499288762 0.68675 13.7337110482
0.0258309971966 0.183499288762 0.684629 13.7818696884
0.0258258258258 0.183499288762 0.684446 13.7847025496
0.0256665340231 0.183499288762 0.680088 13.8725212465
0.0256614282872 0.183499288762 0.680017 13.8753541076
0.0256512229071 0.183499288762 0.679607 13.88101983
0.0256461232604 0.183499288762 0.679588 13.8838526912
0.0256003175233 0.183499288762 0.676924 13.9093484419
0.0255952380952 0.183499288762 0.676807 13.9121813031
0.0255445544554 0.183499288762 0.67513 13.940509915
0.0255394971293 0.183499288762 0.675036 13.9433427762
0.0253537735849 0.183499288762 0.667872 14.0481586402
0.0253487915111 0.183499288762 0.667819 14.0509915014
0.0250777604977 0.183499288762 0.659204 14.2067988669
0.025267249757 0.184921763869 0.659202 14.2067988669
0.0252574315135 0.184921763869 0.658847 14.2124645892
0.0252525252525 0.184921763869 0.658719 14.2152974504
0.0252133436773 0.184921763869 0.657196 14.2379603399
0.0252084545278 0.184921763869 0.657013 14.2407932011
0.0251840371949 0.184921763869 0.656657 14.2549575071
0.025372845245 0.186344238976 0.656242 14.2549575071
0.0252262661275 0.186344238976 0.650759 14.3399433428
0.0254139391606 0.187766714083 0.650654 14.3399433428
0.0253407563832 0.187766714083 0.64923 14.3824362606
0.0253358925144 0.187766714083 0.649188 14.3852691218
0.0252922015712 0.187766714083 0.648382 14.4107648725
0.0252873563218 0.187766714083 0.648127 14.4135977337
0.0251908396947 0.187766714083 0.643331 14.4702549575
0.0251860331998 0.187766714083 0.643284 14.4730878187
0.0251524390244 0.187766714083 0.641785 14.492917847
0.0251476471709 0.187766714083 0.641658 14.4957507082
0.0250047357454 0.187766714083 0.637226 14.5807365439
0.0251893939394 0.189189189189 0.63696 14.5807365439
0.0247949291573 0.189189189189 0.624163 14.8186968839
0.0247903075489 0.189189189189 0.624097 14.821529745
0.0246341915169 0.189189189189 0.618953 14.9178470255
0.0246296296296 0.189189189189 0.618629 14.9206798867
0.0245161290323 0.189189189189 0.615071 14.9915014164
0.024511610763 0.189189189189 0.614854 14.9943342776
0.0241335510797 0.189189189189 0.597595 15.2351274788
0.0243105950653 0.190611664296 0.597593 15.2351274788
0.0240963855422 0.190611664296 0.589374 15.3739376771
0.0240920532183 0.190611664296 0.589311 15.3767705382
0.0240401865806 0.190611664296 0.587082 15.4107648725
0.0240358744395 0.190611664296 0.586245 15.4135977337
0.0239628040057 0.190611664296 0.583119 15.4617563739
0.0241373145003 0.192034139403 0.582646 15.4617563739
0.0240727532097 0.192034139403 0.57957 15.5042492918
0.0240684614013 0.192034139403 0.579408 15.507082153
0.0240513094602 0.192034139403 0.578177 15.5184135977
0.0240470252939 0.192034139403 0.577846 15.5212464589
0.0238389546177 0.192034139403 0.570175 15.6600566572
0.0238347457627 0.192034139403 0.569638 15.6628895184
0.0237717908082 0.192034139403 0.565563 15.7053824363
0.0239436619718 0.193456614509 0.565466 15.7053824363
0.0236193122612 0.193456614509 0.551732 15.9263456091
0.0236152109741 0.193456614509 0.55169 15.9291784703
0.0235050120982 0.193456614509 0.54661 16.0056657224
0.0235009504061 0.193456614509 0.54654 16.0084985836
0.0235009504061 0.193456614509 0.54654 16.0084985836
0.0234968901175 0.193456614509 0.546535 16.0113314448
0.0233877901978 0.193456614509 0.540995 16.0878186969
0.0233837689133 0.193456614509 0.540796 16.0906515581
0.0232319781346 0.193456614509 0.534055 16.1983002833
0.0232280102477 0.193456614509 0.533859 16.2011331445
0.0231410583631 0.193456614509 0.528553 16.2634560907
0.0231371214699 0.193456614509 0.52829 16.2662889518
0.0227310713689 0.193456614509 0.508387 16.5637393768
0.0227272727273 0.193456614509 0.508382 16.566572238
0.0226477935054 0.193456614509 0.503736 16.6260623229
0.0228105228105 0.194879089616 0.503502 16.6260623229
0.0227084369302 0.194879089616 0.498941 16.7025495751
0.0227046735167 0.194879089616 0.498644 16.7053824363
0.0224002616089 0.194879089616 0.482592 16.9376770538
0.0223965996403 0.194879089616 0.48257 16.940509915
0.0223600456994 0.194879089616 0.480169 16.9688385269
0.0225195822454 0.196301564723 0.480168 16.9688385269
0.0225085630403 0.196301564723 0.479627 16.9773371105
0.0225048923679 0.196301564723 0.479534 16.9801699717
0.0219047619048 0.196301564723 0.444443 17.4560906516
0.0219012855102 0.196301564723 0.444331 17.4589235127
0.0218631178707 0.196301564723 0.44294 17.4900849858
0.0220180579756 0.197724039829 0.442633 17.4900849858
0.0219797596458 0.197724039829 0.440676 17.5212464589
0.021976284585 0.197724039829 0.440104 17.5240793201
0.0218347470939 0.197724039829 0.43102 17.6402266289
0.0219883775719 0.199146514936 0.430876 17.6402266289
0.0219229564673 0.199146514936 0.427717 17.6940509915
0.0219195240332 0.199146514936 0.427446 17.6968838527
0.0217831025362 0.199146514936 0.419162 17.8101983003
0.0217797137523 0.199146514936 0.418983 17.8130311615
0.0217087920608 0.199146514936 0.416285 17.8725212465
0.0217054263566 0.199146514936 0.415936 17.8753541076
0.0216082728816 0.199146514936 0.409731 17.9575070822
0.0216049382716 0.199146514936 0.409402 17.9603399433
0.0214822771214 0.199146514936 0.40302 18.0651558074
0.0214789812826 0.199146514936 0.402694 18.0679886686
0.0213414634146 0.199146514936 0.393288 18.1869688385
0.0213382106386 0.199146514936 0.393167 18.1898016997
0.0211832349826 0.199146514936 0.382927 18.3257790368
0.0211800302572 0.199146514936 0.382877 18.328611898
0.0210399759543 0.199146514936 0.372704 18.4532577904
0.0211870773854 0.200568990043 0.372276 18.4532577904
0.0211014666268 0.200568990043 0.367086 18.5297450425
0.0210983091426 0.200568990043 0.367077 18.5325779037
0.0210888423572 0.200568990043 0.366326 18.5410764873
0.0210856886496 0.200568990043 0.365949 18.5439093484
0.0208425720621 0.200568990043 0.351191 18.7648725212
0.0208394915755 0.200568990043 0.351158 18.7677053824
0.0207170143991 0.200568990043 0.339128 18.88101983
0.0208608785074 0.201991465149 0.338939 18.88101983
0.0208486272207 0.201991465149 0.337311 18.8923512748
0.0208455666471 0.201991465149 0.337166 18.895184136
0.0206755969715 0.201991465149 0.323262 19.0538243626
0.020672586985 0.201991465149 0.321935 19.0566572238
0.0204847085978 0.201991465149 0.304429 19.2351274788
0.0204817539305 0.201991465149 0.303997 19.2379603399
0.0203409253689 0.201991465149 0.291984 19.3739376771
0.0203380120309 0.201991465149 0.291921 19.3767705382
0.0202973127501 0.201991465149 0.287934 19.4164305949
0.0204373302844 0.203413940256 0.287584 19.4164305949
0.0202320316921 0.203413940256 0.269203 19.6175637394
0.0202291696138 0.203413940256 0.268965 19.6203966006
0.0197486535009 0.203413940256 0.217129 20.1076487252
0.0197459265396 0.203413940256 0.217035 20.1104815864
0.0196455557082 0.203413940256 0.200475 20.2152974504
0.0196428571429 0.203413940256 0.200121 20.2181303116
