1.0 0.0 inf 0.0
1.0 0.00142247510669 0.999859 0.0
1.0 0.00142247510669 0.999859 0.0
1.0 0.00284495021337 0.999792 0.0
1.0 0.00284495021337 0.999792 0.0
1.0 0.00426742532006 0.999756 0.0
1.0 0.00426742532006 0.999756 0.0
1.0 0.00568990042674 0.999658 0.0
1.0 0.00568990042674 0.999658 0.0
1.0 0.00711237553343 0.999579 0.0
1.0 0.00711237553343 0.999579 0.0
1.0 0.00853485064011 0.999429 0.0
1.0 0.00853485064011 0.999429 0.0
1.0 0.0099573257468 0.999377 0.0
1.0 0.0099573257468 0.999377 0.0
1.0 0.0113798008535 0.999286 0.0
1.0 0.0113798008535 0.999286 0.0
1.0 0.0128022759602 0.999274 0.0
1.0 0.0128022759602 0.999274 0.0
1.0 0.0142247510669 0.999263 0.0
1.0 0.0142247510669 0.999263 0.0
1.0 0.0156472261735 0.999159 0.0
1.0 0.0156472261735 0.999159 0.0
1.0 0.0170697012802 0.999107 0.0
1.0 0.0170697012802 0.999107 0.0
1.0 0.0184921763869 0.999106 0.0
1.0 0.0184921763869 0.999106 0.0
1.0 0.0199146514936 0.99908 0.0
1.0 0.0199146514936 0.99908 0.0
1.0 0.0213371266003 0.998983 0.0
1.0 0.0213371266003 0.998983 0.0
1.0 0.022759601707 0.998908 0.0
1.0 0.022759601707 0.998908 0.0
1.0 0.0241820768137 0.998871 0.0
1.0 0.0241820768137 0.998871 0.0
1.0 0.0256045519203 0.99885 0.0
1.0 0.0256045519203 0.99885 0.0
1.0 0.027027027027 0.998813 0.0
1.0 0.027027027027 0.998813 0.0
1.0 0.0284495021337 0.998809 0.0
1.0 0.0284495021337 0.998809 0.0
1.0 0.0298719772404 0.998783 0.0
1.0 0.0298719772404 0.998783 0.0
1.0 0.0312944523471 0.998769 0.0
1.0 0.0312944523471 0.998769 0.0
1.0 0.0327169274538 0.998746 0.0
1.0 0.0327169274538 0.998746 0.0
1.0 0.0341394025605 0.998709 0.0
1.0 0.0341394025605 0.998709 0.0
1.0 0.0355618776671 0.998669 0.0
1.0 0.0355618776671 0.998669 0.0
1.0 0.0369843527738 0.998612 0.0
1.0 0.0369843527738 0.998612 0.0
1.0 0.0384068278805 0.998589 0.0
1.0 0.0384068278805 0.998589 0.0
1.0 0.0398293029872 0.998575 0.0
0.965517241379 0.0398293029872 0.998563 0.0028328611898
0.966666666667 0.0412517780939 0.998541 0.0028328611898
0.966666666667 0.0412517780939 0.998541 0.0028328611898
0.967741935484 0.0426742532006 0.998491 0.0028328611898
0.967741935484 0.0426742532006 0.998491 0.0028328611898
0.96875 0.0440967283073 0.998439 0.0028328611898
0.96875 0.0440967283073 0.998439 0.0028328611898
0.969696969697 0.0455192034139 0.998434 0.0028328611898
0.969696969697 0.0455192034139 0.998434 0.0028328611898
0.970588235294 0.0469416785206 0.998384 0.0028328611898
0.970588235294 0.0469416785206 0.998384 0.0028328611898
0.971428571429 0.0483641536273 0.998359 0.0028328611898
0.971428571429 0.0483641536273 0.998359 0.0028328611898
0.972222222222 0.049786628734 0.998172 0.0028328611898
0.972222222222 0.049786628734 0.998172 0.0028328611898
0.972972972973 0.0512091038407 0.99812 0.0028328611898
0.972972972973 0.0512091038407 0.99812 0.0028328611898
0.973684210526 0.0526315789474 0.997864 0.0028328611898
0.973684210526 0.0526315789474 0.997864 0.0028328611898
0.974358974359 0.0540540540541 0.997749 0.0028328611898
0.974358974359 0.0540540540541 0.997749 0.0028328611898
0.975 0.0554765291607 0.997701 0.0028328611898
0.975 0.0554765291607 0.997701 0.0028328611898
0.975609756098 0.0568990042674 0.997676 0.0028328611898
0.975609756098 0.0568990042674 0.997676 0.0028328611898
0.97619047619 0.0583214793741 0.997642 0.0028328611898
0.953488372093 0.0583214793741 0.997616 0.0056657223796
0.954545454545 0.0597439544808 0.997548 0.0056657223796
0.954545454545 0.0597439544808 0.997548 0.0056657223796
0.955555555556 0.0611664295875 0.997441 0.0056657223796
0.955555555556 0.0611664295875 0.997441 0.0056657223796
0.95652173913 0.0625889046942 0.997392 0.0056657223796
0.95652173913 0.0625889046942 0.997392 0.0056657223796
0.957446808511 0.0640113798009 0.997381 0.0056657223796
0.957446808511 0.0640113798009 0.997381 0.0056657223796
0.958333333333 0.0654338549075 0.997334 0.0056657223796
0.958333333333 0.0654338549075 0.997334 0.0056657223796
0.959183673469 0.0668563300142 0.99712 0.0056657223796
0.959183673469 0.0668563300142 0.99712 0.0056657223796
0.96 0.0682788051209 0.99711 0.0056657223796
0.96 0.0682788051209 0.99711 0.0056657223796
0.960784313725 0.0697012802276 0.997101 0.0056657223796
0.960784313725 0.0697012802276 0.997101 0.0056657223796
0.961538461538 0.0711237553343 0.997087 0.0056657223796
0.961538461538 0.0711237553343 0.997087 0.0056657223796
0.962264150943 0.072546230441 0.997074 0.0056657223796
0.962264150943 0.072546230441 0.997074 0.0056657223796
0.962962962963 0.0739687055477 0.997062 0.0056657223796
0.962962962963 0.0739687055477 0.997062 0.0056657223796
0.963636363636 0.0753911806543 0.99706 0.0056657223796
0.963636363636 0.0753911806543 0.99706 0.0056657223796
0.964285714286 0.076813655761 0.996964 0.0056657223796
0.964285714286 0.076813655761 0.996964 0.0056657223796
0.964912280702 0.0782361308677 0.99696 0.0056657223796
0.964912280702 0.0782361308677 0.99696 0.0056657223796
0.965517241379 0.0796586059744 0.996906 0.0056657223796
0.965517241379 0.0796586059744 0.996906 0.0056657223796
0.966101694915 0.0810810810811 0.996842 0.0056657223796
0.966101694915 0.0810810810811 0.996842 0.0056657223796
0.966666666667 0.0825035561878 0.996794 0.0056657223796
0.966666666667 0.0825035561878 0.996794 0.0056657223796
0.967213114754 0.0839260312945 0.996664 0.0056657223796
0.967213114754 0.0839260312945 0.996664 0.0056657223796
0.967741935484 0.0853485064011 0.996455 0.0056657223796
0.967741935484 0.0853485064011 0.996455 0.0056657223796
0.968253968254 0.0867709815078 0.996354 0.0056657223796
0.968253968254 0.0867709815078 0.996354 0.0056657223796
0.96875 0.0881934566145 0.996315 0.0056657223796
0.96875 0.0881934566145 0.996315 0.0056657223796
0.969230769231 0.0896159317212 0.996248 0.0056657223796
0.969230769231 0.0896159317212 0.996248 0.0056657223796
0.969696969697 0.0910384068279 0.996216 0.0056657223796
0.969696969697 0.0910384068279 0.996216 0.0056657223796
0.970149253731 0.0924608819346 0.996127 0.0056657223796
0.970149253731 0.0924608819346 0.996127 0.0056657223796
0.970588235294 0.0938833570413 0.996119 0.0056657223796
0.970588235294 0.0938833570413 0.996119 0.0056657223796
0.971014492754 0.0953058321479 0.995929 0.0056657223796
0.971014492754 0.0953058321479 0.995929 0.0056657223796
0.971428571429 0.0967283072546 0.995914 0.0056657223796
0.971428571429 0.0967283072546 0.995914 0.0056657223796
0.971830985915 0.0981507823613 0.995859 0.0056657223796
0.958333333333 0.0981507823613 0.995696 0.00849858356941
0.958904109589 0.099573257468 0.99569 0.00849858356941
0.958904109589 0.099573257468 0.99569 0.00849858356941
0.959459459459 0.100995732575 0.995688 0.00849858356941
0.959459459459 0.100995732575 0.995688 0.00849858356941
0.96 0.102418207681 0.99557 0.00849858356941
0.96 0.102418207681 0.99557 0.00849858356941
0.960526315789 0.103840682788 0.995546 0.00849858356941
0.960526315789 0.103840682788 0.995546 0.00849858356941
0.961038961039 0.105263157895 0.995497 0.00849858356941
0.961038961039 0.105263157895 0.995497 0.00849858356941
0.961538461538 0.106685633001 0.995425 0.00849858356941
0.961538461538 0.106685633001 0.995425 0.00849858356941
0.962025316456 0.108108108108 0.995359 0.00849858356941
0.962025316456 0.108108108108 0.995359 0.00849858356941
0.9625 0.109530583215 0.995274 0.00849858356941
0.9625 0.109530583215 0.995274 0.00849858356941
0.962962962963 0.110953058321 0.995269 0.00849858356941
0.962962962963 0.110953058321 0.995269 0.00849858356941
0.963414634146 0.112375533428 0.995063 0.00849858356941
0.963414634146 0.112375533428 0.995063 0.00849858356941
0.963855421687 0.113798008535 0.995062 0.00849858356941
0.963855421687 0.113798008535 0.995062 0.00849858356941
0.964285714286 0.115220483642 0.995007 0.00849858356941
0.964285714286 0.115220483642 0.995007 0.00849858356941
0.964705882353 0.116642958748 0.994961 0.00849858356941
0.964705882353 0.116642958748 0.994961 0.00849858356941
0.96511627907 0.118065433855 0.99482 0.00849858356941
0.96511627907 0.118065433855 0.99482 0.00849858356941
0.965517241379 0.119487908962 0.994787 0.00849858356941
0.965517241379 0.119487908962 0.994787 0.00849858356941
0.965909090909 0.120910384068 0.994771 0.00849858356941
0.966292134831 0.122332859175 0.994561 0.00849858356941
0.966666666667 0.123755334282 0.994561 0.00849858356941
0.966666666667 0.123755334282 0.994561 0.00849858356941
0.967032967033 0.125177809388 0.994507 0.00849858356941
0.967032967033 0.125177809388 0.994507 0.00849858356941
0.967391304348 0.126600284495 0.994308 0.00849858356941
0.956989247312 0.126600284495 0.994171 0.0113314447592
0.957446808511 0.128022759602 0.99415 0.0113314447592
0.957446808511 0.128022759602 0.99415 0.0113314447592
0.957894736842 0.129445234708 0.994139 0.0113314447592
0.957894736842 0.129445234708 0.994139 0.0113314447592
0.958333333333 0.130867709815 0.994024 0.0113314447592
0.958333333333 0.130867709815 0.994024 0.0113314447592
0.958762886598 0.132290184922 0.99378 0.0113314447592
0.948979591837 0.132290184922 0.993762 0.014164305949
0.949494949495 0.133712660028 0.993617 0.014164305949
0.949494949495 0.133712660028 0.993617 0.014164305949
0.95 0.135135135135 0.993571 0.014164305949
0.95 0.135135135135 0.993571 0.014164305949
0.950495049505 0.136557610242 0.993332 0.014164305949
0.950495049505 0.136557610242 0.993332 0.014164305949
0.950980392157 0.137980085349 0.993197 0.014164305949
0.950980392157 0.137980085349 0.993197 0.014164305949
0.95145631068 0.139402560455 0.993158 0.014164305949
0.95145631068 0.139402560455 0.993158 0.014164305949
0.951923076923 0.140825035562 0.993119 0.014164305949
0.951923076923 0.140825035562 0.993119 0.014164305949
0.952380952381 0.142247510669 0.993113 0.014164305949
0.952380952381 0.142247510669 0.993113 0.014164305949
0.952830188679 0.143669985775 0.992971 0.014164305949
0.952830188679 0.143669985775 0.992971 0.014164305949
0.953271028037 0.145092460882 0.992629 0.014164305949
0.953271028037 0.145092460882 0.992629 0.014164305949
0.953703703704 0.146514935989 0.992529 0.014164305949
0.953703703704 0.146514935989 0.992529 0.014164305949
0.954128440367 0.147937411095 0.992447 0.014164305949
0.945454545455 0.147937411095 0.992356 0.0169971671388
0.945945945946 0.149359886202 0.99229 0.0169971671388
0.945945945946 0.149359886202 0.99229 0.0169971671388
0.946428571429 0.150782361309 0.992267 0.0169971671388
0.946428571429 0.150782361309 0.992267 0.0169971671388
0.946902654867 0.152204836415 0.992264 0.0169971671388
0.946902654867 0.152204836415 0.992264 0.0169971671388
0.947368421053 0.153627311522 0.992196 0.0169971671388
0.947368421053 0.153627311522 0.992196 0.0169971671388
0.947826086957 0.155049786629 0.992071 0.0169971671388
0.947826086957 0.155049786629 0.992071 0.0169971671388
0.948275862069 0.156472261735 0.991944 0.0169971671388
0.948275862069 0.156472261735 0.991944 0.0169971671388
0.948717948718 0.157894736842 0.991885 0.0169971671388
0.948717948718 0.157894736842 0.991885 0.0169971671388
0.949152542373 0.159317211949 0.991691 0.0169971671388
0.949152542373 0.159317211949 0.991691 0.0169971671388
0.949579831933 0.160739687055 0.991151 0.0169971671388
0.933884297521 0.160739687055 0.991022 0.0226628895184
0.934426229508 0.162162162162 0.990953 0.0226628895184
0.934426229508 0.162162162162 0.990953 0.0226628895184
0.934959349593 0.163584637269 0.990524 0.0226628895184
0.934959349593 0.163584637269 0.990524 0.0226628895184
0.935483870968 0.165007112376 0.990345 0.0226628895184
0.935483870968 0.165007112376 0.990345 0.0226628895184
0.936 0.166429587482 0.99019 0.0226628895184
0.936 0.166429587482 0.99019 0.0226628895184
0.936507936508 0.167852062589 0.990099 0.0226628895184
0.936507936508 0.167852062589 0.990099 0.0226628895184
0.937007874016 0.169274537696 0.990048 0.0226628895184
0.937007874016 0.169274537696 0.990048 0.0226628895184
0.9375 0.170697012802 0.990001 0.0226628895184
0.9375 0.170697012802 0.990001 0.0226628895184
0.937984496124 0.172119487909 0.989998 0.0226628895184
0.937984496124 0.172119487909 0.989998 0.0226628895184
0.938461538462 0.173541963016 0.989997 0.0226628895184
0.938461538462 0.173541963016 0.989997 0.0226628895184
0.93893129771 0.174964438122 0.989548 0.0226628895184
0.93893129771 0.174964438122 0.989548 0.0226628895184
0.939393939394 0.176386913229 0.989537 0.0226628895184
0.939393939394 0.176386913229 0.989537 0.0226628895184
0.93984962406 0.177809388336 0.989377 0.0226628895184
0.93984962406 0.177809388336 0.989377 0.0226628895184
0.940298507463 0.179231863442 0.989293 0.0226628895184
0.940298507463 0.179231863442 0.989293 0.0226628895184
0.940740740741 0.180654338549 0.989282 0.0226628895184
0.933823529412 0.180654338549 0.989281 0.0254957507082
0.934306569343 0.182076813656 0.989057 0.0254957507082
0.934306569343 0.182076813656 0.989057 0.0254957507082
0.934782608696 0.183499288762 0.988561 0.0254957507082
0.934782608696 0.183499288762 0.988561 0.0254957507082
0.935251798561 0.184921763869 0.988474 0.0254957507082
0.935251798561 0.184921763869 0.988474 0.0254957507082
0.935714285714 0.186344238976 0.988416 0.0254957507082
0.935714285714 0.186344238976 0.988416 0.0254957507082
0.936170212766 0.187766714083 0.988197 0.0254957507082
0.936170212766 0.187766714083 0.988197 0.0254957507082
0.93661971831 0.189189189189 0.988193 0.0254957507082
0.93661971831 0.189189189189 0.988193 0.0254957507082
0.937062937063 0.190611664296 0.987902 0.0254957507082
0.937062937063 0.190611664296 0.987902 0.0254957507082
0.9375 0.192034139403 0.987796 0.0254957507082
0.9375 0.192034139403 0.987796 0.0254957507082
0.937931034483 0.193456614509 0.987774 0.0254957507082
0.937931034483 0.193456614509 0.987774 0.0254957507082
0.938356164384 0.194879089616 0.987687 0.0254957507082
0.931972789116 0.194879089616 0.987634 0.028328611898
0.932432432432 0.196301564723 0.987563 0.028328611898
0.932432432432 0.196301564723 0.987563 0.028328611898
0.93288590604 0.197724039829 0.98746 0.028328611898
0.93288590604 0.197724039829 0.98746 0.028328611898
0.933333333333 0.199146514936 0.987249 0.028328611898
0.933333333333 0.199146514936 0.987249 0.028328611898
0.933774834437 0.200568990043 0.986881 0.028328611898
0.933774834437 0.200568990043 0.986881 0.028328611898
0.934210526316 0.201991465149 0.986532 0.028328611898
0.934210526316 0.201991465149 0.986532 0.028328611898
0.934640522876 0.203413940256 0.986157 0.028328611898
0.934640522876 0.203413940256 0.986157 0.028328611898
0.935064935065 0.204836415363 0.986024 0.028328611898
0.929032258065 0.204836415363 0.985876 0.0311614730878
0.929487179487 0.206258890469 0.985585 0.0311614730878
0.929487179487 0.206258890469 0.985585 0.0311614730878
0.929936305732 0.207681365576 0.985572 0.0311614730878
0.929936305732 0.207681365576 0.985572 0.0311614730878
0.930379746835 0.209103840683 0.985208 0.0311614730878
0.930379746835 0.209103840683 0.985208 0.0311614730878
0.930817610063 0.210526315789 0.985143 0.0311614730878
0.930817610063 0.210526315789 0.985143 0.0311614730878
0.93125 0.211948790896 0.984946 0.0311614730878
0.91975308642 0.211948790896 0.984376 0.0368271954674
0.920245398773 0.213371266003 0.984341 0.0368271954674
0.920245398773 0.213371266003 0.984341 0.0368271954674
0.920731707317 0.21479374111 0.98417 0.0368271954674
0.920731707317 0.21479374111 0.98417 0.0368271954674
0.921212121212 0.216216216216 0.983447 0.0368271954674
0.921212121212 0.216216216216 0.983447 0.0368271954674
0.921686746988 0.217638691323 0.982691 0.0368271954674
0.921686746988 0.217638691323 0.982691 0.0368271954674
0.922155688623 0.21906116643 0.982454 0.0368271954674
0.922155688623 0.21906116643 0.982454 0.0368271954674
0.922619047619 0.220483641536 0.982352 0.0368271954674
0.917159763314 0.220483641536 0.981544 0.0396600566572
0.917647058824 0.221906116643 0.981238 0.0396600566572
0.917647058824 0.221906116643 0.981238 0.0396600566572
0.918128654971 0.22332859175 0.980152 0.0396600566572
0.918128654971 0.22332859175 0.980152 0.0396600566572
0.918604651163 0.224751066856 0.980108 0.0396600566572
0.918604651163 0.224751066856 0.980108 0.0396600566572
0.919075144509 0.226173541963 0.97992 0.0396600566572
0.919075144509 0.226173541963 0.97992 0.0396600566572
0.919540229885 0.22759601707 0.979216 0.0396600566572
0.919540229885 0.22759601707 0.979216 0.0396600566572
0.92 0.229018492176 0.978977 0.0396600566572
0.92 0.229018492176 0.978977 0.0396600566572
0.920454545455 0.230440967283 0.978572 0.0396600566572
0.920454545455 0.230440967283 0.978572 0.0396600566572
0.920903954802 0.23186344239 0.978271 0.0396600566572
0.920903954802 0.23186344239 0.978271 0.0396600566572
0.921348314607 0.233285917496 0.977717 0.0396600566572
0.921348314607 0.233285917496 0.977717 0.0396600566572
0.921787709497 0.234708392603 0.977554 0.0396600566572
0.921787709497 0.234708392603 0.977554 0.0396600566572
0.922222222222 0.23613086771 0.977005 0.0396600566572
0.922222222222 0.23613086771 0.977005 0.0396600566572
0.922651933702 0.237553342817 0.976381 0.0396600566572
0.922651933702 0.237553342817 0.976381 0.0396600566572
0.923076923077 0.238975817923 0.976301 0.0396600566572
0.923076923077 0.238975817923 0.976301 0.0396600566572
0.92349726776 0.24039829303 0.976106 0.0396600566572
0.92349726776 0.24039829303 0.976106 0.0396600566572
0.923913043478 0.241820768137 0.976091 0.0396600566572
0.923913043478 0.241820768137 0.976091 0.0396600566572
0.924324324324 0.243243243243 0.975662 0.0396600566572
0.924324324324 0.243243243243 0.975662 0.0396600566572
0.924731182796 0.24466571835 0.975634 0.0396600566572
0.924731182796 0.24466571835 0.975634 0.0396600566572
0.92513368984 0.246088193457 0.974945 0.0396600566572
0.92513368984 0.246088193457 0.974945 0.0396600566572
0.925531914894 0.247510668563 0.974934 0.0396600566572
0.925531914894 0.247510668563 0.974934 0.0396600566572
0.925925925926 0.24893314367 0.974841 0.0396600566572
0.921052631579 0.24893314367 0.974647 0.042492917847
0.921465968586 0.250355618777 0.974478 0.042492917847
0.921465968586 0.250355618777 0.974478 0.042492917847
0.921875 0.251778093883 0.974303 0.042492917847
0.921875 0.251778093883 0.974303 0.042492917847
0.922279792746 0.25320056899 0.974255 0.042492917847
0.922279792746 0.25320056899 0.974255 0.042492917847
0.922680412371 0.254623044097 0.972235 0.042492917847
0.922680412371 0.254623044097 0.972235 0.042492917847
0.923076923077 0.256045519203 0.971437 0.042492917847
0.918367346939 0.256045519203 0.971155 0.0453257790368
0.918781725888 0.25746799431 0.970423 0.0453257790368
0.914141414141 0.25746799431 0.970337 0.0481586402266
0.914572864322 0.258890469417 0.969804 0.0481586402266
0.914572864322 0.258890469417 0.969804 0.0481586402266
0.915 0.260312944523 0.969661 0.0481586402266
0.915 0.260312944523 0.969661 0.0481586402266
0.915422885572 0.26173541963 0.969487 0.0481586402266
0.915422885572 0.26173541963 0.969487 0.0481586402266
0.915841584158 0.263157894737 0.969299 0.0481586402266
0.915841584158 0.263157894737 0.969299 0.0481586402266
0.916256157635 0.264580369844 0.966499 0.0481586402266
0.916256157635 0.264580369844 0.966499 0.0481586402266
0.916666666667 0.26600284495 0.966127 0.0481586402266
0.912195121951 0.26600284495 0.965935 0.0509915014164
0.912621359223 0.267425320057 0.965807 0.0509915014164
0.908212560386 0.267425320057 0.965636 0.0538243626062
0.908653846154 0.268847795164 0.965607 0.0538243626062
0.895734597156 0.268847795164 0.963032 0.0623229461756
0.896226415094 0.27027027027 0.962564 0.0623229461756
0.892018779343 0.27027027027 0.962388 0.0651558073654
0.892523364486 0.271692745377 0.961195 0.0651558073654
0.888372093023 0.271692745377 0.960785 0.0679886685552
0.888888888889 0.273115220484 0.960671 0.0679886685552
0.888888888889 0.273115220484 0.960671 0.0679886685552
0.889400921659 0.27453769559 0.960318 0.0679886685552
0.889400921659 0.27453769559 0.960318 0.0679886685552
0.889908256881 0.275960170697 0.956925 0.0679886685552
0.881818181818 0.275960170697 0.956354 0.0736543909348
0.882352941176 0.277382645804 0.956284 0.0736543909348
0.878378378378 0.277382645804 0.95627 0.0764872521246
0.878923766816 0.27880512091 0.955772 0.0764872521246
0.875 0.27880512091 0.955093 0.0793201133144
0.875555555556 0.280227596017 0.954949 0.0793201133144
0.875555555556 0.280227596017 0.954949 0.0793201133144
0.87610619469 0.281650071124 0.953913 0.0793201133144
0.868421052632 0.281650071124 0.953227 0.0849858356941
0.868995633188 0.28307254623 0.952835 0.0849858356941
0.865217391304 0.28307254623 0.952502 0.0878186968839
0.865800865801 0.284495021337 0.948328 0.0878186968839
0.865800865801 0.284495021337 0.948328 0.0878186968839
0.866379310345 0.285917496444 0.947744 0.0878186968839
0.866379310345 0.285917496444 0.947744 0.0878186968839
0.8669527897 0.28733997155 0.947651 0.0878186968839
0.863247863248 0.28733997155 0.947567 0.0906515580737
0.863829787234 0.288762446657 0.947339 0.0906515580737
0.863829787234 0.288762446657 0.947339 0.0906515580737
0.864406779661 0.290184921764 0.946416 0.0906515580737
0.857142857143 0.290184921764 0.944718 0.0963172804533
0.857740585774 0.291607396871 0.944396 0.0963172804533
0.857740585774 0.291607396871 0.944396 0.0963172804533
0.858333333333 0.293029871977 0.944292 0.0963172804533
0.854771784232 0.293029871977 0.942275 0.0991501416431
0.855371900826 0.294452347084 0.941932 0.0991501416431
0.855371900826 0.294452347084 0.941932 0.0991501416431
0.855967078189 0.295874822191 0.941231 0.0991501416431
0.848979591837 0.295874822191 0.939768 0.104815864023
0.849593495935 0.297297297297 0.93894 0.104815864023
0.849593495935 0.297297297297 0.93894 0.104815864023
0.85020242915 0.298719772404 0.938013 0.104815864023
0.85020242915 0.298719772404 0.938013 0.104815864023
0.850806451613 0.300142247511 0.93635 0.104815864023
0.850806451613 0.300142247511 0.93635 0.104815864023
0.85140562249 0.301564722617 0.935731 0.104815864023
0.85140562249 0.301564722617 0.935731 0.104815864023
0.852 0.302987197724 0.933498 0.104815864023
0.852 0.302987197724 0.933498 0.104815864023
0.852589641434 0.304409672831 0.933022 0.104815864023
0.852589641434 0.304409672831 0.933022 0.104815864023
0.853174603175 0.305832147937 0.932284 0.104815864023
0.849802371542 0.305832147937 0.931127 0.107648725212
0.850393700787 0.307254623044 0.930941 0.107648725212
0.850393700787 0.307254623044 0.930941 0.107648725212
0.850980392157 0.308677098151 0.929126 0.107648725212
0.850980392157 0.308677098151 0.929126 0.107648725212
0.8515625 0.310099573257 0.92706 0.107648725212
0.8515625 0.310099573257 0.92706 0.107648725212
0.852140077821 0.311522048364 0.924988 0.107648725212
0.852140077821 0.311522048364 0.924988 0.107648725212
0.852713178295 0.312944523471 0.924746 0.107648725212
0.852713178295 0.312944523471 0.924746 0.107648725212
0.853281853282 0.314366998578 0.924514 0.107648725212
0.853281853282 0.314366998578 0.924514 0.107648725212
0.853846153846 0.315789473684 0.921885 0.107648725212
0.853846153846 0.315789473684 0.921885 0.107648725212
0.854406130268 0.317211948791 0.920462 0.107648725212
0.851145038168 0.317211948791 0.917207 0.110481586402
0.851711026616 0.318634423898 0.916944 0.110481586402
0.848484848485 0.318634423898 0.914383 0.113314447592
0.849056603774 0.320056899004 0.909473 0.113314447592
0.849056603774 0.320056899004 0.909473 0.113314447592
0.84962406015 0.321479374111 0.907315 0.113314447592
0.846441947566 0.321479374111 0.90696 0.116147308782
0.847014925373 0.322901849218 0.90546 0.116147308782
0.847014925373 0.322901849218 0.90546 0.116147308782
0.847583643123 0.324324324324 0.905383 0.116147308782
0.847583643123 0.324324324324 0.905383 0.116147308782
0.848148148148 0.325746799431 0.903465 0.116147308782
0.848148148148 0.325746799431 0.903465 0.116147308782
0.848708487085 0.327169274538 0.901208 0.116147308782
0.845588235294 0.327169274538 0.899849 0.118980169972
0.846153846154 0.328591749644 0.898891 0.118980169972
0.846153846154 0.328591749644 0.898891 0.118980169972
0.846715328467 0.330014224751 0.898553 0.118980169972
0.846715328467 0.330014224751 0.898553 0.118980169972
0.847272727273 0.331436699858 0.898138 0.118980169972
0.844202898551 0.331436699858 0.896177 0.121813031161
0.84476534296 0.332859174964 0.893051 0.121813031161
0.84476534296 0.332859174964 0.893051 0.121813031161
0.845323741007 0.334281650071 0.886546 0.121813031161
0.845323741007 0.334281650071 0.886546 0.121813031161
0.845878136201 0.335704125178 0.884391 0.121813031161
0.845878136201 0.335704125178 0.884391 0.121813031161
0.846428571429 0.337126600284 0.877906 0.121813031161
0.846428571429 0.337126600284 0.877906 0.121813031161
0.846975088968 0.338549075391 0.876338 0.121813031161
0.843971631206 0.338549075391 0.873794 0.124645892351
0.844522968198 0.339971550498 0.873456 0.124645892351
0.844522968198 0.339971550498 0.873456 0.124645892351
0.845070422535 0.341394025605 0.87244 0.124645892351
0.845070422535 0.341394025605 0.87244 0.124645892351
0.845614035088 0.342816500711 0.872075 0.124645892351
0.845614035088 0.342816500711 0.872075 0.124645892351
0.846153846154 0.344238975818 0.868093 0.124645892351
0.843205574913 0.344238975818 0.867503 0.127478753541
0.84375 0.345661450925 0.867172 0.127478753541
0.84375 0.345661450925 0.867172 0.127478753541
0.844290657439 0.347083926031 0.863114 0.127478753541
0.844290657439 0.347083926031 0.863114 0.127478753541
0.844827586207 0.348506401138 0.86151 0.127478753541
0.844827586207 0.348506401138 0.86151 0.127478753541
0.845360824742 0.349928876245 0.861126 0.127478753541
0.845360824742 0.349928876245 0.861126 0.127478753541
0.845890410959 0.351351351351 0.856906 0.127478753541
0.845890410959 0.351351351351 0.856906 0.127478753541
0.846416382253 0.352773826458 0.855886 0.127478753541
0.843537414966 0.352773826458 0.854567 0.130311614731
0.84406779661 0.354196301565 0.848326 0.130311614731
0.84406779661 0.354196301565 0.848326 0.130311614731
0.844594594595 0.355618776671 0.844524 0.130311614731
0.844594594595 0.355618776671 0.844524 0.130311614731
0.845117845118 0.357041251778 0.843614 0.130311614731
0.845117845118 0.357041251778 0.843614 0.130311614731
0.845637583893 0.358463726885 0.8436 0.130311614731
0.84 0.358463726885 0.838956 0.13597733711
0.840531561462 0.359886201991 0.838843 0.13597733711
0.840531561462 0.359886201991 0.838843 0.13597733711
0.841059602649 0.361308677098 0.838331 0.13597733711
0.830065359477 0.361308677098 0.82087 0.14730878187
0.830618892508 0.362731152205 0.817782 0.14730878187
0.830618892508 0.362731152205 0.817782 0.14730878187
0.831168831169 0.364153627312 0.813956 0.14730878187
0.831168831169 0.364153627312 0.813956 0.14730878187
0.831715210356 0.365576102418 0.806365 0.14730878187
0.831715210356 0.365576102418 0.806365 0.14730878187
0.832258064516 0.366998577525 0.799117 0.14730878187
0.832258064516 0.366998577525 0.799117 0.14730878187
0.832797427653 0.368421052632 0.798328 0.14730878187
0.832797427653 0.368421052632 0.798328 0.14730878187
0.833333333333 0.369843527738 0.791085 0.14730878187
0.830670926518 0.369843527738 0.790078 0.150141643059
0.831210191083 0.371266002845 0.782487 0.150141643059
0.831210191083 0.371266002845 0.782487 0.150141643059
0.831746031746 0.372688477952 0.77923 0.150141643059
0.831746031746 0.372688477952 0.77923 0.150141643059
0.832278481013 0.374110953058 0.778011 0.150141643059
0.832278481013 0.374110953058 0.778011 0.150141643059
0.832807570978 0.375533428165 0.767046 0.150141643059
0.832807570978 0.375533428165 0.767046 0.150141643059
0.833333333333 0.376955903272 0.764848 0.150141643059
0.833333333333 0.376955903272 0.764848 0.150141643059
0.833855799373 0.378378378378 0.75803 0.150141643059
0.833855799373 0.378378378378 0.75803 0.150141643059
0.834375 0.379800853485 0.742926 0.150141643059
0.834375 0.379800853485 0.742926 0.150141643059
0.834890965732 0.381223328592 0.739769 0.150141643059
0.832298136646 0.381223328592 0.736332 0.152974504249
0.832817337461 0.382645803698 0.725403 0.152974504249
0.832817337461 0.382645803698 0.725403 0.152974504249
0.833333333333 0.384068278805 0.722498 0.152974504249
0.833333333333 0.384068278805 0.722498 0.152974504249
0.833846153846 0.385490753912 0.719545 0.152974504249
0.831288343558 0.385490753912 0.718394 0.155807365439
0.831804281346 0.386913229018 0.716033 0.155807365439
0.831804281346 0.386913229018 0.716033 0.155807365439
0.832317073171 0.388335704125 0.714746 0.155807365439
0.832317073171 0.388335704125 0.714746 0.155807365439
0.83282674772 0.389758179232 0.711972 0.155807365439
0.83282674772 0.389758179232 0.711972 0.155807365439
0.833333333333 0.391180654339 0.703575 0.155807365439
0.825825825826 0.391180654339 0.699225 0.164305949008
0.826347305389 0.392603129445 0.695761 0.164305949008
0.826347305389 0.392603129445 0.695761 0.164305949008
0.826865671642 0.394025604552 0.695551 0.164305949008
0.826865671642 0.394025604552 0.695551 0.164305949008
0.827380952381 0.395448079659 0.691293 0.164305949008
0.827380952381 0.395448079659 0.691293 0.164305949008
0.827893175074 0.396870554765 0.690746 0.164305949008
0.823008849558 0.396870554765 0.680581 0.169971671388
0.823529411765 0.398293029872 0.658704 0.169971671388
0.823529411765 0.398293029872 0.658704 0.169971671388
0.824046920821 0.399715504979 0.65778 0.169971671388
0.824046920821 0.399715504979 0.65778 0.169971671388
0.824561403509 0.401137980085 0.657541 0.169971671388
0.824561403509 0.401137980085 0.657541 0.169971671388
0.825072886297 0.402560455192 0.649964 0.169971671388
0.820289855072 0.402560455192 0.626183 0.175637393768
0.820809248555 0.403982930299 0.624287 0.175637393768
0.820809248555 0.403982930299 0.624287 0.175637393768
0.821325648415 0.405405405405 0.595671 0.175637393768
0.821325648415 0.405405405405 0.595671 0.175637393768
0.82183908046 0.406827880512 0.59384 0.175637393768
0.82183908046 0.406827880512 0.59384 0.175637393768
0.822349570201 0.408250355619 0.583119 0.175637393768
0.822349570201 0.408250355619 0.583119 0.175637393768
0.822857142857 0.409672830725 0.541193 0.175637393768
0.822857142857 0.409672830725 0.541193 0.175637393768
0.823361823362 0.411095305832 0.475211 0.175637393768
0.823361823362 0.411095305832 0.475211 0.175637393768
0.823863636364 0.412517780939 0.460871 0.175637393768
0.823863636364 0.412517780939 0.460871 0.175637393768
0.821529745042 0.412517780939 0.295959 0.178470254958
