1.0 0.0 inf 0.0
1.0 0.00142247510669 0.999859 0.0
1.0 0.00142247510669 0.999859 0.0
1.0 0.00284495021337 0.999792 0.0
1.0 0.00284495021337 0.999792 0.0
1.0 0.00426742532006 0.999756 0.0
0.75 0.00426742532006 0.999711 0.0028328611898
0.8 0.00568990042674 0.999658 0.0028328611898
0.571428571429 0.00568990042674 0.999429 0.00849858356941
0.5 0.00568990042674 0.999401 0.0113314447592
0.2 0.00568990042674 0.998997 0.0453257790368
0.238095238095 0.00711237553343 0.998983 0.0453257790368
0.217391304348 0.00711237553343 0.998908 0.0509915014164
0.25 0.00853485064011 0.998871 0.0509915014164
0.214285714286 0.00853485064011 0.998813 0.0623229461756
0.241379310345 0.0099573257468 0.998809 0.0623229461756
0.21875 0.0099573257468 0.998746 0.070821529745
0.242424242424 0.0113798008535 0.998741 0.070821529745
0.242424242424 0.0113798008535 0.998741 0.070821529745
0.264705882353 0.0128022759602 0.998709 0.070821529745
0.264705882353 0.0128022759602 0.998709 0.070821529745
0.285714285714 0.0142247510669 0.998669 0.070821529745
0.27027027027 0.0142247510669 0.998612 0.0764872521246
0.289473684211 0.0156472261735 0.998589 0.0764872521246
0.203703703704 0.0156472261735 0.998218 0.121813031161
0.218181818182 0.0170697012802 0.998202 0.121813031161
0.173913043478 0.0170697012802 0.997749 0.161473087819
0.185714285714 0.0184921763869 0.997715 0.161473087819
0.183098591549 0.0184921763869 0.997701 0.164305949008
0.194444444444 0.0199146514936 0.997676 0.164305949008
0.191780821918 0.0199146514936 0.99765 0.167138810198
0.202702702703 0.0213371266003 0.997645 0.167138810198
0.197368421053 0.0213371266003 0.997616 0.172804532578
0.194805194805 0.0213371266003 0.997605 0.175637393768
0.192307692308 0.0213371266003 0.997574 0.178470254958
0.20253164557 0.022759601707 0.997548 0.178470254958
0.197530864198 0.022759601707 0.997482 0.184135977337
0.207317073171 0.0241820768137 0.997479 0.184135977337
0.154545454545 0.0241820768137 0.996961 0.263456090652
0.162162162162 0.0256045519203 0.99696 0.263456090652
0.141732283465 0.0256045519203 0.996566 0.308781869688
0.1484375 0.027027027027 0.996513 0.308781869688
0.1484375 0.027027027027 0.996513 0.308781869688
0.15503875969 0.0284495021337 0.996455 0.308781869688
0.141843971631 0.0284495021337 0.996267 0.342776203966
0.140845070423 0.0284495021337 0.996258 0.345609065156
0.140845070423 0.0284495021337 0.996258 0.345609065156
0.13986013986 0.0284495021337 0.996256 0.348441926346
0.132450331126 0.0284495021337 0.996163 0.371104815864
0.131578947368 0.0284495021337 0.996133 0.373937677054
0.119047619048 0.0284495021337 0.995735 0.419263456091
0.12426035503 0.0298719772404 0.995734 0.419263456091
0.123529411765 0.0298719772404 0.995727 0.42209631728
0.122807017544 0.0298719772404 0.995709 0.42492917847
0.119318181818 0.0298719772404 0.995687 0.439093484419
0.118644067797 0.0298719772404 0.995683 0.441926345609
0.113513513514 0.0298719772404 0.9956 0.464589235127
0.118279569892 0.0312944523471 0.99557 0.464589235127
0.117647058824 0.0312944523471 0.995546 0.467422096317
0.117021276596 0.0312944523471 0.995514 0.470254957507
0.115183246073 0.0312944523471 0.995429 0.478753541076
0.114583333333 0.0312944523471 0.995429 0.481586402266
0.113989637306 0.0312944523471 0.995425 0.484419263456
0.113402061856 0.0312944523471 0.995369 0.487252124646
0.110552763819 0.0312944523471 0.995249 0.501416430595
0.115 0.0327169274538 0.995233 0.501416430595
0.115 0.0327169274538 0.995233 0.501416430595
0.114427860697 0.0327169274538 0.995227 0.504249291785
0.112745098039 0.0327169274538 0.995165 0.512747875354
0.117073170732 0.0341394025605 0.995082 0.512747875354
0.114285714286 0.0341394025605 0.995007 0.526912181303
0.118483412322 0.0355618776671 0.994961 0.526912181303
0.116279069767 0.0355618776671 0.994869 0.538243626062
0.115740740741 0.0355618776671 0.994857 0.541076487252
0.111111111111 0.0355618776671 0.994787 0.56657223796
0.115044247788 0.0369843527738 0.994771 0.56657223796
0.111111111111 0.0369843527738 0.994561 0.589235127479
0.114893617021 0.0384068278805 0.994537 0.589235127479
0.10843373494 0.0384068278805 0.994154 0.628895184136
0.112 0.0398293029872 0.99415 0.628895184136
0.110236220472 0.0398293029872 0.994087 0.640226628895
0.109803921569 0.0398293029872 0.994074 0.643059490085
0.109803921569 0.0398293029872 0.994074 0.643059490085
0.109375 0.0398293029872 0.994051 0.645892351275
0.109375 0.0398293029872 0.994051 0.645892351275
0.112840466926 0.0412517780939 0.994033 0.645892351275
0.10780669145 0.0412517780939 0.993701 0.679886685552
0.111111111111 0.0426742532006 0.993691 0.679886685552
0.104895104895 0.0426742532006 0.993332 0.725212464589
0.108013937282 0.0440967283073 0.993331 0.725212464589
0.101307189542 0.0440967283073 0.992927 0.779036827195
0.104234527687 0.0455192034139 0.992903 0.779036827195
0.102893890675 0.0455192034139 0.992705 0.790368271955
0.105769230769 0.0469416785206 0.992687 0.790368271955
0.104761904762 0.0469416785206 0.992588 0.798866855524
0.107594936709 0.0483641536273 0.992581 0.798866855524
0.1065830721 0.0483641536273 0.992524 0.807365439093
0.10625 0.0483641536273 0.992522 0.810198300283
0.105590062112 0.0483641536273 0.992477 0.815864022663
0.108359133127 0.049786628734 0.992447 0.815864022663
0.102040816327 0.049786628734 0.992172 0.872521246459
0.101744186047 0.049786628734 0.992164 0.875354107649
0.100286532951 0.049786628734 0.992045 0.889518413598
0.1 0.049786628734 0.992035 0.892351274788
0.1 0.049786628734 0.992035 0.892351274788
0.0997150997151 0.049786628734 0.992025 0.895184135977
0.0925925925926 0.049786628734 0.991497 0.971671388102
0.0949868073879 0.0512091038407 0.991473 0.971671388102
0.0949868073879 0.0512091038407 0.991473 0.971671388102
0.0973684210526 0.0526315789474 0.991407 0.971671388102
0.0951156812339 0.0526315789474 0.991089 0.99716713881
0.0974358974359 0.0540540540541 0.991051 0.99716713881
0.090692124105 0.0540540540541 0.990193 1.07932011331
0.0928571428571 0.0554765291607 0.99019 1.07932011331
0.0924170616114 0.0554765291607 0.990102 1.08498583569
0.0945626477541 0.0568990042674 0.990099 1.08498583569
0.092807424594 0.0568990042674 0.989979 1.10764872521
0.0925925925926 0.0568990042674 0.989955 1.1104815864
0.0923787528868 0.0568990042674 0.989936 1.11331444759
0.0921658986175 0.0568990042674 0.989933 1.11614730878
0.0917431192661 0.0568990042674 0.989789 1.12181303116
0.091533180778 0.0568990042674 0.989775 1.12464589235
0.091533180778 0.0568990042674 0.989775 1.12464589235
0.0936073059361 0.0583214793741 0.989765 1.12464589235
0.0915178571429 0.0583214793741 0.989419 1.15297450425
0.0935412026726 0.0597439544808 0.989403 1.15297450425
0.0915032679739 0.0597439544808 0.989242 1.18130311615
0.0913043478261 0.0597439544808 0.989179 1.18413597734
0.0913043478261 0.0597439544808 0.989179 1.18413597734
0.0911062906725 0.0597439544808 0.989178 1.18696883853
0.089552238806 0.0597439544808 0.9889 1.20963172805
0.0914893617021 0.0611664295875 0.988883 1.20963172805
0.0907172995781 0.0611664295875 0.988843 1.2209631728
0.0905263157895 0.0611664295875 0.988827 1.22379603399
0.0877551020408 0.0611664295875 0.988416 1.26628895184
0.0875763747454 0.0611664295875 0.988407 1.26912181303
0.0875763747454 0.0611664295875 0.988407 1.26912181303
0.0894308943089 0.0625889046942 0.988373 1.26912181303
0.0887096774194 0.0625889046942 0.98833 1.28045325779
0.0885311871227 0.0625889046942 0.988315 1.28328611898
0.0873015873016 0.0625889046942 0.988218 1.30311614731
0.0871287128713 0.0625889046942 0.988206 1.3059490085
0.0827067669173 0.0625889046942 0.987665 1.38243626062
0.0825515947467 0.0625889046942 0.987647 1.38526912181
0.0822429906542 0.0625889046942 0.987613 1.39093484419
0.0839552238806 0.0640113798009 0.987566 1.39093484419
0.0834879406308 0.0640113798009 0.987488 1.39943342776
0.0851851851852 0.0654338549075 0.987484 1.39943342776
0.0840950639854 0.0654338549075 0.987348 1.41926345609
0.0857664233577 0.0668563300142 0.987326 1.41926345609
0.0851449275362 0.0668563300142 0.987203 1.43059490085
0.0849909584087 0.0668563300142 0.9872 1.43342776204
0.0846846846847 0.0668563300142 0.98712 1.43909348442
0.0863309352518 0.0682788051209 0.98709 1.43909348442
0.0813559322034 0.0682788051209 0.986373 1.53541076487
0.0812182741117 0.0682788051209 0.986364 1.53824362606
0.0808080808081 0.0682788051209 0.986312 1.54674220963
0.0806722689076 0.0682788051209 0.986278 1.54957507082
0.0802675585284 0.0682788051209 0.986163 1.55807365439
0.0818030050083 0.0697012802276 0.986157 1.55807365439
0.08153078203 0.0697012802276 0.986154 1.56373937677
0.0830564784053 0.0711237553343 0.986143 1.56373937677
0.0829187396352 0.0711237553343 0.986132 1.56657223796
0.0827814569536 0.0711237553343 0.986098 1.56940509915
0.0821018062397 0.0711237553343 0.985923 1.5835694051
0.0819672131148 0.0711237553343 0.98589 1.58640226629
0.0816993464052 0.0711237553343 0.985868 1.59206798867
0.0831973898858 0.072546230441 0.985805 1.59206798867
0.0825242718447 0.072546230441 0.985662 1.60623229462
0.0823909531502 0.072546230441 0.98566 1.60906515581
0.0823909531502 0.072546230441 0.98566 1.60906515581
0.0822580645161 0.072546230441 0.985642 1.611898017
0.0821256038647 0.072546230441 0.985636 1.61473087819
0.0819935691318 0.072546230441 0.985632 1.61756373938
0.0819935691318 0.072546230441 0.985632 1.61756373938
0.0818619582665 0.072546230441 0.98561 1.62039660057
0.0816 0.072546230441 0.985572 1.62606232295
0.0814696485623 0.072546230441 0.985542 1.62889518414
0.0755555555556 0.072546230441 0.983931 1.76770538244
0.0754437869822 0.072546230441 0.983925 1.77053824363
0.0751104565538 0.072546230441 0.983876 1.7790368272
0.075 0.072546230441 0.98381 1.78186968839
0.0734870317003 0.072546230441 0.9835 1.82152974504
0.0748201438849 0.0739687055477 0.983473 1.82152974504
0.0742857142857 0.0739687055477 0.983398 1.83569405099
0.0756062767475 0.0753911806543 0.98334 1.83569405099
0.0751773049645 0.0753911806543 0.983223 1.84702549575
0.0764872521246 0.076813655761 0.983209 1.84702549575
0.0761636107193 0.076813655761 0.983146 1.85552407932
0.0760563380282 0.076813655761 0.983103 1.85835694051
0.0758426966292 0.076813655761 0.983034 1.86402266289
0.0771388499299 0.0782361308677 0.983029 1.86402266289
0.0770308123249 0.0782361308677 0.983018 1.86685552408
0.0783216783217 0.0796586059744 0.983004 1.86685552408
0.0778859527121 0.0796586059744 0.982789 1.87818696884
0.0777777777778 0.0796586059744 0.982768 1.88101983003
0.0769230769231 0.0796586059744 0.982567 1.90368271955
0.0781893004115 0.0810810810811 0.982548 1.90368271955
0.0775510204082 0.0810810810811 0.982292 1.92067988669
0.0774456521739 0.0810810810811 0.982231 1.92351274788
0.0771312584574 0.0810810810811 0.982118 1.93201133144
0.0783783783784 0.0825035561878 0.982115 1.93201133144
0.0765171503958 0.0825035561878 0.981524 1.98300283286
0.0764163372859 0.0825035561878 0.981524 1.98583569405
0.0747422680412 0.0825035561878 0.981136 2.03399433428
0.0746460746461 0.0825035561878 0.981113 2.03682719547
0.074358974359 0.0825035561878 0.981081 2.04532577904
0.0742637644046 0.0825035561878 0.981 2.04815864023
0.0722291407223 0.0825035561878 0.980469 2.1104815864
0.0721393034826 0.0825035561878 0.980444 2.11331444759
0.0711656441718 0.0825035561878 0.980165 2.14447592068
0.0710784313725 0.0825035561878 0.980154 2.14730878187
0.0705596107056 0.0825035561878 0.980091 2.16430594901
0.0704738760632 0.0825035561878 0.980018 2.1671388102
0.070303030303 0.0825035561878 0.979944 2.17280453258
0.0714285714286 0.0839260312945 0.97992 2.17280453258
0.0703218116806 0.0839260312945 0.979373 2.20963172805
0.0702380952381 0.0839260312945 0.979361 2.21246458924
0.0702380952381 0.0839260312945 0.979361 2.21246458924
0.0701545778835 0.0839260312945 0.979332 2.21529745042
0.0699881376038 0.0839260312945 0.979216 2.2209631728
0.0699052132701 0.0839260312945 0.979205 2.22379603399
0.0690866510539 0.0839260312945 0.978785 2.25212464589
0.0701754385965 0.0853485064011 0.978781 2.25212464589
0.0699300699301 0.0853485064011 0.978677 2.26062322946
0.069848661234 0.0853485064011 0.978667 2.26345609065
0.0692840646651 0.0853485064011 0.978345 2.28328611898
0.0692041522491 0.0853485064011 0.978281 2.28611898017
0.0673400673401 0.0853485064011 0.977503 2.35410764873
0.067264573991 0.0853485064011 0.977437 2.35694050992
0.0655021834061 0.0853485064011 0.976516 2.42492917847
0.0665212649945 0.0867709815078 0.976498 2.42492917847
0.0658036677454 0.0867709815078 0.976333 2.45325779037
0.0657327586207 0.0867709815078 0.976315 2.45609065156
0.0653104925054 0.0867709815078 0.976204 2.4730878187
0.0652406417112 0.0867709815078 0.97619 2.47592067989
0.0648246546227 0.0867709815078 0.975803 2.49291784703
0.0647558386412 0.0867709815078 0.97578 2.49575070822
0.0637408568443 0.0867709815078 0.975305 2.53824362606
0.0647181628392 0.0881934566145 0.975257 2.53824362606
0.0630722278739 0.0881934566145 0.974577 2.60906515581
0.0640243902439 0.0896159317212 0.974556 2.60906515581
0.0640243902439 0.0896159317212 0.974556 2.60906515581
0.0639593908629 0.0896159317212 0.974487 2.611898017
0.063829787234 0.0896159317212 0.974403 2.61756373938
0.0647773279352 0.0910384068279 0.974378 2.61756373938
0.0645812310797 0.0910384068279 0.974328 2.62606232295
0.0655241935484 0.0924608819346 0.974303 2.62606232295
0.0641658440276 0.0924608819346 0.973546 2.68555240793
0.0650887573964 0.0938833570413 0.973512 2.68555240793
0.0642023346304 0.0938833570413 0.972977 2.72521246459
0.064139941691 0.0938833570413 0.972927 2.72804532578
0.0602739726027 0.0938833570413 0.969843 2.91501416431
0.0602189781022 0.0938833570413 0.969815 2.9178470255
0.058981233244 0.0938833570413 0.969263 2.98300283286
0.0589285714286 0.0938833570413 0.969243 2.98583569405
0.0583038869258 0.0938833570413 0.968986 3.01983002833
0.0582524271845 0.0938833570413 0.968983 3.02266288952
0.0581497797357 0.0938833570413 0.968838 3.0283286119
0.0580985915493 0.0938833570413 0.968835 3.03116147309
0.0579455662862 0.0938833570413 0.968773 3.03966005666
0.0578947368421 0.0938833570413 0.968661 3.04249291785
0.0578947368421 0.0938833570413 0.968661 3.04249291785
0.0587204206836 0.0953058321479 0.968643 3.04249291785
0.0582608695652 0.0953058321479 0.968379 3.06798866856
0.0590790616855 0.0967283072546 0.968361 3.06798866856
0.0588744588745 0.0967283072546 0.968255 3.07932011331
0.0588235294118 0.0967283072546 0.968205 3.0821529745
0.0585197934596 0.0967283072546 0.967917 3.09915014164
0.0593293207223 0.0981507823613 0.967909 3.09915014164
0.0591259640103 0.0981507823613 0.967766 3.1104815864
0.0590753424658 0.0981507823613 0.967676 3.11331444759
0.0589239965841 0.0981507823613 0.967645 3.12181303116
0.0588737201365 0.0981507823613 0.967394 3.12464589235
0.0587234042553 0.0981507823613 0.967143 3.13314447592
0.0586734693878 0.0981507823613 0.967132 3.13597733711
0.0579345088161 0.0981507823613 0.966596 3.17847025496
0.0578859060403 0.0981507823613 0.96659 3.18130311615
0.0575 0.0981507823613 0.966297 3.20396600567
0.0582847626978 0.099573257468 0.966235 3.20396600567
0.0582847626978 0.099573257468 0.966235 3.20396600567
0.0590682196339 0.100995732575 0.966127 3.20396600567
0.0580539656582 0.100995732575 0.965508 3.26345609065
0.0580065359477 0.100995732575 0.965492 3.26628895184
0.0573969280517 0.100995732575 0.964804 3.30311614731
0.0573505654281 0.100995732575 0.964789 3.3059490085
0.0573042776433 0.100995732575 0.964701 3.30878186969
0.0572580645161 0.100995732575 0.964683 3.31161473088
0.0570739549839 0.100995732575 0.96448 3.32294617564
0.0570281124498 0.100995732575 0.964428 3.32577903683
0.0561708860759 0.100995732575 0.963361 3.37960339943
0.0561264822134 0.100995732575 0.963348 3.38243626062
0.0558615263572 0.100995732575 0.963235 3.39943342776
0.0558176100629 0.100995732575 0.963219 3.40226628895
0.0551670551671 0.100995732575 0.962446 3.4447592068
0.0551242236025 0.100995732575 0.962424 3.44759206799
0.0549535603715 0.100995732575 0.962361 3.45892351275
0.0549110595514 0.100995732575 0.962351 3.46175637394
0.0546153846154 0.100995732575 0.962054 3.48158640227
0.054573405073 0.100995732575 0.962042 3.48441926346
0.0543644716692 0.100995732575 0.961628 3.49858356941
0.0543228768171 0.100995732575 0.961517 3.50141643059
0.0540334855403 0.100995732575 0.961195 3.52124645892
0.0539923954373 0.100995732575 0.96113 3.52407932011
0.053263315829 0.100995732575 0.960101 3.57507082153
0.0532233883058 0.100995732575 0.960022 3.57790368272
0.0530642750374 0.100995732575 0.959817 3.58923512748
0.0530246452577 0.100995732575 0.959759 3.59206798867
0.0519765739385 0.100995732575 0.958557 3.66855524079
0.0519385515728 0.100995732575 0.958506 3.67138810198
0.0514492753623 0.100995732575 0.957735 3.70821529745
0.0514120202752 0.100995732575 0.957675 3.71104815864
0.0498595505618 0.100995732575 0.956098 3.8328611898
0.0498245614035 0.100995732575 0.956023 3.83569405099
0.0483321987747 0.100995732575 0.953903 3.96033994334
0.0482993197279 0.100995732575 0.953841 3.96317280453
0.0472388556221 0.100995732575 0.952059 4.0566572238
0.0472074468085 0.100995732575 0.952032 4.05949008499
0.0471447543161 0.100995732575 0.951969 4.06515580737
0.0471134704711 0.100995732575 0.951919 4.06798866856
0.0469576719577 0.100995732575 0.951467 4.0821529745
0.0475875743556 0.102418207681 0.95116 4.0821529745
0.0475875743556 0.102418207681 0.95116 4.0821529745
0.0475561426684 0.102418207681 0.951084 4.08498583569
0.0473684210526 0.102418207681 0.950524 4.10198300283
0.0473372781065 0.102418207681 0.950346 4.10481586402
0.0464816010329 0.102418207681 0.948388 4.18413597734
0.0470967741935 0.103840682788 0.948328 4.18413597734
0.0469151670951 0.103840682788 0.947806 4.20113314448
0.0475272960822 0.105263157895 0.947783 4.20113314448
0.0475272960822 0.105263157895 0.947783 4.20113314448
0.0481386392811 0.106685633001 0.947744 4.20113314448
0.0481386392811 0.106685633001 0.947744 4.20113314448
0.048749198204 0.108108108108 0.947651 4.20113314448
0.0485623003195 0.108108108108 0.94739 4.21813031161
0.0491698595147 0.109530583215 0.947339 4.21813031161
0.0491698595147 0.109530583215 0.947339 4.21813031161
0.0497766432674 0.110953058321 0.947325 4.21813031161
0.0497766432674 0.110953058321 0.947325 4.21813031161
0.0497448979592 0.110953058321 0.947324 4.2209631728
0.0497131931166 0.110953058321 0.947293 4.22379603399
0.0496815286624 0.110953058321 0.947149 4.22662889518
0.0496183206107 0.110953058321 0.947121 4.23229461756
0.0495867768595 0.110953058321 0.947003 4.23512747875
0.0485981308411 0.110953058321 0.945527 4.32577903683
0.0485678704857 0.110953058321 0.945526 4.32861189802
0.0482972136223 0.110953058321 0.94482 4.35410764873
0.0482673267327 0.110953058321 0.944798 4.35694050992
0.0479704797048 0.110953058321 0.944399 4.38526912181
0.0485556238476 0.112375533428 0.944396 4.38526912181
0.0483772198408 0.112375533428 0.944182 4.40226628895
0.0483476132191 0.112375533428 0.944125 4.40509915014
0.0471360381862 0.112375533428 0.941939 4.52407932011
0.0477042337507 0.113798008535 0.941932 4.52407932011
0.0477042337507 0.113798008535 0.941932 4.52407932011
0.0476758045292 0.113798008535 0.941815 4.5269121813
0.0472813238771 0.113798008535 0.940956 4.56657223796
0.0472533963379 0.113798008535 0.94088 4.56940509915
0.0470865214832 0.113798008535 0.940716 4.58640226629
0.0470588235294 0.113798008535 0.94067 4.58923512748
0.0469759248385 0.113798008535 0.940341 4.59773371105
0.0475352112676 0.115220483642 0.94031 4.59773371105
0.0474238875878 0.115220483642 0.940202 4.60906515581
0.0473961380925 0.115220483642 0.940202 4.611898017
0.0473130841121 0.115220483642 0.940087 4.62039660057
0.0472854640981 0.115220483642 0.940061 4.62322946176
0.0472854640981 0.115220483642 0.940061 4.62322946176
0.0472578763127 0.115220483642 0.94001 4.62606232295
0.0466589861751 0.115220483642 0.938392 4.68838526912
0.0466321243523 0.115220483642 0.938247 4.69121813031
0.0466052934407 0.115220483642 0.938202 4.6940509915
0.0471535365152 0.116642958748 0.938013 4.6940509915
0.0467769537935 0.116642958748 0.937525 4.73371104816
0.0467502850627 0.116642958748 0.937415 4.73654390935
0.046511627907 0.116642958748 0.936719 4.76203966006
0.047052154195 0.118065433855 0.936651 4.76203966006
0.0463169642857 0.118065433855 0.934911 4.84135977337
0.0462911321807 0.118065433855 0.934686 4.84419263456
0.0459833795014 0.118065433855 0.933788 4.87818696884
0.0459579180509 0.118065433855 0.933782 4.88101983003
0.0454794520548 0.118065433855 0.932719 4.93484419263
0.0460021905805 0.119487908962 0.932711 4.93484419263
0.0456769983687 0.119487908962 0.931516 4.9716713881
0.045652173913 0.119487908962 0.931477 4.97450424929
0.0447522642515 0.119487908962 0.929068 5.07932011331
0.0452609158679 0.120910384068 0.928969 5.07932011331
0.0451167728238 0.120910384068 0.928387 5.09631728045
0.0450928381963 0.120910384068 0.928287 5.09915014164
0.044878563886 0.120910384068 0.92706 5.12464589235
0.0448548812665 0.120910384068 0.92696 5.12747875354
0.0446663163426 0.120910384068 0.92646 5.15014164306
0.0446428571429 0.120910384068 0.926406 5.15297450425
0.0443864229765 0.120910384068 0.92567 5.18413597734
0.044885177453 0.122332859175 0.925611 5.18413597734
0.0440122824974 0.122332859175 0.92212 5.29178470255
0.0445012787724 0.123755334282 0.921885 5.29178470255
0.0444104134763 0.123755334282 0.921495 5.30311614731
0.044387755102 0.123755334282 0.921323 5.3059490085
0.0438508064516 0.123755334282 0.919442 5.37393767705
0.0443324937028 0.125177809388 0.919408 5.37393767705
0.0432857845548 0.125177809388 0.914222 5.50991501416
0.0437561455261 0.126600284495 0.914187 5.50991501416
0.0430575713595 0.126600284495 0.910549 5.60339943343
0.0430367504836 0.126600284495 0.91046 5.60623229462
0.0428915662651 0.126600284495 0.909721 5.62606232295
0.0428709055877 0.126600284495 0.909599 5.62889518414
0.042850264805 0.126600284495 0.90957 5.63172804533
0.0428296438884 0.126600284495 0.909495 5.63456090652
0.042665388303 0.126600284495 0.90853 5.65722379603
0.042644944897 0.126600284495 0.908502 5.66005665722
0.0426041168023 0.126600284495 0.9084 5.6657223796
0.0430622009569 0.128022759602 0.908358 5.6657223796
0.0427147603227 0.128022759602 0.906296 5.71388101983
0.0431688804554 0.129445234708 0.906292 5.71388101983
0.0427430718647 0.129445234708 0.903479 5.77337110482
0.0431924882629 0.130867709815 0.903465 5.77337110482
0.0431115276476 0.130867709815 0.902896 5.78470254958
0.0430913348946 0.130867709815 0.902839 5.78753541076
0.0429906542056 0.130867709815 0.902312 5.80169971671
0.0429705744979 0.130867709815 0.902245 5.8045325779
0.0420475319927 0.130867709815 0.896535 5.93767705382
0.0424851530379 0.132290184922 0.896197 5.93767705382
0.0419296663661 0.132290184922 0.892995 6.01983002833
0.0419107706174 0.132290184922 0.892922 6.02266288952
0.041388518024 0.132290184922 0.88915 6.10198300283
0.0413701067616 0.132290184922 0.889134 6.10481586402
0.040629095675 0.132290184922 0.883907 6.2209631728
0.0406113537118 0.132290184922 0.883587 6.22379603399
0.0405052264808 0.132290184922 0.882876 6.24079320113
0.040487592512 0.132290184922 0.882769 6.24362606232
0.0404347826087 0.132290184922 0.8825 6.25212464589
0.0404172099087 0.132290184922 0.88246 6.25495750708
0.0399828030954 0.132290184922 0.879083 6.32577903683
0.0399656209712 0.132290184922 0.879026 6.32861189802
0.039897039897 0.132290184922 0.878724 6.33994334278
0.0403087478559 0.133712660028 0.878603 6.33994334278
0.0396959459459 0.133712660028 0.872141 6.44192634561
0.040101308569 0.135135135135 0.872075 6.44192634561
0.0396659707724 0.135135135135 0.867014 6.51558073654
0.0400667779633 0.136557610242 0.866951 6.51558073654
0.0395061728395 0.136557610242 0.86151 6.611898017
0.0394899218429 0.136557610242 0.861328 6.61473087819
0.0389926888708 0.136557610242 0.855947 6.70254957507
0.0393828664231 0.137980085349 0.855886 6.70254957507
0.0393190109445 0.137980085349 0.854567 6.71388101983
0.0393030794165 0.137980085349 0.854546 6.71671388102
0.0392236150425 0.137980085349 0.85318 6.73087818697
0.0392077607114 0.137980085349 0.852909 6.73371104816
0.0391602745256 0.137980085349 0.852206 6.74220963173
0.0391444713479 0.137980085349 0.851836 6.74504249292
0.0387071029529 0.137980085349 0.845862 6.82436260623
0.0390905464699 0.139402560455 0.845855 6.82436260623
0.0390282755874 0.139402560455 0.8453 6.83569405099
0.0390127388535 0.139402560455 0.845082 6.83852691218
0.0389507154213 0.139402560455 0.844594 6.84985835694
0.0393325387366 0.140825035562 0.844524 6.84985835694
0.0393325387366 0.140825035562 0.844524 6.84985835694
0.039316918189 0.140825035562 0.84439 6.85269121813
0.0390840900118 0.140825035562 0.841634 6.89518413598
0.0394632991318 0.142247510669 0.841482 6.89518413598
0.0393545848091 0.142247510669 0.840286 6.91501416431
0.0397324940991 0.143669985775 0.840162 6.91501416431
0.0396233817183 0.143669985775 0.838943 6.93484419263
0.04 0.145092460882 0.838878 6.93484419263
0.0396887159533 0.145092460882 0.835344 6.99150141643
0.0396732788798 0.145092460882 0.835253 6.99433427762
0.0394889663182 0.145092460882 0.832902 7.0283286119
0.0394736842105 0.145092460882 0.832567 7.03116147309
0.0393974507532 0.145092460882 0.831642 7.04532577904
0.0393822393822 0.145092460882 0.831239 7.04815864023
0.0393822393822 0.145092460882 0.831239 7.04815864023
0.039367039753 0.145092460882 0.831163 7.05099150142
0.0392006149116 0.145092460882 0.827834 7.0821529745
0.0391855551287 0.145092460882 0.827711 7.08498583569
0.0391404451266 0.145092460882 0.825789 7.09348441926
0.0395090141926 0.146514935989 0.825688 7.09348441926
0.0394787274818 0.146514935989 0.825619 7.09915014164
0.0394636015326 0.146514935989 0.825611 7.10198300283
0.0390447308567 0.146514935989 0.817782 7.18130311615
0.0390299355817 0.146514935989 0.817718 7.18413597734
0.0387509405568 0.146514935989 0.814591 7.23796033994
0.0391124482888 0.147937411095 0.814452 7.23796033994
0.0390097524381 0.147937411095 0.813617 7.25779036827
0.0389951256093 0.147937411095 0.813503 7.26062322946
0.0388639760837 0.147937411095 0.81053 7.28611898017
0.0388494583489 0.147937411095 0.81051 7.28895184136
0.0385756676558 0.147937411095 0.804044 7.34277620397
0.0385613644791 0.147937411095 0.803124 7.34560906516
0.0384047267356 0.147937411095 0.799969 7.37677053824
0.0387596899225 0.149359886202 0.79965 7.37677053824
0.0376884422111 0.149359886202 0.778881 7.59490084986
0.037674919268 0.149359886202 0.778776 7.59773371105
0.0375536480687 0.149359886202 0.775481 7.62322946176
0.0378977475867 0.150782361309 0.774679 7.62322946176
0.0377090003557 0.150782361309 0.770323 7.66288951841
0.0376955903272 0.150782361309 0.769792 7.6657223796
0.0373108060542 0.150782361309 0.762703 7.74787535411
0.0376495425757 0.152204836415 0.762073 7.74787535411
0.0376362996834 0.152204836415 0.761677 7.7507082153
0.0379746835443 0.153627311522 0.761219 7.7507082153
0.037331489803 0.153627311522 0.748735 7.8895184136
0.0373185901866 0.153627311522 0.748575 7.89235127479
0.0372028935584 0.153627311522 0.744493 7.9178470255
0.0371900826446 0.153627311522 0.74441 7.92067988669
0.0369104579631 0.153627311522 0.739769 7.98300283286
0.0372394943628 0.155049786629 0.738353 7.98300283286
0.0369867662029 0.155049786629 0.730737 8.03966005666
0.03697421981 0.155049786629 0.730666 8.04249291785
0.0368492224476 0.155049786629 0.727314 8.07082152975
0.0371747211896 0.156472261735 0.727259 8.07082152975
0.0369127516779 0.156472261735 0.720217 8.13031161473
0.0372358269037 0.157894736842 0.719992 8.13031161473
0.0365974282888 0.157894736842 0.703603 8.2776203966
0.0369149637442 0.159317211949 0.703575 8.2776203966
0.0364820846906 0.159317211949 0.691313 8.37960339943
0.0367958319766 0.160739687055 0.691293 8.37960339943
0.0363694882523 0.160739687055 0.680088 8.48158640227
0.0363577863578 0.160739687055 0.680017 8.48441926346
0.0360676667731 0.160739687055 0.667872 8.5552407932
0.0360561582642 0.160739687055 0.667819 8.55807365439
0.0357934748179 0.160739687055 0.659204 8.62322946176
0.0360987967068 0.162162162162 0.659202 8.62322946176
0.0360873694207 0.162162162162 0.658847 8.62606232295
0.0360759493671 0.162162162162 0.658719 8.62889518414
0.0359848484848 0.162162162162 0.656889 8.65155807365
0.0362890501736 0.163584637269 0.656242 8.65155807365
0.0360050093926 0.163584637269 0.64923 8.7223796034
0.0359937402191 0.163584637269 0.649188 8.72521246459
0.0358367092552 0.163584637269 0.643541 8.76487252125
0.0358255451713 0.163584637269 0.643284 8.76770538244
0.0356037151703 0.163584637269 0.637463 8.82436260623
0.0359021974621 0.165007112376 0.63696 8.82436260623
0.0353982300885 0.165007112376 0.624163 8.95467422096
0.0353874313606 0.165007112376 0.624097 8.95750708215
0.0347305389222 0.165007112376 0.597595 9.13314447592
0.0350194552529 0.166429587482 0.597593 9.13314447592
0.0346461356233 0.166429587482 0.583119 9.23512747875
0.0349319123742 0.167852062589 0.582646 9.23512747875
0.0348802837718 0.167852062589 0.57957 9.2492917847
0.0348699763593 0.167852062589 0.579408 9.25212464589
0.034262485482 0.167852062589 0.551732 9.42209631728
0.0342525399129 0.167852062589 0.55169 9.42492917847
0.0341139057531 0.167852062589 0.546766 9.46458923513
0.0341040462428 0.167852062589 0.546535 9.46742209632
0.0337432084644 0.167852062589 0.534055 9.57223796034
0.0337335620354 0.167852062589 0.533859 9.57507082153
0.0332113706727 0.167852062589 0.504361 9.73087818697
0.0334833989871 0.169274537696 0.503502 9.73087818697
0.0333988212181 0.169274537696 0.499536 9.75637393768
0.0333894500561 0.169274537696 0.498644 9.75920679887
0.0323369565217 0.169274537696 0.431387 10.0878186969
0.0325998370008 0.170697012802 0.430876 10.0878186969
0.0323537341602 0.170697012802 0.409731 10.1671388102
0.0323450134771 0.170697012802 0.409402 10.1699716714
0.0319064078702 0.170697012802 0.373314 10.3144475921
0.0321637426901 0.172119487909 0.372276 10.3144475921
0.0318002628121 0.172119487909 0.339297 10.4362606232
0.0317919075145 0.172119487909 0.337166 10.4390934844
0.0312742310675 0.172119487909 0.202004 10.6175637394
0.0312661498708 0.172119487909 0.200475 10.6203966006
