1.0 0.0 inf 0.0
1.0 0.00142247510669 0.999859 0.0
1.0 0.00142247510669 0.999859 0.0
1.0 0.00284495021337 0.999792 0.0
1.0 0.00284495021337 0.999792 0.0
1.0 0.00426742532006 0.999756 0.0
0.75 0.00426742532006 0.999711 0.0028328611898
0.8 0.00568990042674 0.999658 0.0028328611898
0.571428571429 0.00568990042674 0.999429 0.00849858356941
0.5 0.00568990042674 0.999401 0.0113314447592
0.2 0.00568990042674 0.998997 0.0453257790368
0.238095238095 0.00711237553343 0.998983 0.0453257790368
0.217391304348 0.00711237553343 0.998908 0.0509915014164
0.25 0.00853485064011 0.998871 0.0509915014164
0.214285714286 0.00853485064011 0.998813 0.0623229461756
0.241379310345 0.0099573257468 0.998809 0.0623229461756
0.21875 0.0099573257468 0.998746 0.070821529745
0.242424242424 0.0113798008535 0.998741 0.070821529745
0.242424242424 0.0113798008535 0.998741 0.070821529745
0.264705882353 0.0128022759602 0.998709 0.070821529745
0.264705882353 0.0128022759602 0.998709 0.070821529745
0.285714285714 0.0142247510669 0.998669 0.070821529745
0.27027027027 0.0142247510669 0.998612 0.0764872521246
0.289473684211 0.0156472261735 0.998589 0.0764872521246
0.203703703704 0.0156472261735 0.998218 0.121813031161
0.218181818182 0.0170697012802 0.998202 0.121813031161
0.173913043478 0.0170697012802 0.997749 0.161473087819
0.185714285714 0.0184921763869 0.997715 0.161473087819
0.183098591549 0.0184921763869 0.997701 0.164305949008
0.194444444444 0.0199146514936 0.997676 0.164305949008
0.191780821918 0.0199146514936 0.99765 0.167138810198
0.202702702703 0.0213371266003 0.997645 0.167138810198
0.197368421053 0.0213371266003 0.997616 0.172804532578
0.194805194805 0.0213371266003 0.997605 0.175637393768
0.192307692308 0.0213371266003 0.997574 0.178470254958
0.20253164557 0.022759601707 0.997548 0.178470254958
0.197530864198 0.022759601707 0.997482 0.184135977337
0.207317073171 0.0241820768137 0.997479 0.184135977337
0.154545454545 0.0241820768137 0.996961 0.263456090652
0.162162162162 0.0256045519203 0.99696 0.263456090652
0.141732283465 0.0256045519203 0.996566 0.308781869688
0.1484375 0.027027027027 0.996513 0.308781869688
0.1484375 0.027027027027 0.996513 0.308781869688
0.15503875969 0.0284495021337 0.996455 0.308781869688
0.141843971631 0.0284495021337 0.996267 0.342776203966
0.140845070423 0.0284495021337 0.996258 0.345609065156
0.140845070423 0.0284495021337 0.996258 0.345609065156
0.13986013986 0.0284495021337 0.996256 0.348441926346
0.132450331126 0.0284495021337 0.996163 0.371104815864
0.131578947368 0.0284495021337 0.996133 0.373937677054
0.119047619048 0.0284495021337 0.995735 0.419263456091
0.12426035503 0.0298719772404 0.995734 0.419263456091
0.123529411765 0.0298719772404 0.995727 0.42209631728
0.122807017544 0.0298719772404 0.995709 0.42492917847
0.119318181818 0.0298719772404 0.995687 0.439093484419
0.118644067797 0.0298719772404 0.995683 0.441926345609
0.113513513514 0.0298719772404 0.9956 0.464589235127
0.118279569892 0.0312944523471 0.99557 0.464589235127
0.117647058824 0.0312944523471 0.995546 0.467422096317
0.117021276596 0.0312944523471 0.995514 0.470254957507
0.115183246073 0.0312944523471 0.995429 0.478753541076
0.114583333333 0.0312944523471 0.995429 0.481586402266
0.113989637306 0.0312944523471 0.995425 0.484419263456
0.113402061856 0.0312944523471 0.995369 0.487252124646
0.110552763819 0.0312944523471 0.995249 0.501416430595
0.115 0.0327169274538 0.995233 0.501416430595
0.115 0.0327169274538 0.995233 0.501416430595
0.114427860697 0.0327169274538 0.995227 0.504249291785
0.112745098039 0.0327169274538 0.995165 0.512747875354
0.117073170732 0.0341394025605 0.995082 0.512747875354
0.114285714286 0.0341394025605 0.995007 0.526912181303
0.118483412322 0.0355618776671 0.994961 0.526912181303
0.116279069767 0.0355618776671 0.994869 0.538243626062
0.115740740741 0.0355618776671 0.994857 0.541076487252
0.111111111111 0.0355618776671 0.994787 0.56657223796
0.115044247788 0.0369843527738 0.994771 0.56657223796
0.111111111111 0.0369843527738 0.994561 0.589235127479
0.114893617021 0.0384068278805 0.994537 0.589235127479
0.10843373494 0.0384068278805 0.994154 0.628895184136
0.112 0.0398293029872 0.99415 0.628895184136
0.110236220472 0.0398293029872 0.994087 0.640226628895
0.109803921569 0.0398293029872 0.994074 0.643059490085
0.109803921569 0.0398293029872 0.994074 0.643059490085
0.109375 0.0398293029872 0.994051 0.645892351275
0.109375 0.0398293029872 0.994051 0.645892351275
0.112840466926 0.0412517780939 0.994033 0.645892351275
0.10780669145 0.0412517780939 0.993701 0.679886685552
0.111111111111 0.0426742532006 0.993691 0.679886685552
0.104895104895 0.0426742532006 0.993332 0.725212464589
0.108013937282 0.0440967283073 0.993331 0.725212464589
0.101307189542 0.0440967283073 0.992927 0.779036827195
0.104234527687 0.0455192034139 0.992903 0.779036827195
0.102893890675 0.0455192034139 0.992705 0.790368271955
0.105769230769 0.0469416785206 0.992687 0.790368271955
0.104761904762 0.0469416785206 0.992588 0.798866855524
0.107594936709 0.0483641536273 0.992581 0.798866855524
0.1065830721 0.0483641536273 0.992524 0.807365439093
0.10625 0.0483641536273 0.992522 0.810198300283
0.105590062112 0.0483641536273 0.992477 0.815864022663
0.108359133127 0.049786628734 0.992447 0.815864022663
0.102040816327 0.049786628734 0.992172 0.872521246459
0.101744186047 0.049786628734 0.992164 0.875354107649
0.100286532951 0.049786628734 0.992045 0.889518413598
0.1 0.049786628734 0.992035 0.892351274788
0.1 0.049786628734 0.992035 0.892351274788
0.0997150997151 0.049786628734 0.992025 0.895184135977
0.0925925925926 0.049786628734 0.991497 0.971671388102
0.0949868073879 0.0512091038407 0.991473 0.971671388102
0.0949868073879 0.0512091038407 0.991473 0.971671388102
0.0973684210526 0.0526315789474 0.991407 0.971671388102
0.0951156812339 0.0526315789474 0.991089 0.99716713881
0.0974358974359 0.0540540540541 0.991051 0.99716713881
0.090692124105 0.0540540540541 0.990193 1.07932011331
0.0928571428571 0.0554765291607 0.99019 1.07932011331
0.0924170616114 0.0554765291607 0.990102 1.08498583569
0.0945626477541 0.0568990042674 0.990099 1.08498583569
0.092807424594 0.0568990042674 0.989979 1.10764872521
0.0925925925926 0.0568990042674 0.989955 1.1104815864
0.0923787528868 0.0568990042674 0.989936 1.11331444759
0.0921658986175 0.0568990042674 0.989933 1.11614730878
0.0917431192661 0.0568990042674 0.989789 1.12181303116
0.091533180778 0.0568990042674 0.989775 1.12464589235
0.091533180778 0.0568990042674 0.989775 1.12464589235
0.0936073059361 0.0583214793741 0.989765 1.12464589235
0.0915178571429 0.0583214793741 0.989419 1.15297450425
0.0935412026726 0.0597439544808 0.989403 1.15297450425
0.0915032679739 0.0597439544808 0.989242 1.18130311615
0.0913043478261 0.0597439544808 0.989179 1.18413597734
0.0913043478261 0.0597439544808 0.989179 1.18413597734
0.0911062906725 0.0597439544808 0.989178 1.18696883853
0.089552238806 0.0597439544808 0.9889 1.20963172805
0.0914893617021 0.0611664295875 0.988883 1.20963172805
0.0907172995781 0.0611664295875 0.988843 1.2209631728
0.0905263157895 0.0611664295875 0.988827 1.22379603399
0.0877551020408 0.0611664295875 0.988416 1.26628895184
0.0875763747454 0.0611664295875 0.988407 1.26912181303
0.0875763747454 0.0611664295875 0.988407 1.26912181303
0.0894308943089 0.0625889046942 0.988373 1.26912181303
0.0887096774194 0.0625889046942 0.98833 1.28045325779
0.0885311871227 0.0625889046942 0.988315 1.28328611898
0.0873015873016 0.0625889046942 0.988218 1.30311614731
0.0871287128713 0.0625889046942 0.988206 1.3059490085
0.0827067669173 0.0625889046942 0.987665 1.38243626062
0.0825515947467 0.0625889046942 0.987647 1.38526912181
0.0822429906542 0.0625889046942 0.987613 1.39093484419
0.0839552238806 0.0640113798009 0.987566 1.39093484419
0.0834879406308 0.0640113798009 0.987488 1.39943342776
0.0851851851852 0.0654338549075 0.987484 1.39943342776
0.0840950639854 0.0654338549075 0.987348 1.41926345609
0.0857664233577 0.0668563300142 0.987326 1.41926345609
0.0851449275362 0.0668563300142 0.987203 1.43059490085
0.0849909584087 0.0668563300142 0.9872 1.43342776204
0.0846846846847 0.0668563300142 0.98712 1.43909348442
0.0863309352518 0.0682788051209 0.98709 1.43909348442
0.0813559322034 0.0682788051209 0.986373 1.53541076487
0.0812182741117 0.0682788051209 0.986364 1.53824362606
0.0808080808081 0.0682788051209 0.986312 1.54674220963
0.0806722689076 0.0682788051209 0.986278 1.54957507082
0.0801335559265 0.0682788051209 0.986163 1.56090651558
0.0816666666667 0.0697012802276 0.986157 1.56090651558
0.0813953488372 0.0697012802276 0.986154 1.56657223796
0.0829187396352 0.0711237553343 0.986143 1.56657223796
0.0826446280992 0.0711237553343 0.986132 1.57223796034
0.0825082508251 0.0711237553343 0.986098 1.57507082153
0.0818330605565 0.0711237553343 0.985923 1.58923512748
0.0816993464052 0.0711237553343 0.98589 1.59206798867
0.0814332247557 0.0711237553343 0.985868 1.59773371105
0.0829268292683 0.072546230441 0.985805 1.59773371105
0.0821256038647 0.072546230441 0.985662 1.61473087819
0.0819935691318 0.072546230441 0.98566 1.61756373938
0.0819935691318 0.072546230441 0.98566 1.61756373938
0.0818619582665 0.072546230441 0.985642 1.62039660057
0.0817307692308 0.072546230441 0.985636 1.62322946176
0.0816 0.072546230441 0.985632 1.62606232295
0.0816 0.072546230441 0.985632 1.62606232295
0.0814696485623 0.072546230441 0.98561 1.62889518414
0.0812101910828 0.072546230441 0.985572 1.63456090652
0.0810810810811 0.072546230441 0.985542 1.63739376771
0.0748898678414 0.072546230441 0.983931 1.78470254958
0.074780058651 0.072546230441 0.983925 1.78753541076
0.0744525547445 0.072546230441 0.983876 1.79603399433
0.0743440233236 0.072546230441 0.98381 1.79886685552
0.0727532097004 0.072546230441 0.9835 1.84135977337
0.0740740740741 0.0739687055477 0.983473 1.84135977337
0.0735502121641 0.0739687055477 0.983398 1.85552407932
0.0748587570621 0.0753911806543 0.98334 1.85552407932
0.0744382022472 0.0753911806543 0.983223 1.86685552408
0.0757363253857 0.076813655761 0.983209 1.86685552408
0.0754189944134 0.076813655761 0.983146 1.87535410765
0.0753138075314 0.076813655761 0.983103 1.87818696884
0.0751043115438 0.076813655761 0.983034 1.88385269122
0.0763888888889 0.0782361308677 0.983029 1.88385269122
0.0762829403606 0.0782361308677 0.983018 1.88668555241
0.0775623268698 0.0796586059744 0.983004 1.88668555241
0.0770288858322 0.0796586059744 0.982789 1.90084985836
0.0769230769231 0.0796586059744 0.982768 1.90368271955
0.0759837177748 0.0796586059744 0.982567 1.92917847025
0.0772357723577 0.0810810810811 0.982548 1.92917847025
0.0765100671141 0.0810810810811 0.982292 1.94900849858
0.0764075067024 0.0810810810811 0.982231 1.95184135977
0.0761014686248 0.0810810810811 0.982118 1.96033994334
0.0773333333333 0.0825035561878 0.982115 1.96033994334
0.0762155059133 0.0825035561878 0.981762 1.99150141643
0.0774278215223 0.0839260312945 0.98173 1.99150141643
0.0766233766234 0.0839260312945 0.981524 2.01416430595
0.0765239948119 0.0839260312945 0.981524 2.01699716714
0.0748730964467 0.0839260312945 0.981136 2.06515580737
0.0747782002535 0.0839260312945 0.981113 2.06798866856
0.0744949494949 0.0839260312945 0.981081 2.07648725212
0.0744010088272 0.0839260312945 0.981 2.07932011331
0.0727496917386 0.0839260312945 0.980577 2.13031161473
0.0726600985222 0.0839260312945 0.980538 2.13314447592
0.0721271393643 0.0839260312945 0.980469 2.15014164306
0.0720390720391 0.0839260312945 0.980444 2.15297450425
0.0710843373494 0.0839260312945 0.980165 2.18413597734
0.0709987966306 0.0839260312945 0.980154 2.18696883853
0.0704898446834 0.0839260312945 0.980091 2.20396600567
0.0704057279236 0.0839260312945 0.980018 2.20679886686
0.0702380952381 0.0839260312945 0.979944 2.21246458924
0.0713436385256 0.0853485064011 0.97992 2.21246458924
0.0701754385965 0.0853485064011 0.979373 2.25212464589
0.0700934579439 0.0853485064011 0.979361 2.25495750708
0.0700116686114 0.0853485064011 0.97936 2.25779036827
0.0699300699301 0.0853485064011 0.979332 2.26062322946
0.0697674418605 0.0853485064011 0.979216 2.26628895184
0.0696864111498 0.0853485064011 0.979205 2.26912181303
0.0688863375431 0.0853485064011 0.978785 2.29745042493
0.0699541284404 0.0867709815078 0.978781 2.29745042493
0.0697142857143 0.0867709815078 0.978677 2.3059490085
0.0696347031963 0.0867709815078 0.978667 2.30878186969
0.0690826727067 0.0867709815078 0.978345 2.32861189802
0.0690045248869 0.0867709815078 0.978281 2.33144475921
0.0686164229471 0.0867709815078 0.978181 2.34560906516
0.0685393258427 0.0867709815078 0.978153 2.34844192635
0.0668859649123 0.0867709815078 0.977452 2.41076487252
0.0668127053669 0.0867709815078 0.977437 2.41359773371
0.0649627263046 0.0867709815078 0.976516 2.48725212465
0.0659574468085 0.0881934566145 0.976498 2.48725212465
0.0651945320715 0.0881934566145 0.976333 2.51841359773
0.0651260504202 0.0881934566145 0.976315 2.52124645892
0.0647181628392 0.0881934566145 0.976204 2.53824362606
0.0646506777894 0.0881934566145 0.97619 2.54107648725
0.0642487046632 0.0881934566145 0.975803 2.55807365439
0.064182194617 0.0881934566145 0.97578 2.56090651558
0.0633946830266 0.0881934566145 0.975451 2.59490084986
0.0643513789581 0.0896159317212 0.975426 2.59490084986
0.0640895218718 0.0896159317212 0.975305 2.60623229462
0.0650406504065 0.0910384068279 0.975257 2.60623229462
0.0645161290323 0.0910384068279 0.975057 2.62889518414
0.0644511581067 0.0910384068279 0.975027 2.63172804533
0.0631786771964 0.0910384068279 0.974577 2.68838526912
0.0641025641026 0.0924608819346 0.974556 2.68838526912
0.0641025641026 0.0924608819346 0.974556 2.68838526912
0.064039408867 0.0924608819346 0.974487 2.69121813031
0.0638506876228 0.0924608819346 0.974397 2.69971671388
0.0647693817468 0.0938833570413 0.974378 2.69971671388
0.0645792563601 0.0938833570413 0.974328 2.70821529745
0.0654936461388 0.0953058321479 0.974303 2.70821529745
0.0639923591213 0.0953058321479 0.973546 2.77620396601
0.0648854961832 0.0967283072546 0.973512 2.77620396601
0.0638497652582 0.0967283072546 0.972977 2.82436260623
0.0637898686679 0.0967283072546 0.972927 2.82719546742
0.0593886462882 0.0967283072546 0.969843 3.05099150142
0.0593368237347 0.0967283072546 0.969815 3.05382436261
0.0581693755346 0.0967283072546 0.969391 3.11898016997
0.0581196581197 0.0967283072546 0.969376 3.12181303116
0.0577740016992 0.0967283072546 0.969263 3.14164305949
0.0577249575552 0.0967283072546 0.969243 3.14447592068
0.0576759966073 0.0967283072546 0.969239 3.14730878187
0.0576271186441 0.0967283072546 0.969233 3.15014164306
0.0570469798658 0.0967283072546 0.968986 3.18413597734
0.056999161777 0.0967283072546 0.968983 3.18696883853
0.0568086883876 0.0967283072546 0.968838 3.19830028329
0.0567612687813 0.0967283072546 0.968835 3.20113314448
0.0566194837635 0.0967283072546 0.968773 3.20963172805
0.0565723793677 0.0967283072546 0.968661 3.21246458924
0.0565723793677 0.0967283072546 0.968661 3.21246458924
0.0573566084788 0.0981507823613 0.968643 3.21246458924
0.0567434210526 0.0981507823613 0.968379 3.2492917847
0.0575184880855 0.099573257468 0.968361 3.2492917847
0.0572831423895 0.099573257468 0.968255 3.26345609065
0.0572363041701 0.099573257468 0.968205 3.26628895184
0.0569105691057 0.099573257468 0.967917 3.28611898017
0.0576766856214 0.100995732575 0.967909 3.28611898017
0.0574433656958 0.100995732575 0.967731 3.30028328612
0.0573969280517 0.100995732575 0.967676 3.30311614731
0.0570739549839 0.100995732575 0.96746 3.32294617564
0.0570281124498 0.100995732575 0.967394 3.32577903683
0.0568 0.100995732575 0.967143 3.33994334278
0.0567545963229 0.100995732575 0.967132 3.34277620397
0.055905511811 0.100995732575 0.966596 3.39660056657
0.0558615263572 0.100995732575 0.96659 3.39943342776
0.0554254488681 0.100995732575 0.966297 3.42776203966
0.0561622464899 0.102418207681 0.966235 3.42776203966
0.0561184723305 0.102418207681 0.966155 3.43059490085
0.0568535825545 0.103840682788 0.966127 3.43059490085
0.0558530986993 0.103840682788 0.965508 3.49575070822
0.0558103975535 0.103840682788 0.965492 3.49858356941
0.0552193645991 0.103840682788 0.964804 3.53824362606
0.0551776266062 0.103840682788 0.964789 3.54107648725
0.0550943396226 0.103840682788 0.964701 3.54674220963
0.0550527903469 0.103840682788 0.964683 3.54957507082
0.0548459804658 0.103840682788 0.96448 3.56373937677
0.0548048048048 0.103840682788 0.964428 3.56657223796
0.0536764705882 0.103840682788 0.963361 3.64589235127
0.0536370315944 0.103840682788 0.963348 3.64872521246
0.0534016093636 0.103840682788 0.963246 3.6657223796
0.0540935672515 0.105263157895 0.963246 3.6657223796
0.0540540540541 0.105263157895 0.963235 3.66855524079
0.0540145985401 0.105263157895 0.963219 3.67138810198
0.0531227566403 0.105263157895 0.962426 3.73654390935
0.0530846484935 0.105263157895 0.962424 3.73937677054
0.0529327610873 0.105263157895 0.962361 3.7507082153
0.0528949249464 0.105263157895 0.962351 3.75354107649
0.0525941719972 0.105263157895 0.962054 3.77620396601
0.0525568181818 0.105263157895 0.962042 3.7790368272
0.0521126760563 0.105263157895 0.961532 3.81303116147
0.0520760028149 0.105263157895 0.961517 3.81586402266
0.0518207282913 0.105263157895 0.961368 3.83569405099
0.0517844646606 0.105263157895 0.961327 3.83852691218
0.0516039051604 0.105263157895 0.961195 3.85269121813
0.0515679442509 0.105263157895 0.96113 3.85552407932
0.0506849315068 0.105263157895 0.960101 3.92634560907
0.0506502395619 0.105263157895 0.960022 3.92917847025
0.0503744043567 0.105263157895 0.95978 3.95184135977
0.0503401360544 0.105263157895 0.959759 3.95467422096
0.0500338066261 0.105263157895 0.959569 3.98016997167
0.05 0.105263157895 0.959441 3.98300283286
0.0495646349632 0.105263157895 0.958835 4.01983002833
0.04953145917 0.105263157895 0.958749 4.02266288952
0.0492021276596 0.105263157895 0.958557 4.05099150142
0.0491694352159 0.105263157895 0.958506 4.05382436261
0.0488771466314 0.105263157895 0.958166 4.07932011331
0.049504950495 0.106685633001 0.958152 4.07932011331
0.0494722955145 0.106685633001 0.958147 4.0821529745
0.0500988793672 0.108108108108 0.958145 4.0821529745
0.0497056899935 0.108108108108 0.957735 4.11614730878
0.0496732026144 0.108108108108 0.957675 4.11898016997
0.0493827160494 0.108108108108 0.957446 4.14447592068
0.0493506493506 0.108108108108 0.957422 4.14730878187
0.0476489028213 0.108108108108 0.956024 4.30311614731
0.047619047619 0.108108108108 0.956023 4.3059490085
0.0457831325301 0.108108108108 0.95386 4.48725212465
0.0457555689344 0.108108108108 0.953841 4.49008498584
0.0444184687317 0.108108108108 0.952058 4.63172804533
0.0443925233645 0.108108108108 0.952032 4.63456090652
0.044289044289 0.108108108108 0.951969 4.64589235127
0.0442632498544 0.108108108108 0.951919 4.64872521246
0.0440069484655 0.108108108108 0.951175 4.67705382436
0.0445601851852 0.109530583215 0.95116 4.67705382436
0.0445601851852 0.109530583215 0.95116 4.67705382436
0.0445344129555 0.109530583215 0.951084 4.67988668555
0.0442020665901 0.109530583215 0.950511 4.71671388102
0.0441767068273 0.109530583215 0.950346 4.71954674221
0.0438996579247 0.109530583215 0.95002 4.7507082153
0.0438746438746 0.109530583215 0.94996 4.75354107649
0.0429447852761 0.109530583215 0.948388 4.8611898017
0.0434782608696 0.110953058321 0.948328 4.8611898017
0.0434782608696 0.110953058321 0.948328 4.8611898017
0.0434540389972 0.110953058321 0.948301 4.86402266289
0.0431654676259 0.110953058321 0.947804 4.89801699717
0.0436946902655 0.112375533428 0.947783 4.89801699717
0.0436946902655 0.112375533428 0.947783 4.89801699717
0.0442233278054 0.113798008535 0.947744 4.89801699717
0.0441988950276 0.113798008535 0.947742 4.90084985836
0.0447266703479 0.115220483642 0.947651 4.90084985836
0.0445054945055 0.115220483642 0.94739 4.92634560907
0.0450302031851 0.116642958748 0.947339 4.92634560907
0.0450302031851 0.116642958748 0.947339 4.92634560907
0.0455543358946 0.118065433855 0.947325 4.92634560907
0.0455543358946 0.118065433855 0.947325 4.92634560907
0.0455293472298 0.118065433855 0.947324 4.92917847025
0.0454545454545 0.118065433855 0.947208 4.93767705382
0.0454296661193 0.118065433855 0.947149 4.94050991501
0.0453056768559 0.118065433855 0.947034 4.95467422096
0.0452809601746 0.118065433855 0.947003 4.95750708215
0.0442666666667 0.118065433855 0.945527 5.07648725212
0.0442430703625 0.118065433855 0.945526 5.07932011331
0.0440084835631 0.118065433855 0.945021 5.10764872521
0.0439851616322 0.118065433855 0.944852 5.1104815864
0.0439618644068 0.118065433855 0.94482 5.11331444759
0.0439385918475 0.118065433855 0.944798 5.11614730878
0.0436382754995 0.118065433855 0.944399 5.15297450425
0.044140830268 0.119487908962 0.944396 5.15297450425
0.0440020953379 0.119487908962 0.944182 5.16997167139
0.0439790575916 0.119487908962 0.944125 5.17280453258
0.0437272254034 0.119487908962 0.943706 5.20396600567
0.0442247658689 0.120910384068 0.943685 5.20396600567
0.043016194332 0.120910384068 0.941939 5.35694050992
0.0435002529084 0.122332859175 0.941932 5.35694050992
0.0434562910561 0.122332859175 0.94184 5.36260623229
0.0434343434343 0.122332859175 0.941815 5.36543909348
0.0433467741935 0.122332859175 0.941544 5.37677053824
0.0433249370277 0.122332859175 0.941529 5.37960339943
0.0428713858425 0.122332859175 0.940956 5.43909348442
0.0428500249128 0.122332859175 0.94088 5.44192634561
0.0427010923535 0.122332859175 0.940714 5.46175637394
0.0426799007444 0.122332859175 0.94067 5.46458923513
0.0425321463897 0.122332859175 0.940322 5.48441926346
0.0430054374691 0.123755334282 0.94031 5.48441926346
0.0428782651552 0.123755334282 0.940202 5.50141643059
0.0428571428571 0.123755334282 0.940202 5.50424929178
0.0428149606299 0.123755334282 0.940115 5.50991501416
0.0432857845548 0.125177809388 0.940089 5.50991501416
0.0432645034415 0.125177809388 0.940087 5.51274787535
0.0432432432432 0.125177809388 0.940061 5.51558073654
0.0432432432432 0.125177809388 0.940061 5.51558073654
0.0432220039293 0.125177809388 0.94001 5.51841359773
0.042328042328 0.125177809388 0.938278 5.6402266289
0.0423076923077 0.125177809388 0.938247 5.64305949008
0.042226487524 0.125177809388 0.938018 5.65439093484
0.0426858513189 0.126600284495 0.938013 5.65439093484
0.0422602089269 0.126600284495 0.937525 5.71388101983
0.0422401518747 0.126600284495 0.937415 5.71671388102
0.0418823529412 0.126600284495 0.936719 5.76770538244
0.0423330197554 0.128022759602 0.936651 5.76770538244
0.042036431574 0.128022759602 0.936269 5.81019830028
0.0420168067227 0.128022759602 0.936103 5.81303116147
0.041782729805 0.128022759602 0.935666 5.84702549575
0.0417633410673 0.128022759602 0.935612 5.84985835694
0.0413793103448 0.128022759602 0.934855 5.90651558074
0.0413602941176 0.128022759602 0.934686 5.90934844193
0.040797824116 0.128022759602 0.933788 5.99433427762
0.0407793384685 0.128022759602 0.933782 5.99716713881
0.0407239819005 0.128022759602 0.933683 6.00566572238
0.0407055630936 0.128022759602 0.93366 6.00849858357
0.0402504472272 0.128022759602 0.932719 6.07932011331
0.0406794814484 0.129445234708 0.932711 6.07932011331
0.0403368794326 0.129445234708 0.931656 6.13314447592
0.0403190075321 0.129445234708 0.93162 6.13597733711
0.0402654867257 0.129445234708 0.931516 6.14447592068
0.0402476780186 0.129445234708 0.931477 6.14730878187
0.0390725633319 0.129445234708 0.929314 6.33994334278
0.0390557939914 0.129445234708 0.929259 6.34277620397
0.0388722768048 0.129445234708 0.929062 6.37393767705
0.0388556789069 0.129445234708 0.92899 6.37677053824
0.0388556789069 0.129445234708 0.92899 6.37677053824
0.0392658984208 0.130867709815 0.928969 6.37677053824
0.0390990225244 0.130867709815 0.928387 6.40509915014
0.0390824129142 0.130867709815 0.928287 6.40793201133
0.0388185654008 0.130867709815 0.927358 6.45325779037
0.0392239561367 0.132290184922 0.927275 6.45325779037
0.0390920554855 0.132290184922 0.927039 6.47592067989
0.0390756302521 0.132290184922 0.92696 6.47875354108
0.0388146911519 0.132290184922 0.926417 6.52407932011
0.0387984981227 0.132290184922 0.926406 6.5269121813
0.0386052303861 0.132290184922 0.926037 6.56090651558
0.0385892116183 0.132290184922 0.926012 6.56373937677
0.0385412349772 0.132290184922 0.925781 6.57223796034
0.0385252692626 0.132290184922 0.925756 6.57507082153
0.0385252692626 0.132290184922 0.925756 6.57507082153
0.0385093167702 0.132290184922 0.925741 6.57790368272
0.0384297520661 0.132290184922 0.92567 6.59206798867
0.0388269310202 0.133712660028 0.925611 6.59206798867
0.0386354295109 0.133712660028 0.924988 6.62606232295
0.0386195562859 0.133712660028 0.924949 6.62889518414
0.0376753507014 0.133712660028 0.922094 6.80169971671
0.0380608974359 0.135135135135 0.921885 6.80169971671
0.0379241516966 0.135135135135 0.921495 6.82719546742
0.0379090183559 0.135135135135 0.921323 6.83002832861
0.0373868555687 0.135135135135 0.919969 6.92917847025
0.037372147915 0.135135135135 0.919943 6.93201133144
0.0371965544244 0.135135135135 0.919421 6.96600566572
0.0375733855186 0.136557610242 0.919408 6.96600566572
0.0372526193248 0.136557610242 0.918017 7.0283286119
0.0372381691234 0.136557610242 0.917975 7.03116147309
0.0368380660015 0.136557610242 0.916984 7.1104815864
0.0368239355581 0.136557610242 0.916962 7.11331444759
0.0360225140713 0.136557610242 0.914196 7.2776203966
0.036384096024 0.137980085349 0.914187 7.2776203966
0.0359126249537 0.137980085349 0.912547 7.37677053824
0.0358993338268 0.137980085349 0.912536 7.37960339943
0.0353112486349 0.137980085349 0.910549 7.50708215297
0.0352983988355 0.137980085349 0.91046 7.50991501416
0.0351449275362 0.137980085349 0.909624 7.54390934844
0.0351321984788 0.137980085349 0.909599 7.54674220963
0.0350813743219 0.137980085349 0.909568 7.55807365439
0.0350686912509 0.137980085349 0.909495 7.56090651558
0.0349423631124 0.137980085349 0.908858 7.58923512748
0.0349297803385 0.137980085349 0.90885 7.59206798867
0.0348670021567 0.137980085349 0.90861 7.60623229462
0.0348544735897 0.137980085349 0.90854 7.60906515581
0.034829443447 0.137980085349 0.908521 7.61473087819
0.0348169418521 0.137980085349 0.908502 7.61756373938
0.0347794908569 0.137980085349 0.908362 7.62606232295
0.0351254480287 0.139402560455 0.908358 7.62606232295
0.0350877192982 0.139402560455 0.908262 7.63456090652
0.0354330708661 0.140825035562 0.908234 7.63456090652
0.0354203935599 0.140825035562 0.908192 7.63739376771
0.035765379113 0.142247510669 0.908025 7.63739376771
0.0355113636364 0.142247510669 0.907315 7.6940509915
0.0354987575435 0.142247510669 0.907205 7.69688385269
0.035198873636 0.142247510669 0.906296 7.76487252125
0.0355383532723 0.143669985775 0.906292 7.76487252125
0.0352530541012 0.143669985775 0.905222 7.83002832861
0.0352407536636 0.143669985775 0.905166 7.8328611898
0.0349118562046 0.143669985775 0.903863 7.90934844193
0.0348997926745 0.143669985775 0.903843 7.91218130312
0.0348997926745 0.143669985775 0.903843 7.91218130312
0.0348877374784 0.143669985775 0.903669 7.91501416431
0.0348155808342 0.143669985775 0.903467 7.93201133144
0.0351481736733 0.145092460882 0.903465 7.93201133144
0.0350395053246 0.145092460882 0.902896 7.95750708215
0.0350274725275 0.145092460882 0.902839 7.96033994334
0.0348598769651 0.145092460882 0.902312 8.0
0.0348479672019 0.145092460882 0.902245 8.00283286119
0.0346702923182 0.145092460882 0.901557 8.04532577904
0.0346585117227 0.145092460882 0.9015 8.04815864023
0.0346114692908 0.145092460882 0.901187 8.05949008499
0.0345997286296 0.145092460882 0.901178 8.06232294618
0.0341594105827 0.145092460882 0.899205 8.16997167139
0.0341479745564 0.145092460882 0.8992 8.17280453258
0.0335195530726 0.145092460882 0.896641 8.33144475921
0.0335085413929 0.145092460882 0.89664 8.3342776204
0.0334097608909 0.145092460882 0.896225 8.3597733711
0.0337262606418 0.146514935989 0.896197 8.3597733711
0.0328758378551 0.146514935989 0.892995 8.5835694051
0.0328653477983 0.146514935989 0.892922 8.58640226629
0.0328025477707 0.146514935989 0.892693 8.60339943343
0.0327921044253 0.146514935989 0.89263 8.60623229462
0.0326362484157 0.146514935989 0.891932 8.64872521246
0.0326259106747 0.146514935989 0.891873 8.65155807365
0.0321673953779 0.146514935989 0.889787 8.7790368272
0.0324695597877 0.147937411095 0.889778 8.7790368272
0.0323584318606 0.147937411095 0.88915 8.81019830028
0.0323483670295 0.147937411095 0.889134 8.81303116147
0.0321682647696 0.147937411095 0.888359 8.86402266289
0.0324675324675 0.149359886202 0.888304 8.86402266289
0.032437442076 0.149359886202 0.888103 8.87252124646
0.032427424336 0.149359886202 0.888094 8.87535410765
0.0323076923077 0.149359886202 0.887533 8.90934844193
0.0322977545371 0.149359886202 0.887527 8.91218130312
0.0320317266626 0.149359886202 0.886119 8.98866855524
0.0323269289418 0.150782361309 0.886103 8.98866855524
0.0320532204415 0.150782361309 0.884863 9.06798866856
0.0320435308343 0.150782361309 0.884852 9.07082152975
0.0319469559976 0.150782361309 0.884459 9.09915014164
0.0319373305212 0.150782361309 0.884444 9.10198300283
0.0319180969587 0.150782361309 0.884391 9.10764872521
0.0319084888621 0.150782361309 0.884386 9.1104815864
0.031727027836 0.150782361309 0.883656 9.16430594901
0.0317175344105 0.150782361309 0.883587 9.1671388102
0.0315382326688 0.150782361309 0.882841 9.2209631728
0.0315288518739 0.150782361309 0.882769 9.22379603399
0.0314726840855 0.150782361309 0.8825 9.24079320113
0.0314633422381 0.150782361309 0.88246 9.24362606232
0.0307513780099 0.150782361309 0.879206 9.46458923513
0.0310324825986 0.152204836415 0.879186 9.46458923513
0.0310144927536 0.152204836415 0.879053 9.47025495751
0.0310055056505 0.152204836415 0.879026 9.4730878187
0.0309069901791 0.152204836415 0.878628 9.50424929178
0.0311868322264 0.153627311522 0.878603 9.50424929178
0.0311418685121 0.153627311522 0.878332 9.51841359773
0.0311328913231 0.153627311522 0.878308 9.52124645892
0.0310255673657 0.153627311522 0.877797 9.5552407932
0.0310166570936 0.153627311522 0.87779 9.55807365439
0.030303030303 0.153627311522 0.873289 9.79036827195
0.0302945301543 0.153627311522 0.873253 9.79320113314
0.0302605771925 0.153627311522 0.873024 9.8045325779
0.0302521008403 0.153627311522 0.87302 9.80736543909
0.0302097902098 0.153627311522 0.872676 9.82152974504
0.0302013422819 0.153627311522 0.872669 9.82436260623
0.0300835654596 0.153627311522 0.87209 9.86402266289
0.0303536619326 0.155049786629 0.872075 9.86402266289
0.0299862448418 0.155049786629 0.86937 9.98866855524
0.0299779977998 0.155049786629 0.869335 9.99150141643
0.0299121844127 0.155049786629 0.868937 10.0141643059
0.0299039780521 0.155049786629 0.868926 10.0169971671
0.0296195652174 0.155049786629 0.867014 10.1161473088
0.0298831839174 0.156472261735 0.866951 10.1161473088
0.0290314067036 0.156472261735 0.86134 10.4220963173
0.0290237467018 0.156472261735 0.861328 10.4249291785
0.0283359093251 0.156472261735 0.855942 10.6855524079
0.0285861447335 0.157894736842 0.855886 10.6855524079
0.0283742331288 0.157894736842 0.854556 10.7677053824
0.0283669818554 0.157894736842 0.854546 10.7705382436
0.028208386277 0.157894736842 0.852961 10.8328611898
0.0282012195122 0.157894736842 0.852909 10.835694051
0.0280657395702 0.157894736842 0.85185 10.8895184136
0.0280586450961 0.157894736842 0.851836 10.8923512748
0.0280090840273 0.157894736842 0.851341 10.9121813031
0.0280020181635 0.157894736842 0.851292 10.9150141643
0.0279034690799 0.157894736842 0.850463 10.954674221
0.0278964563961 0.157894736842 0.850445 10.9575070822
0.0277015223359 0.157894736842 0.847839 11.0368271955
0.0276946107784 0.157894736842 0.847829 11.0396600567
0.0274412855377 0.157894736842 0.845862 11.1444759207
0.0276816608997 0.159317211949 0.845855 11.1444759207
0.0276134122288 0.159317211949 0.845193 11.1728045326
0.0276066058664 0.159317211949 0.845082 11.1756373938
0.0276066058664 0.159317211949 0.845082 11.1756373938
0.0275998028586 0.159317211949 0.845029 11.178470255
0.0275184275184 0.159317211949 0.844552 11.2124645892
0.0277573077868 0.160739687055 0.844524 11.2124645892
0.0277504911591 0.160739687055 0.844464 11.2152974504
0.0277436778787 0.160739687055 0.84439 11.2181303116
0.0274138767589 0.160739687055 0.841544 11.3569405099
0.0276497695853 0.162162162162 0.841482 11.3569405099
0.0275030156815 0.162162162162 0.840488 11.4192634561
0.027496382055 0.162162162162 0.840462 11.4220963173
0.0274698795181 0.162162162162 0.840271 11.433427762
0.0277041676704 0.163584637269 0.840162 11.433427762
0.0275845526505 0.163584637269 0.838943 11.4844192635
0.0278177458034 0.165007112376 0.838878 11.4844192635
0.0274231678487 0.165007112376 0.835344 11.6543909348
0.0274166863626 0.165007112376 0.835253 11.657223796
0.0271535580524 0.165007112376 0.832798 11.7733711048
0.02714720337 0.165007112376 0.832567 11.776203966
0.0270081490105 0.165007112376 0.831436 11.8385269122
0.0270018621974 0.165007112376 0.831396 11.8413597734
0.0269830193068 0.165007112376 0.831324 11.8498583569
0.026976744186 0.165007112376 0.831239 11.8526912181
0.0269579363235 0.165007112376 0.831165 11.8611898017
0.0269516728625 0.165007112376 0.831163 11.8640226629
0.0269516728625 0.165007112376 0.831163 11.8640226629
0.0269454123113 0.165007112376 0.831057 11.8668555241
0.0267404333794 0.165007112376 0.828808 11.9603399433
0.0267342705693 0.165007112376 0.828756 11.9631728045
0.0266727983444 0.165007112376 0.827719 11.9915014164
0.0266666666667 0.165007112376 0.827711 11.9943342776
0.0265628577971 0.165007112376 0.826033 12.0424929178
0.0267857142857 0.166429587482 0.825954 12.0424929178
0.0267795834287 0.166429587482 0.825789 12.045325779
0.0270022883295 0.167852062589 0.825688 12.045325779
0.0269837640064 0.167852062589 0.825611 12.0538243626
0.0269775948788 0.167852062589 0.825611 12.0566572238
0.0268486916951 0.167852062589 0.824594 12.1161473088
0.0268425841674 0.167852062589 0.824586 12.11898017
0.0262923351159 0.167852062589 0.81831 12.3796033994
0.0265092448207 0.169274537696 0.818212 12.3796033994
0.0264738598443 0.169274537696 0.817718 12.3966005666
0.0264679715302 0.169274537696 0.817718 12.3994334278
0.0262230057294 0.169274537696 0.815793 12.5184135977
0.0262172284644 0.169274537696 0.815785 12.5212464589
0.0261251372119 0.169274537696 0.814591 12.566572238
0.0263388937665 0.170697012802 0.814452 12.566572238
0.0262812089356 0.170697012802 0.814078 12.5949008499
0.0262754543464 0.170697012802 0.814078 12.597733711
0.0262123197903 0.170697012802 0.813617 12.6288951841
0.0262065953265 0.170697012802 0.813503 12.6317280453
0.0262008733624 0.170697012802 0.813376 12.6345609065
0.0264134468457 0.172119487909 0.813335 12.6345609065
0.0263215140309 0.172119487909 0.812475 12.6798866856
0.0263157894737 0.172119487909 0.812458 12.6827195467
0.026196146352 0.172119487909 0.81053 12.7422096317
0.0261904761905 0.172119487909 0.81051 12.7450424929
0.0261678200692 0.172119487909 0.810245 12.7563739377
0.0261621621622 0.172119487909 0.81023 12.7592067989
0.0261057173679 0.172119487909 0.809295 12.7875354108
0.0261000862813 0.172119487909 0.809277 12.790368272
0.0256464603646 0.172119487909 0.803226 13.0226628895
0.025641025641 0.172119487909 0.803124 13.0254957507
0.0255813953488 0.172119487909 0.802484 13.0566572238
0.0255759881632 0.172119487909 0.802482 13.059490085
0.0255112797807 0.172119487909 0.801556 13.0934844193
0.0255059021922 0.172119487909 0.801537 13.0963172805
0.0254148288175 0.172119487909 0.799666 13.1444759207
0.0256194876102 0.173541963016 0.79965 13.1444759207
0.0253112033195 0.173541963016 0.795296 13.3087818697
0.0253059531218 0.173541963016 0.795212 13.3116147309
0.0246365105008 0.173541963016 0.78469 13.6827195467
0.0246315364426 0.173541963016 0.784596 13.6855524079
0.0243658877571 0.173541963016 0.78038 13.8385269122
0.0243610223642 0.173541963016 0.780312 13.8413597734
0.0243464378368 0.173541963016 0.780057 13.8498583569
0.0243415802075 0.173541963016 0.780028 13.8526912181
0.0242496521566 0.173541963016 0.778881 13.9065155807
0.0242448330684 0.173541963016 0.778776 13.9093484419
0.0240252067743 0.173541963016 0.775767 14.0396600567
0.0240204764717 0.173541963016 0.775681 14.0424929178
0.0239638577883 0.173541963016 0.774719 14.0764872521
0.024155538099 0.174964438122 0.774679 14.0764872521
0.0238881336182 0.174964438122 0.770099 14.2379603399
0.0238834951456 0.174964438122 0.769792 14.2407932011
0.0238695905298 0.174964438122 0.7696 14.2492917847
0.0238649592549 0.174964438122 0.769582 14.2521246459
0.0238049158119 0.174964438122 0.768346 14.2889518414
0.0239938080495 0.176386913229 0.768313 14.2889518414
0.0239382239382 0.176386913229 0.767755 14.3229461756
0.0239336035514 0.176386913229 0.767728 14.3257790368
0.023850740527 0.176386913229 0.765979 14.3767705382
0.0238461538462 0.176386913229 0.76589 14.3796033994
0.023745691306 0.176386913229 0.764848 14.4419263456
0.0237411449359 0.176386913229 0.764765 14.4447592068
0.0235741444867 0.176386913229 0.762328 14.5495750708
0.023759741494 0.177809388336 0.762073 14.5495750708
0.023759741494 0.177809388336 0.762073 14.5495750708
0.0237552261498 0.177809388336 0.761953 14.552407932
0.0237416904084 0.177809388336 0.761677 14.5609065156
0.0237371819218 0.177809388336 0.761663 14.5637393768
0.0237146651489 0.177809388336 0.761256 14.5779036827
0.0238998482549 0.179231863442 0.761219 14.5779036827
0.0233983286908 0.179231863442 0.752362 14.8980169972
0.023393984404 0.179231863442 0.752362 14.9008498584
0.023320377568 0.179231863442 0.750607 14.9490084986
0.0233160621762 0.179231863442 0.750599 14.9518413598
0.0232258064516 0.179231863442 0.748735 15.0113314448
0.023221525986 0.179231863442 0.748575 15.0141643059
0.0231532524807 0.179231863442 0.746981 15.059490085
0.0231489987139 0.179231863442 0.746778 15.0623229462
0.023038946791 0.179231863442 0.744414 15.1359773371
0.0230347349177 0.179231863442 0.74441 15.1388101983
0.0227601156069 0.179231863442 0.738451 15.3257790368
0.0229366082716 0.180654338549 0.738353 15.3257790368
0.0228828828829 0.180654338549 0.736733 15.3626062323
0.0228787605837 0.180654338549 0.736679 15.3654390935
0.0228253055356 0.180654338549 0.735749 15.402266289
0.0228212039533 0.180654338549 0.735723 15.4050991501
0.022613960114 0.180654338549 0.73072 15.5495750708
0.0226099341285 0.180654338549 0.730666 15.552407932
0.0225817923186 0.180654338549 0.729671 15.5722379603
0.0227555555556 0.182076813656 0.729525 15.5722379603
0.0226869904289 0.182076813656 0.72787 15.6203966006
0.0226829700514 0.182076813656 0.727628 15.6232294618
0.0226709174637 0.182076813656 0.727314 15.6317280453
0.0228439879582 0.183499288762 0.727259 15.6317280453
0.0228076379066 0.183499288762 0.725764 15.657223796
0.0228036061517 0.183499288762 0.725732 15.6600566572
0.0227673843982 0.183499288762 0.725084 15.6855524079
0.0227633668608 0.183499288762 0.725042 15.6883852691
0.0227232693324 0.183499288762 0.724387 15.716713881
0.0227192673477 0.183499288762 0.72384 15.7195467422
0.0226793248945 0.183499288762 0.722931 15.7478753541
0.0228511161891 0.184921763869 0.72258 15.7478753541
0.022815022815 0.184921763869 0.722312 15.7733711048
0.0228110194771 0.184921763869 0.722083 15.776203966
0.0227910238429 0.184921763869 0.721873 15.790368272
0.0229623137599 0.186344238976 0.721868 15.790368272
0.0228701117318 0.186344238976 0.720077 15.8555240793
0.023040670274 0.187766714083 0.719992 15.8555240793
0.0227116311081 0.187766714083 0.7119 16.0906515581
0.0227077240667 0.187766714083 0.71153 16.0934844193
0.0226259856016 0.187766714083 0.709947 16.1529745042
0.0226221079692 0.187766714083 0.709947 16.1558073654
0.0223501523874 0.187766714083 0.703603 16.3569405099
0.0225156593872 0.189189189189 0.703575 16.3569405099
0.0222408026756 0.189189189189 0.697594 16.5637393768
0.0222370840996 0.189189189189 0.69757 16.566572238
0.0222296506769 0.189189189189 0.697409 16.5722379603
0.0222259358289 0.189189189189 0.697347 16.5750708215
0.0220746887967 0.189189189189 0.69408 16.6912181303
0.0220710255559 0.189189189189 0.69407 16.6940509915
0.0219689461513 0.189189189189 0.691313 16.7733711048
0.0221304706854 0.190611664296 0.691293 16.7733711048
0.0219636125225 0.190611664296 0.686852 16.9036827195
0.0219600131105 0.190611664296 0.68675 16.9065155807
0.0218775510204 0.190611664296 0.684565 16.9716713881
0.0218739797584 0.190611664296 0.684446 16.9745042493
0.0217039196631 0.190611664296 0.680088 17.1104815864
0.0217004048583 0.190611664296 0.680017 17.1133144476
0.0216723273492 0.190611664296 0.679607 17.1359773371
0.0216688227684 0.190611664296 0.679588 17.1388101983
0.0216618170061 0.190611664296 0.679207 17.1444759207
0.0218199450461 0.192034139403 0.678956 17.1444759207
0.021770682148 0.192034139403 0.67692 17.1841359773
0.02176717188 0.192034139403 0.676807 17.1869688385
0.0217286335104 0.192034139403 0.675892 17.2181303116
0.0217251367879 0.192034139403 0.675871 17.2209631728
0.0217006912072 0.192034139403 0.67513 17.2407932011
0.0216972034716 0.192034139403 0.675036 17.2436260623
0.0214797136038 0.192034139403 0.667872 17.4220963173
0.021476296532 0.192034139403 0.667819 17.4249291785
0.0213912216764 0.192034139403 0.66564 17.4957507082
0.02154626109 0.193456614509 0.665534 17.4957507082
0.0213166144201 0.193456614509 0.659204 17.6883852691
0.0214699890299 0.194879089616 0.659202 17.6883852691
0.0214598997494 0.194879089616 0.658847 17.6968838527
0.0214565387627 0.194879089616 0.658719 17.6997167139
0.0214162888854 0.194879089616 0.657196 17.7337110482
0.0214129415442 0.194879089616 0.657013 17.7365439093
0.0213895394223 0.194879089616 0.656422 17.7563739377
0.0215423040899 0.196301564723 0.656242 17.7563739377
0.021388716677 0.196301564723 0.650731 17.8866855524
0.0215403688207 0.197724039829 0.650654 17.8866855524
0.0214572398889 0.197724039829 0.64923 17.9575070822
0.0214539280753 0.197724039829 0.649214 17.9603399433
0.0214539280753 0.197724039829 0.649214 17.9603399433
0.021450617284 0.197724039829 0.649188 17.9631728045
0.0214109673444 0.197724039829 0.648382 17.9971671388
0.0214076697982 0.197724039829 0.648254 18.0
0.0214076697982 0.197724039829 0.648254 18.0
0.0214043732676 0.197724039829 0.648127 18.0028328612
0.0213911972915 0.197724039829 0.64752 18.0141643059
0.0215417756578 0.199146514936 0.647479 18.0141643059
0.0214559386973 0.199146514936 0.643331 18.0878186969
0.0214526509347 0.199146514936 0.643284 18.0906515581
0.0214165519351 0.199146514936 0.641785 18.1218130312
0.0214132762313 0.199146514936 0.641658 18.1246458924
0.0212668995899 0.199146514936 0.637025 18.2521246459
0.0214155528554 0.200568990043 0.63696 18.2521246459
0.0210322195704 0.200568990043 0.624287 18.5920679887
0.021029082774 0.200568990043 0.624206 18.5949008499
0.0210196779964 0.200568990043 0.624119 18.6033994334
0.0210165449396 0.200568990043 0.624097 18.6062322946
0.0209478532165 0.200568990043 0.62195 18.6685552408
0.020944741533 0.200568990043 0.621823 18.671388102
0.0208487357682 0.200568990043 0.618953 18.7592067989
0.0208456534595 0.200568990043 0.618724 18.7620396601
0.0208456534595 0.200568990043 0.618724 18.7620396601
0.0208425720621 0.200568990043 0.618629 18.7648725212
0.0207322452581 0.200568990043 0.615071 18.8668555241
0.0207291972949 0.200568990043 0.614854 18.8696883853
0.0203228596137 0.200568990043 0.597595 19.2549575071
0.0204640438103 0.201991465149 0.597593 19.2549575071
0.0202481106516 0.201991465149 0.589374 19.4645892351
0.020245223838 0.201991465149 0.589311 19.4674220963
0.0201761864166 0.201991465149 0.586309 19.5354107649
0.0201733200739 0.201991465149 0.586245 19.5382436261
0.0201019252548 0.201991465149 0.583526 19.6090651558
0.0200990799717 0.201991465149 0.583498 19.611898017
0.0200962354939 0.201991465149 0.583411 19.6147308782
0.0202348945804 0.203413940256 0.583348 19.6147308782
0.0202205882353 0.203413940256 0.583111 19.6288951841
0.0203591121165 0.204836415363 0.582646 19.6288951841
0.0203476049173 0.204836415363 0.582369 19.6402266289
0.020486012998 0.206258890469 0.582313 19.6402266289
0.0204225352113 0.206258890469 0.57957 19.7025495751
0.0204196592029 0.206258890469 0.579408 19.7053824363
0.0203966802645 0.206258890469 0.578067 19.7280453258
0.0203938115331 0.206258890469 0.577846 19.730878187
0.0201612903226 0.206258890469 0.570029 19.9631728045
0.0201584874183 0.206258890469 0.569638 19.9660056657
0.0201249132547 0.206258890469 0.568093 20.0
0.0201221204552 0.206258890469 0.568053 20.0028328612
0.0200775408474 0.206258890469 0.565563 20.0481586402
0.0202132078084 0.207681365576 0.565466 20.0481586402
0.0201296015442 0.207681365576 0.562078 20.1331444759
0.020264681555 0.209103840683 0.562032 20.1331444759
0.0200163398693 0.209103840683 0.551732 20.388101983
0.0200136147039 0.209103840683 0.55169 20.3909348442
0.0198998240152 0.209103840683 0.54661 20.5099150142
0.0198971304819 0.209103840683 0.546586 20.5127478754
0.0198971304819 0.209103840683 0.546586 20.5127478754
0.0198944376776 0.209103840683 0.54654 20.5155807365
0.0198944376776 0.209103840683 0.54654 20.5155807365
0.0198917456022 0.209103840683 0.546535 20.5184135977
0.0197686928456 0.209103840683 0.540995 20.6487252125
0.0197660346914 0.209103840683 0.540796 20.6515580737
0.0195947747267 0.209103840683 0.533888 20.835694051
0.0195921631347 0.209103840683 0.533859 20.8385269122
0.0194856839873 0.209103840683 0.528553 20.954674221
0.0194831013917 0.209103840683 0.52829 20.9575070822
0.019439301772 0.209103840683 0.527015 21.0056657224
0.0194367314558 0.209103840683 0.527005 21.0084985836
0.019235802146 0.209103840683 0.516757 21.2322946176
0.0192332853592 0.209103840683 0.516652 21.2351274788
0.0191906005222 0.209103840683 0.515678 21.283286119
0.0193186268111 0.210526315789 0.515602 21.283286119
0.0192683244369 0.210526315789 0.512732 21.3399433428
0.0193959906274 0.211948790896 0.512391 21.3399433428
0.0193080212518 0.211948790896 0.508387 21.4390934844
0.0193055195647 0.211948790896 0.508382 21.4419263456
0.019228287521 0.211948790896 0.503591 21.5297450425
0.0193548387097 0.213371266003 0.503502 21.5297450425
0.0192406362237 0.213371266003 0.498763 21.6600566572
0.0192381685264 0.213371266003 0.498644 21.6628895184
0.0190718372537 0.213371266003 0.490812 21.8555240793
0.0190694126621 0.213371266003 0.490809 21.8583569405
0.0189035916824 0.213371266003 0.482592 22.0538243626
0.0189012096774 0.213371266003 0.48257 22.0566572238
0.0188631790744 0.213371266003 0.480169 22.1019830028
0.0189865459575 0.21479374111 0.480168 22.1019830028
0.0189770013824 0.21479374111 0.479627 22.1133144476
0.0189746167379 0.21479374111 0.479534 22.1161473088
0.0188091679123 0.21479374111 0.470354 22.3144475921
0.0188068252584 0.21479374111 0.470248 22.3172804533
0.0183319169601 0.21479374111 0.444401 22.9065155807
0.0183296916727 0.21479374111 0.444331 22.9093484419
0.0182919442762 0.21479374111 0.442693 22.9575070822
0.0184108527132 0.216216216216 0.442633 22.9575070822
0.0183663605607 0.216216216216 0.440137 23.0141643059
0.0183641415972 0.216216216216 0.440104 23.0169971671
0.0182144997004 0.216216216216 0.431001 23.209631728
0.0183321351546 0.217638691323 0.430876 23.209631728
0.0182708383091 0.217638691323 0.427717 23.2889518414
0.0182686567164 0.217638691323 0.427446 23.2917847025
0.0181215207865 0.217638691323 0.418994 23.4844192635
0.0181193747039 0.217638691323 0.418983 23.4872521246
0.0180872443551 0.217638691323 0.417195 23.5297450425
0.018085106383 0.217638691323 0.417137 23.5325779037
0.0180637544274 0.217638691323 0.416272 23.5609065156
0.0180616220045 0.217638691323 0.415936 23.5637393768
0.0179577464789 0.217638691323 0.409581 23.7025495751
0.0179556390095 0.217638691323 0.409402 23.7053824363
0.0178155565906 0.217638691323 0.40302 23.895184136
0.0178134823612 0.217638691323 0.402694 23.8980169972
0.0176552042465 0.217638691323 0.393229 24.1161473088
0.0176531671859 0.217638691323 0.393167 24.11898017
0.0174777244688 0.217638691323 0.382926 24.3654390935
0.0174757281553 0.217638691323 0.382877 24.3682719547
0.0172920433996 0.217638691323 0.372488 24.6317280453
0.0174030963951 0.21906116643 0.372276 24.6317280453
0.0173169908917 0.21906116643 0.367086 24.7563739377
0.0173150438498 0.21906116643 0.367077 24.7592067989
0.017305315204 0.21906116643 0.366009 24.7733711048
0.0173033707865 0.21906116643 0.365949 24.776203966
0.0170372828853 0.21906116643 0.351191 25.1699716714
0.0170353982301 0.21906116643 0.351158 25.1728045326
0.0169809240269 0.21906116643 0.347022 25.2549575071
0.0170893054024 0.220483641536 0.346797 25.2549575071
0.017087421453 0.220483641536 0.346676 25.2577903683
0.0170855379189 0.220483641536 0.346567 25.2606232295
0.0169565693031 0.220483641536 0.338966 25.4560906516
0.0170640997594 0.221906116643 0.338939 25.4560906516
0.0170324271209 0.221906116643 0.337311 25.5042492918
0.0170305676856 0.221906116643 0.337166 25.507082153
0.0169069036523 0.221906116643 0.328786 25.6968838527
0.0169050715215 0.221906116643 0.32868 25.6997167139
0.0168212206168 0.221906116643 0.322402 25.8300283286
0.0168194070081 0.221906116643 0.321935 25.8328611898
0.0165341812401 0.221906116643 0.304011 26.2861189802
0.0165324289953 0.221906116643 0.303997 26.2889518414
0.0165061898212 0.221906116643 0.302814 26.3314447592
0.016504443504 0.221906116643 0.302657 26.3342776204
0.0165026975563 0.221906116643 0.302634 26.3371104816
0.0166067273112 0.22332859175 0.302284 26.3371104816
0.0164346278656 0.22332859175 0.291984 26.6175637394
0.0164329076826 0.22332859175 0.291921 26.6203966006
0.0163746349604 0.22332859175 0.287934 26.716713881
0.0164772134738 0.224751066856 0.287584 26.716713881
0.0164549052281 0.224751066856 0.286563 26.7535410765
0.0164531917109 0.224751066856 0.286394 26.7563739377
0.0164002491177 0.224751066856 0.284128 26.8441926346
0.0163985469642 0.224751066856 0.283896 26.8470254958
0.0162184356395 0.224751066856 0.271853 27.1501416431
0.0162167710151 0.224751066856 0.271788 27.1529745042
0.0161802355351 0.224751066856 0.269203 27.2152974504
0.0161785787426 0.224751066856 0.268965 27.2181303116
0.0161736104002 0.224751066856 0.268717 27.2266288952
0.0161719549642 0.224751066856 0.268707 27.2294617564
0.0161306789178 0.224751066856 0.265671 27.3002832861
0.0161290322581 0.224751066856 0.265605 27.3031161473
0.01592581393 0.224751066856 0.253885 27.657223796
0.0159242088289 0.224751066856 0.253809 27.6600566572
0.015877801226 0.224751066856 0.250357 27.7422096317
0.0158762057878 0.224751066856 0.250158 27.7450424929
0.0158762057878 0.224751066856 0.250158 27.7450424929
0.0158746106701 0.224751066856 0.250043 27.7478753541
0.015807903952 0.224751066856 0.244736 27.8668555241
0.015806322529 0.224751066856 0.244681 27.8696883853
0.0158047414224 0.224751066856 0.244652 27.8725212465
0.0158031606321 0.224751066856 0.244632 27.8753541076
0.0158 0.224751066856 0.244208 27.88101983
0.015798420158 0.224751066856 0.243958 27.8838526912
0.0157527417747 0.224751066856 0.2404 27.9660056657
0.0157511713688 0.224751066856 0.24029 27.9688385269
0.0157104504325 0.224751066856 0.236749 28.0424929178
0.015708888447 0.224751066856 0.236475 28.045325779
0.0156746031746 0.224751066856 0.234095 28.1076487252
0.0156730483087 0.224751066856 0.234037 28.1104815864
0.0155987757923 0.224751066856 0.22838 28.2464589235
0.0155972359329 0.224751066856 0.228349 28.2492917847
0.01557110476 0.224751066856 0.226593 28.2974504249
0.0155695703587 0.224751066856 0.226258 28.3002832861
0.015503875969 0.224751066856 0.219244 28.4220963173
0.0155023547881 0.224751066856 0.219234 28.4249291785
0.0154993133216 0.224751066856 0.21856 28.4305949008
0.0154977930358 0.224751066856 0.218504 28.433427762
0.0154780564263 0.224751066856 0.217129 28.4702549575
0.0154765403076 0.224751066856 0.217035 28.4730878187
0.0153234409854 0.224751066856 0.200208 28.7620396601
0.0153219550039 0.224751066856 0.200121 28.7648725212
