1.0 0.0 inf 0.0
1.0 0.00142247510669 0.999859 0.0
1.0 0.00142247510669 0.999859 0.0
1.0 0.00284495021337 0.999792 0.0
1.0 0.00284495021337 0.999792 0.0
1.0 0.00426742532006 0.999756 0.0
0.75 0.00426742532006 0.999711 0.0028328611898
0.8 0.00568990042674 0.999658 0.0028328611898
0.571428571429 0.00568990042674 0.999429 0.00849858356941
0.5 0.00568990042674 0.999401 0.0113314447592
0.2 0.00568990042674 0.998997 0.0453257790368
0.238095238095 0.00711237553343 0.998983 0.0453257790368
0.217391304348 0.00711237553343 0.998908 0.0509915014164
0.25 0.00853485064011 0.998871 0.0509915014164
0.214285714286 0.00853485064011 0.998813 0.0623229461756
0.241379310345 0.0099573257468 0.998809 0.0623229461756
0.21875 0.0099573257468 0.998746 0.070821529745
0.242424242424 0.0113798008535 0.998741 0.070821529745
0.242424242424 0.0113798008535 0.998741 0.070821529745
0.264705882353 0.0128022759602 0.998709 0.070821529745
0.264705882353 0.0128022759602 0.998709 0.070821529745
0.285714285714 0.0142247510669 0.998669 0.070821529745
0.27027027027 0.0142247510669 0.998612 0.0764872521246
0.289473684211 0.0156472261735 0.998589 0.0764872521246
0.203703703704 0.0156472261735 0.998218 0.121813031161
0.218181818182 0.0170697012802 0.998202 0.121813031161
0.173913043478 0.0170697012802 0.997749 0.161473087819
0.185714285714 0.0184921763869 0.997715 0.161473087819
0.183098591549 0.0184921763869 0.997701 0.164305949008
0.194444444444 0.0199146514936 0.997676 0.164305949008
0.191780821918 0.0199146514936 0.99765 0.167138810198
0.202702702703 0.0213371266003 0.997645 0.167138810198
0.197368421053 0.0213371266003 0.997616 0.172804532578
0.194805194805 0.0213371266003 0.997605 0.175637393768
0.192307692308 0.0213371266003 0.997574 0.178470254958
0.20253164557 0.022759601707 0.997548 0.178470254958
0.197530864198 0.022759601707 0.997482 0.184135977337
0.207317073171 0.0241820768137 0.997479 0.184135977337
0.154545454545 0.0241820768137 0.996961 0.263456090652
0.162162162162 0.0256045519203 0.99696 0.263456090652
0.141732283465 0.0256045519203 0.996566 0.308781869688
0.1484375 0.027027027027 0.996513 0.308781869688
0.1484375 0.027027027027 0.996513 0.308781869688
0.15503875969 0.0284495021337 0.996455 0.308781869688
0.141843971631 0.0284495021337 0.996267 0.342776203966
0.140845070423 0.0284495021337 0.996258 0.345609065156
0.140845070423 0.0284495021337 0.996258 0.345609065156
0.13986013986 0.0284495021337 0.996256 0.348441926346
0.132450331126 0.0284495021337 0.996163 0.371104815864
0.131578947368 0.0284495021337 0.996133 0.373937677054
0.119047619048 0.0284495021337 0.995735 0.419263456091
0.12426035503 0.0298719772404 0.995734 0.419263456091
0.123529411765 0.0298719772404 0.995727 0.42209631728
0.122807017544 0.0298719772404 0.995709 0.42492917847
0.119318181818 0.0298719772404 0.995687 0.439093484419
0.118644067797 0.0298719772404 0.995683 0.441926345609
0.113513513514 0.0298719772404 0.9956 0.464589235127
0.118279569892 0.0312944523471 0.99557 0.464589235127
0.117647058824 0.0312944523471 0.995546 0.467422096317
0.117021276596 0.0312944523471 0.995514 0.470254957507
0.115183246073 0.0312944523471 0.995429 0.478753541076
0.114583333333 0.0312944523471 0.995429 0.481586402266
0.113989637306 0.0312944523471 0.995425 0.484419263456
0.113402061856 0.0312944523471 0.995369 0.487252124646
0.110552763819 0.0312944523471 0.995249 0.501416430595
0.115 0.0327169274538 0.995233 0.501416430595
0.115 0.0327169274538 0.995233 0.501416430595
0.114427860697 0.0327169274538 0.995227 0.504249291785
0.112745098039 0.0327169274538 0.995165 0.512747875354
0.117073170732 0.0341394025605 0.995082 0.512747875354
0.114285714286 0.0341394025605 0.995007 0.526912181303
0.118483412322 0.0355618776671 0.994961 0.526912181303
0.116279069767 0.0355618776671 0.994869 0.538243626062
0.115740740741 0.0355618776671 0.994857 0.541076487252
0.111111111111 0.0355618776671 0.994787 0.56657223796
0.115044247788 0.0369843527738 0.994771 0.56657223796
0.111111111111 0.0369843527738 0.994561 0.589235127479
0.114893617021 0.0384068278805 0.994537 0.589235127479
0.10843373494 0.0384068278805 0.994154 0.628895184136
0.112 0.0398293029872 0.99415 0.628895184136
0.110236220472 0.0398293029872 0.994087 0.640226628895
0.109803921569 0.0398293029872 0.994074 0.643059490085
0.109803921569 0.0398293029872 0.994074 0.643059490085
0.109375 0.0398293029872 0.994051 0.645892351275
0.109375 0.0398293029872 0.994051 0.645892351275
0.112840466926 0.0412517780939 0.994033 0.645892351275
0.10780669145 0.0412517780939 0.993701 0.679886685552
0.111111111111 0.0426742532006 0.993691 0.679886685552
0.104895104895 0.0426742532006 0.993332 0.725212464589
0.108013937282 0.0440967283073 0.993331 0.725212464589
0.101307189542 0.0440967283073 0.992927 0.779036827195
0.104234527687 0.0455192034139 0.992903 0.779036827195
0.102893890675 0.0455192034139 0.992705 0.790368271955
0.105769230769 0.0469416785206 0.992687 0.790368271955
0.104761904762 0.0469416785206 0.992588 0.798866855524
0.107594936709 0.0483641536273 0.992581 0.798866855524
0.1065830721 0.0483641536273 0.992524 0.807365439093
0.10625 0.0483641536273 0.992522 0.810198300283
0.105590062112 0.0483641536273 0.992477 0.815864022663
0.108359133127 0.049786628734 0.992447 0.815864022663
0.102040816327 0.049786628734 0.992172 0.872521246459
0.101744186047 0.049786628734 0.992164 0.875354107649
0.100286532951 0.049786628734 0.992045 0.889518413598
0.1 0.049786628734 0.992035 0.892351274788
0.1 0.049786628734 0.992035 0.892351274788
0.0997150997151 0.049786628734 0.992025 0.895184135977
0.0925925925926 0.049786628734 0.991497 0.971671388102
0.0949868073879 0.0512091038407 0.991473 0.971671388102
0.0949868073879 0.0512091038407 0.991473 0.971671388102
0.0973684210526 0.0526315789474 0.991407 0.971671388102
0.0951156812339 0.0526315789474 0.991089 0.99716713881
0.0974358974359 0.0540540540541 0.991051 0.99716713881
0.090692124105 0.0540540540541 0.990193 1.07932011331
0.0928571428571 0.0554765291607 0.99019 1.07932011331
0.0924170616114 0.0554765291607 0.990102 1.08498583569
0.0945626477541 0.0568990042674 0.990099 1.08498583569
0.092807424594 0.0568990042674 0.989979 1.10764872521
0.0925925925926 0.0568990042674 0.989955 1.1104815864
0.0923787528868 0.0568990042674 0.989936 1.11331444759
0.0921658986175 0.0568990042674 0.989933 1.11614730878
0.0917431192661 0.0568990042674 0.989789 1.12181303116
0.091533180778 0.0568990042674 0.989775 1.12464589235
0.091533180778 0.0568990042674 0.989775 1.12464589235
0.0936073059361 0.0583214793741 0.989765 1.12464589235
0.0915178571429 0.0583214793741 0.989419 1.15297450425
0.0935412026726 0.0597439544808 0.989403 1.15297450425
0.0915032679739 0.0597439544808 0.989242 1.18130311615
0.0913043478261 0.0597439544808 0.989179 1.18413597734
0.0913043478261 0.0597439544808 0.989179 1.18413597734
0.0911062906725 0.0597439544808 0.989178 1.18696883853
0.089552238806 0.0597439544808 0.9889 1.20963172805
0.0914893617021 0.0611664295875 0.988883 1.20963172805
0.0907172995781 0.0611664295875 0.988843 1.2209631728
0.0905263157895 0.0611664295875 0.988827 1.22379603399
0.0877551020408 0.0611664295875 0.988416 1.26628895184
0.0875763747454 0.0611664295875 0.988407 1.26912181303
0.0875763747454 0.0611664295875 0.988407 1.26912181303
0.0894308943089 0.0625889046942 0.988373 1.26912181303
0.0887096774194 0.0625889046942 0.98833 1.28045325779
0.0885311871227 0.0625889046942 0.988315 1.28328611898
0.0873015873016 0.0625889046942 0.988218 1.30311614731
0.0871287128713 0.0625889046942 0.988206 1.3059490085
0.0827067669173 0.0625889046942 0.987665 1.38243626062
0.0825515947467 0.0625889046942 0.987647 1.38526912181
0.0822429906542 0.0625889046942 0.987613 1.39093484419
0.0839552238806 0.0640113798009 0.987566 1.39093484419
0.0834879406308 0.0640113798009 0.987488 1.39943342776
0.0851851851852 0.0654338549075 0.987484 1.39943342776
0.0840950639854 0.0654338549075 0.987348 1.41926345609
0.0857664233577 0.0668563300142 0.987326 1.41926345609
0.0851449275362 0.0668563300142 0.987203 1.43059490085
0.0849909584087 0.0668563300142 0.9872 1.43342776204
0.0846846846847 0.0668563300142 0.98712 1.43909348442
0.0863309352518 0.0682788051209 0.98709 1.43909348442
0.0813559322034 0.0682788051209 0.986373 1.53541076487
0.0812182741117 0.0682788051209 0.986364 1.53824362606
0.0808080808081 0.0682788051209 0.986312 1.54674220963
0.0806722689076 0.0682788051209 0.986278 1.54957507082
0.0801335559265 0.0682788051209 0.986163 1.56090651558
0.0816666666667 0.0697012802276 0.986157 1.56090651558
0.0813953488372 0.0697012802276 0.986154 1.56657223796
0.0829187396352 0.0711237553343 0.986143 1.56657223796
0.0826446280992 0.0711237553343 0.986132 1.57223796034
0.0825082508251 0.0711237553343 0.986098 1.57507082153
0.0818330605565 0.0711237553343 0.985923 1.58923512748
0.0816993464052 0.0711237553343 0.98589 1.59206798867
0.0814332247557 0.0711237553343 0.985868 1.59773371105
0.0829268292683 0.072546230441 0.985805 1.59773371105
0.0821256038647 0.072546230441 0.985662 1.61473087819
0.0819935691318 0.072546230441 0.98566 1.61756373938
0.0819935691318 0.072546230441 0.98566 1.61756373938
0.0818619582665 0.072546230441 0.985642 1.62039660057
0.0817307692308 0.072546230441 0.985636 1.62322946176
0.0816 0.072546230441 0.985632 1.62606232295
0.0816 0.072546230441 0.985632 1.62606232295
0.0814696485623 0.072546230441 0.98561 1.62889518414
0.0812101910828 0.072546230441 0.985572 1.63456090652
0.0810810810811 0.072546230441 0.985542 1.63739376771
0.0748898678414 0.072546230441 0.983931 1.78470254958
0.074780058651 0.072546230441 0.983925 1.78753541076
0.0744525547445 0.072546230441 0.983876 1.79603399433
0.0743440233236 0.072546230441 0.98381 1.79886685552
0.0727532097004 0.072546230441 0.9835 1.84135977337
0.0740740740741 0.0739687055477 0.983473 1.84135977337
0.0735502121641 0.0739687055477 0.983398 1.85552407932
0.0748587570621 0.0753911806543 0.98334 1.85552407932
0.0744382022472 0.0753911806543 0.983223 1.86685552408
0.0757363253857 0.076813655761 0.983209 1.86685552408
0.0754189944134 0.076813655761 0.983146 1.87535410765
0.0753138075314 0.076813655761 0.983103 1.87818696884
0.0751043115438 0.076813655761 0.983034 1.88385269122
0.0763888888889 0.0782361308677 0.983029 1.88385269122
0.0762829403606 0.0782361308677 0.983018 1.88668555241
0.0775623268698 0.0796586059744 0.983004 1.88668555241
0.0770288858322 0.0796586059744 0.982789 1.90084985836
0.0769230769231 0.0796586059744 0.982768 1.90368271955
0.0759837177748 0.0796586059744 0.982567 1.92917847025
0.0772357723577 0.0810810810811 0.982548 1.92917847025
0.0765100671141 0.0810810810811 0.982292 1.94900849858
0.0764075067024 0.0810810810811 0.982231 1.95184135977
0.0761014686248 0.0810810810811 0.982118 1.96033994334
0.0773333333333 0.0825035561878 0.982115 1.96033994334
0.0762155059133 0.0825035561878 0.981762 1.99150141643
0.0774278215223 0.0839260312945 0.98173 1.99150141643
0.0766233766234 0.0839260312945 0.981524 2.01416430595
0.0765239948119 0.0839260312945 0.981524 2.01699716714
0.0748730964467 0.0839260312945 0.981136 2.06515580737
0.0747782002535 0.0839260312945 0.981113 2.06798866856
0.0744949494949 0.0839260312945 0.981081 2.07648725212
0.0744010088272 0.0839260312945 0.981 2.07932011331
0.0727496917386 0.0839260312945 0.980577 2.13031161473
0.0726600985222 0.0839260312945 0.980538 2.13314447592
0.0721271393643 0.0839260312945 0.980469 2.15014164306
0.0720390720391 0.0839260312945 0.980444 2.15297450425
0.0710843373494 0.0839260312945 0.980165 2.18413597734
0.0709987966306 0.0839260312945 0.980154 2.18696883853
0.0704898446834 0.0839260312945 0.980091 2.20396600567
0.0704057279236 0.0839260312945 0.980018 2.20679886686
0.0702380952381 0.0839260312945 0.979944 2.21246458924
0.0713436385256 0.0853485064011 0.97992 2.21246458924
0.0701754385965 0.0853485064011 0.979373 2.25212464589
0.0700934579439 0.0853485064011 0.979361 2.25495750708
0.0700116686114 0.0853485064011 0.97936 2.25779036827
0.0699300699301 0.0853485064011 0.979332 2.26062322946
0.0697674418605 0.0853485064011 0.979216 2.26628895184
0.0696864111498 0.0853485064011 0.979205 2.26912181303
0.0688863375431 0.0853485064011 0.978785 2.29745042493
0.0699541284404 0.0867709815078 0.978781 2.29745042493
0.0697142857143 0.0867709815078 0.978677 2.3059490085
0.0696347031963 0.0867709815078 0.978667 2.30878186969
0.0690826727067 0.0867709815078 0.978345 2.32861189802
0.0690045248869 0.0867709815078 0.978281 2.33144475921
0.0686164229471 0.0867709815078 0.978181 2.34560906516
0.0685393258427 0.0867709815078 0.978153 2.34844192635
0.0668859649123 0.0867709815078 0.977452 2.41076487252
0.0668127053669 0.0867709815078 0.977437 2.41359773371
0.0649627263046 0.0867709815078 0.976516 2.48725212465
0.0659574468085 0.0881934566145 0.976498 2.48725212465
0.0651945320715 0.0881934566145 0.976333 2.51841359773
0.0651260504202 0.0881934566145 0.976315 2.52124645892
0.0647181628392 0.0881934566145 0.976204 2.53824362606
0.0646506777894 0.0881934566145 0.97619 2.54107648725
0.0642487046632 0.0881934566145 0.975803 2.55807365439
0.064182194617 0.0881934566145 0.97578 2.56090651558
0.0633946830266 0.0881934566145 0.975451 2.59490084986
0.0643513789581 0.0896159317212 0.975426 2.59490084986
0.0640895218718 0.0896159317212 0.975305 2.60623229462
0.0650406504065 0.0910384068279 0.975257 2.60623229462
0.0645161290323 0.0910384068279 0.975057 2.62889518414
0.0644511581067 0.0910384068279 0.975027 2.63172804533
0.0631786771964 0.0910384068279 0.974577 2.68838526912
0.0641025641026 0.0924608819346 0.974556 2.68838526912
0.0641025641026 0.0924608819346 0.974556 2.68838526912
0.064039408867 0.0924608819346 0.974487 2.69121813031
0.0638506876228 0.0924608819346 0.974397 2.69971671388
0.0647693817468 0.0938833570413 0.974378 2.69971671388
0.0645792563601 0.0938833570413 0.974328 2.70821529745
0.0654936461388 0.0953058321479 0.974303 2.70821529745
0.0639923591213 0.0953058321479 0.973546 2.77620396601
0.0648854961832 0.0967283072546 0.973512 2.77620396601
0.0638497652582 0.0967283072546 0.972977 2.82436260623
0.0637898686679 0.0967283072546 0.972927 2.82719546742
0.0593886462882 0.0967283072546 0.969843 3.05099150142
0.0593368237347 0.0967283072546 0.969815 3.05382436261
0.0581693755346 0.0967283072546 0.969391 3.11898016997
0.0581196581197 0.0967283072546 0.969376 3.12181303116
0.0577740016992 0.0967283072546 0.969263 3.14164305949
0.0577249575552 0.0967283072546 0.969243 3.14447592068
0.0576759966073 0.0967283072546 0.969239 3.14730878187
0.0576271186441 0.0967283072546 0.969233 3.15014164306
0.0570469798658 0.0967283072546 0.968986 3.18413597734
0.056999161777 0.0967283072546 0.968983 3.18696883853
0.0568086883876 0.0967283072546 0.968838 3.19830028329
0.0567612687813 0.0967283072546 0.968835 3.20113314448
0.0566194837635 0.0967283072546 0.968773 3.20963172805
0.0565723793677 0.0967283072546 0.968661 3.21246458924
0.0565723793677 0.0967283072546 0.968661 3.21246458924
0.0573566084788 0.0981507823613 0.968643 3.21246458924
0.0567434210526 0.0981507823613 0.968379 3.2492917847
0.0575184880855 0.099573257468 0.968361 3.2492917847
0.0572831423895 0.099573257468 0.968255 3.26345609065
0.0572363041701 0.099573257468 0.968205 3.26628895184
0.0569105691057 0.099573257468 0.967917 3.28611898017
0.0576766856214 0.100995732575 0.967909 3.28611898017
0.0574433656958 0.100995732575 0.967731 3.30028328612
0.0573969280517 0.100995732575 0.967676 3.30311614731
0.0570739549839 0.100995732575 0.96746 3.32294617564
0.0570281124498 0.100995732575 0.967394 3.32577903683
0.0568 0.100995732575 0.967143 3.33994334278
0.0567545963229 0.100995732575 0.967132 3.34277620397
0.055905511811 0.100995732575 0.966596 3.39660056657
0.0558615263572 0.100995732575 0.96659 3.39943342776
0.0554254488681 0.100995732575 0.966297 3.42776203966
0.0561622464899 0.102418207681 0.966235 3.42776203966
0.0561184723305 0.102418207681 0.966155 3.43059490085
0.0568535825545 0.103840682788 0.966127 3.43059490085
0.0558530986993 0.103840682788 0.965508 3.49575070822
0.0558103975535 0.103840682788 0.965492 3.49858356941
0.0552193645991 0.103840682788 0.964804 3.53824362606
0.0551776266062 0.103840682788 0.964789 3.54107648725
0.0550943396226 0.103840682788 0.964701 3.54674220963
0.0550527903469 0.103840682788 0.964683 3.54957507082
0.0548459804658 0.103840682788 0.96448 3.56373937677
0.0548048048048 0.103840682788 0.964428 3.56657223796
0.0536764705882 0.103840682788 0.963361 3.64589235127
0.0536370315944 0.103840682788 0.963348 3.64872521246
0.0534016093636 0.103840682788 0.963246 3.6657223796
0.0540935672515 0.105263157895 0.963246 3.6657223796
0.0540540540541 0.105263157895 0.963235 3.66855524079
0.0540145985401 0.105263157895 0.963219 3.67138810198
0.0531227566403 0.105263157895 0.962426 3.73654390935
0.0530846484935 0.105263157895 0.962424 3.73937677054
0.0529327610873 0.105263157895 0.962361 3.7507082153
0.0528949249464 0.105263157895 0.962351 3.75354107649
0.0525941719972 0.105263157895 0.962054 3.77620396601
0.0525568181818 0.105263157895 0.962042 3.7790368272
0.0521126760563 0.105263157895 0.961532 3.81303116147
0.0520760028149 0.105263157895 0.961517 3.81586402266
0.0518207282913 0.105263157895 0.961368 3.83569405099
0.0517844646606 0.105263157895 0.961327 3.83852691218
0.0516039051604 0.105263157895 0.961195 3.85269121813
0.0515679442509 0.105263157895 0.96113 3.85552407932
0.0506849315068 0.105263157895 0.960101 3.92634560907
0.0506502395619 0.105263157895 0.960022 3.92917847025
0.0503744043567 0.105263157895 0.95978 3.95184135977
0.0503401360544 0.105263157895 0.959759 3.95467422096
0.0500338066261 0.105263157895 0.959569 3.98016997167
0.05 0.105263157895 0.959441 3.98300283286
0.0495646349632 0.105263157895 0.958835 4.01983002833
0.04953145917 0.105263157895 0.958749 4.02266288952
0.0492021276596 0.105263157895 0.958557 4.05099150142
0.0491694352159 0.105263157895 0.958506 4.05382436261
0.0488771466314 0.105263157895 0.958166 4.07932011331
0.049504950495 0.106685633001 0.958152 4.07932011331
0.0494722955145 0.106685633001 0.958147 4.0821529745
0.0500988793672 0.108108108108 0.958145 4.0821529745
0.0497056899935 0.108108108108 0.957735 4.11614730878
0.0496732026144 0.108108108108 0.957675 4.11898016997
0.0493827160494 0.108108108108 0.957446 4.14447592068
0.0493506493506 0.108108108108 0.957422 4.14730878187
0.0476489028213 0.108108108108 0.956024 4.30311614731
0.047619047619 0.108108108108 0.956023 4.3059490085
0.0457831325301 0.108108108108 0.95386 4.48725212465
0.0457555689344 0.108108108108 0.953841 4.49008498584
0.0444184687317 0.108108108108 0.952058 4.63172804533
0.0443925233645 0.108108108108 0.952032 4.63456090652
0.044289044289 0.108108108108 0.951969 4.64589235127
0.0442632498544 0.108108108108 0.951919 4.64872521246
0.0440069484655 0.108108108108 0.951175 4.67705382436
0.0445601851852 0.109530583215 0.95116 4.67705382436
0.0445601851852 0.109530583215 0.95116 4.67705382436
0.0445344129555 0.109530583215 0.951084 4.67988668555
0.0442020665901 0.109530583215 0.950511 4.71671388102
0.0441767068273 0.109530583215 0.950346 4.71954674221
0.0438996579247 0.109530583215 0.95002 4.7507082153
0.0438746438746 0.109530583215 0.94996 4.75354107649
0.0429447852761 0.109530583215 0.948388 4.8611898017
0.0434782608696 0.110953058321 0.948328 4.8611898017
0.0434782608696 0.110953058321 0.948328 4.8611898017
0.0434540389972 0.110953058321 0.948301 4.86402266289
0.0431654676259 0.110953058321 0.947804 4.89801699717
0.0436946902655 0.112375533428 0.947783 4.89801699717
0.0436946902655 0.112375533428 0.947783 4.89801699717
0.0442233278054 0.113798008535 0.947744 4.89801699717
0.0441988950276 0.113798008535 0.947742 4.90084985836
0.0447266703479 0.115220483642 0.947651 4.90084985836
0.0444810543657 0.115220483642 0.94739 4.92917847025
0.0450054884742 0.116642958748 0.947339 4.92917847025
0.0450054884742 0.116642958748 0.947339 4.92917847025
0.0455293472298 0.118065433855 0.947325 4.92917847025
0.0455293472298 0.118065433855 0.947325 4.92917847025
0.0455043859649 0.118065433855 0.947324 4.93201133144
0.0454296661193 0.118065433855 0.947208 4.94050991501
0.0454048140044 0.118065433855 0.947149 4.9433427762
0.0452809601746 0.118065433855 0.947034 4.95750708215
0.0452562704471 0.118065433855 0.947003 4.96033994334
0.0442194992009 0.118065433855 0.945527 5.0821529745
0.0441959531416 0.118065433855 0.945526 5.08498583569
0.0439618644068 0.118065433855 0.945021 5.11331444759
0.0439385918475 0.118065433855 0.944852 5.11614730878
0.0439153439153 0.118065433855 0.94482 5.11898016997
0.0438921205711 0.118065433855 0.944798 5.12181303116
0.0435924369748 0.118065433855 0.944399 5.15864022663
0.044094488189 0.119487908962 0.944396 5.15864022663
0.043956043956 0.119487908962 0.944182 5.17563739377
0.0439330543933 0.119487908962 0.944125 5.17847025496
0.0436817472699 0.119487908962 0.943706 5.20963172805
0.0441787941788 0.120910384068 0.943685 5.20963172805
0.0429509853461 0.120910384068 0.941939 5.36543909348
0.0434343434343 0.122332859175 0.941932 5.36543909348
0.0433905146317 0.122332859175 0.94184 5.37110481586
0.0433686333838 0.122332859175 0.941815 5.37393767705
0.0432813286361 0.122332859175 0.941544 5.38526912181
0.0432595573441 0.122332859175 0.941529 5.388101983
0.0428073668492 0.122332859175 0.940956 5.44759206799
0.0427860696517 0.122332859175 0.94088 5.45042492918
0.0426375805652 0.122332859175 0.940714 5.47025495751
0.0426164519326 0.122332859175 0.94067 5.4730878187
0.0424691358025 0.122332859175 0.940322 5.49291784703
0.042941757157 0.123755334282 0.94031 5.49291784703
0.0428149606299 0.123755334282 0.940202 5.50991501416
0.0427939006394 0.123755334282 0.940202 5.51274787535
0.0427518427518 0.123755334282 0.940115 5.51841359773
0.0432220039293 0.125177809388 0.940089 5.51841359773
0.0432007854688 0.125177809388 0.940087 5.52124645892
0.0431795878312 0.125177809388 0.940061 5.52407932011
0.0431795878312 0.125177809388 0.940061 5.52407932011
0.0431584109858 0.125177809388 0.94001 5.5269121813
0.0422670509126 0.125177809388 0.938278 5.64872521246
0.0422467594815 0.125177809388 0.938247 5.65155807365
0.0421455938697 0.125177809388 0.938018 5.6657223796
0.0426041168023 0.126600284495 0.938013 5.6657223796
0.0421800947867 0.126600284495 0.937525 5.72521246459
0.0421601136902 0.126600284495 0.937415 5.72804532578
0.0417840375587 0.126600284495 0.936719 5.78186968839
0.0422336931018 0.128022759602 0.936651 5.78186968839
0.0419384902144 0.128022759602 0.936269 5.82436260623
0.0419189566837 0.128022759602 0.936103 5.82719546742
0.0416859657249 0.128022759602 0.935666 5.8611898017
0.0416666666667 0.128022759602 0.935612 5.86402266289
0.0412844036697 0.128022759602 0.934855 5.92067988669
0.041265474553 0.128022759602 0.934686 5.92351274788
0.0407055630936 0.128022759602 0.933788 6.00849858357
0.0406871609403 0.128022759602 0.933782 6.01133144476
0.0406320541761 0.128022759602 0.933683 6.01983002833
0.0406137184116 0.128022759602 0.93366 6.02266288952
0.0401606425703 0.128022759602 0.932719 6.09348441926
0.0405887600357 0.129445234708 0.932711 6.09348441926
0.0402476780186 0.129445234708 0.931656 6.14730878187
0.0402298850575 0.129445234708 0.93162 6.15014164306
0.0401766004415 0.129445234708 0.931516 6.15864022663
0.040158870256 0.129445234708 0.931477 6.16147308782
0.0389888603256 0.129445234708 0.929314 6.35410764873
0.0389721627409 0.129445234708 0.929259 6.35694050992
0.038789428815 0.129445234708 0.929062 6.388101983
0.0387729015765 0.129445234708 0.92899 6.39093484419
0.0387729015765 0.129445234708 0.92899 6.39093484419
0.0391822827939 0.130867709815 0.928969 6.39093484419
0.039016115352 0.130867709815 0.928387 6.41926345609
0.0389995760916 0.130867709815 0.928287 6.42209631728
0.0387368421053 0.130867709815 0.927358 6.46742209632
0.0391414141414 0.132290184922 0.927275 6.46742209632
0.0390100671141 0.132290184922 0.927039 6.49008498584
0.0389937106918 0.132290184922 0.92696 6.49291784703
0.0387338608913 0.132290184922 0.926417 6.53824362606
0.0387177352206 0.132290184922 0.926406 6.54107648725
0.0385252692626 0.132290184922 0.926037 6.57507082153
0.0385093167702 0.132290184922 0.926012 6.57790368272
0.0384615384615 0.132290184922 0.925781 6.58640226629
0.0384456386937 0.132290184922 0.925756 6.58923512748
0.0384456386937 0.132290184922 0.925756 6.58923512748
0.0384297520661 0.132290184922 0.925741 6.59206798867
0.0383505154639 0.132290184922 0.92567 6.60623229462
0.0387469084913 0.133712660028 0.925611 6.60623229462
0.0385561936013 0.133712660028 0.924988 6.6402266289
0.0385403854039 0.133712660028 0.924949 6.64305949008
0.0376 0.133712660028 0.922094 6.81586402266
0.0379848060776 0.135135135135 0.921885 6.81586402266
0.0378486055777 0.135135135135 0.921495 6.84135977337
0.0378335324572 0.135135135135 0.921323 6.84419263456
0.0373134328358 0.135135135135 0.919969 6.9433427762
0.0372987828818 0.135135135135 0.919943 6.94617563739
0.0371238765143 0.135135135135 0.919421 6.98016997167
0.0375 0.136557610242 0.919408 6.98016997167
0.0371804802479 0.136557610242 0.918017 7.04249291785
0.0371660859466 0.136557610242 0.917975 7.04532577904
0.0367675220222 0.136557610242 0.916984 7.12464589235
0.0367534456355 0.136557610242 0.916962 7.12747875354
0.0359550561798 0.136557610242 0.914196 7.29178470255
0.0363159865219 0.137980085349 0.914187 7.29178470255
0.0358462675536 0.137980085349 0.912547 7.39093484419
0.0358330254895 0.137980085349 0.912536 7.39376770538
0.0352470930233 0.137980085349 0.910549 7.52124645892
0.0352342898656 0.137980085349 0.91046 7.52407932011
0.0350813743219 0.137980085349 0.909624 7.55807365439
0.0350686912509 0.137980085349 0.909599 7.56090651558
0.0350180505415 0.137980085349 0.909568 7.57223796034
0.0350054132082 0.137980085349 0.909495 7.57507082153
0.0348795397339 0.137980085349 0.908858 7.60339943343
0.0348670021567 0.137980085349 0.90885 7.60623229462
0.0348044492286 0.137980085349 0.90861 7.62039660057
0.0347919655667 0.137980085349 0.90854 7.62322946176
0.0347670250896 0.137980085349 0.908521 7.62889518414
0.0347545682551 0.137980085349 0.908502 7.63172804533
0.0347172512527 0.137980085349 0.908362 7.6402266289
0.0350626118068 0.139402560455 0.908358 7.6402266289
0.0350250178699 0.139402560455 0.908262 7.64872521246
0.0353697749196 0.140825035562 0.908234 7.64872521246
0.0353571428571 0.140825035562 0.908192 7.65155807365
0.035701535166 0.142247510669 0.908025 7.65155807365
0.0354484225452 0.142247510669 0.907315 7.70821529745
0.0354358610914 0.142247510669 0.907205 7.71104815864
0.0351370344343 0.142247510669 0.906296 7.7790368272
0.0354759395855 0.143669985775 0.906292 7.7790368272
0.0351916376307 0.143669985775 0.905222 7.84419263456
0.035179380007 0.143669985775 0.905166 7.84702549575
0.0348516218081 0.143669985775 0.903863 7.92351274788
0.034839599862 0.143669985775 0.903843 7.92634560907
0.034839599862 0.143669985775 0.903843 7.92634560907
0.0348275862069 0.143669985775 0.903669 7.92917847025
0.0347556779078 0.143669985775 0.903467 7.94617563739
0.0350877192982 0.145092460882 0.903465 7.94617563739
0.0349794238683 0.145092460882 0.902896 7.9716713881
0.0349674322935 0.145092460882 0.902839 7.97450424929
0.0348004094166 0.145092460882 0.902312 8.01416430595
0.0347885402456 0.145092460882 0.902245 8.01699716714
0.0345997286296 0.145092460882 0.901557 8.06232294618
0.0345879959308 0.145092460882 0.9015 8.06515580737
0.0345411445987 0.145092460882 0.901187 8.07648725212
0.0345294515911 0.145092460882 0.901178 8.07932011331
0.0340909090909 0.145092460882 0.899205 8.18696883853
0.0340795188774 0.145092460882 0.8992 8.18980169972
0.0334535913414 0.145092460882 0.896641 8.34844192635
0.0334426229508 0.145092460882 0.89664 8.35127478754
0.0333442301406 0.145092460882 0.896225 8.37677053824
0.033660130719 0.146514935989 0.896197 8.37677053824
0.0328025477707 0.146514935989 0.892995 8.60339943343
0.0327921044253 0.146514935989 0.892922 8.60623229462
0.0327295837305 0.146514935989 0.892693 8.62322946176
0.0327191867853 0.146514935989 0.89263 8.62606232295
0.0325537294564 0.146514935989 0.891932 8.67138810198
0.0325434439179 0.146514935989 0.891873 8.67422096317
0.0320872274143 0.146514935989 0.889787 8.80169971671
0.0323886639676 0.147937411095 0.889778 8.80169971671
0.0322680732237 0.147937411095 0.88915 8.83569405099
0.0322580645161 0.147937411095 0.889134 8.83852691218
0.0320789636027 0.147937411095 0.888359 8.8895184136
0.0323774283071 0.149359886202 0.888304 8.8895184136
0.0323475046211 0.149359886202 0.888103 8.89801699717
0.0323375423468 0.149359886202 0.888094 8.90084985836
0.0322184719239 0.149359886202 0.887533 8.93484419263
0.0322085889571 0.149359886202 0.887527 8.93767705382
0.031924597142 0.149359886202 0.886119 9.01983002833
0.0322188449848 0.150782361309 0.886103 9.01983002833
0.0319373305212 0.150782361309 0.884863 9.10198300283
0.0319277108434 0.150782361309 0.884852 9.10481586402
0.0318222755929 0.150782361309 0.884459 9.13597733711
0.03181272509 0.150782361309 0.884444 9.1388101983
0.0317936412717 0.150782361309 0.884391 9.14447592068
0.031784107946 0.150782361309 0.884386 9.14730878187
0.0316040548599 0.150782361309 0.883656 9.20113314448
0.0315946348733 0.150782361309 0.883587 9.20396600567
0.031416716064 0.150782361309 0.882841 9.25779036827
0.0314074074074 0.150782361309 0.882769 9.26062322946
0.0313516711032 0.150782361309 0.8825 9.2776203966
0.0313424009462 0.150782361309 0.88246 9.28045325779
0.0306092982963 0.150782361309 0.879206 9.50991501416
0.0308891454965 0.152204836415 0.879186 9.50991501416
0.030871321408 0.152204836415 0.879053 9.51558073654
0.0308624170753 0.152204836415 0.879026 9.51841359773
0.0307471264368 0.152204836415 0.878625 9.5552407932
0.0310255673657 0.153627311522 0.878603 9.5552407932
0.0309810671256 0.153627311522 0.878332 9.56940509915
0.0309721823917 0.153627311522 0.878308 9.57223796034
0.0308659617033 0.153627311522 0.877797 9.60623229462
0.0308571428571 0.153627311522 0.87779 9.60906515581
0.0301087259548 0.153627311522 0.873289 9.85552407932
0.0301003344482 0.153627311522 0.873253 9.85835694051
0.0300668151448 0.153627311522 0.873024 9.86968838527
0.0300584469802 0.153627311522 0.87302 9.87252124646
0.0300083356488 0.153627311522 0.872676 9.8895184136
0.03 0.153627311522 0.872669 9.89235127479
0.0298837852795 0.153627311522 0.87209 9.93201133144
0.0301521438451 0.155049786629 0.872075 9.93201133144
0.0297732859874 0.155049786629 0.86937 10.0623229462
0.0297651556526 0.155049786629 0.869335 10.0651558074
0.0297002724796 0.155049786629 0.868937 10.0878186969
0.0296921819668 0.155049786629 0.868926 10.0906515581
0.0294117647059 0.155049786629 0.867014 10.1898016997
0.0296735905045 0.156472261735 0.866951 10.1898016997
0.0293255131965 0.156472261735 0.864784 10.3144475921
0.0295842217484 0.157894736842 0.864741 10.3144475921
0.0290044421218 0.157894736842 0.86134 10.5269121813
0.0289968652038 0.157894736842 0.861328 10.5297450425
0.0282730514519 0.157894736842 0.855942 10.8073654391
0.0285204991087 0.159317211949 0.855886 10.8073654391
0.0283042709123 0.159317211949 0.854556 10.8923512748
0.0282971197575 0.159317211949 0.854546 10.895184136
0.028126569563 0.159317211949 0.852961 10.9631728045
0.0281195079086 0.159317211949 0.852909 10.9660056657
0.0279650436954 0.159317211949 0.85185 11.0283286119
0.0279580629056 0.159317211949 0.851836 11.0311614731
0.0279092947919 0.159317211949 0.851341 11.0509915014
0.0279023418037 0.159317211949 0.851292 11.0538243626
0.0277915632754 0.159317211949 0.850463 11.0991501416
0.0277846688167 0.159317211949 0.850445 11.1019830028
0.0275658380507 0.159317211949 0.847839 11.1926345609
0.0275590551181 0.159317211949 0.847829 11.1954674221
0.0272904483431 0.159317211949 0.845862 11.3087818697
0.0275274056029 0.160739687055 0.845855 11.3087818697
0.0274605103281 0.160739687055 0.845193 11.3371104816
0.0274538386783 0.160739687055 0.845082 11.3399433428
0.0274538386783 0.160739687055 0.845082 11.3399433428
0.0274471702696 0.160739687055 0.845029 11.342776204
0.0273607748184 0.160739687055 0.844552 11.3796033994
0.0275962236747 0.162162162162 0.844524 11.3796033994
0.0275895450145 0.162162162162 0.844464 11.3824362606
0.0275828695863 0.162162162162 0.84439 11.3852691218
0.0272596843615 0.162162162162 0.841544 11.5240793201
0.0274922304566 0.163584637269 0.841482 11.5240793201
0.0273483947681 0.163584637269 0.840488 11.5864022663
0.0273418925345 0.163584637269 0.840462 11.5892351275
0.0273029439696 0.163584637269 0.840271 11.6062322946
0.0275338238785 0.165007112376 0.840162 11.6062322946
0.0273778616946 0.165007112376 0.838943 11.6742209632
0.0276073619632 0.166429587482 0.838878 11.6742209632
0.0273684210526 0.166429587482 0.837047 11.7790368272
0.02736202058 0.166429587482 0.837002 11.7818696884
0.0271840148699 0.166429587482 0.835344 11.8611898017
0.0271777003484 0.166429587482 0.835253 11.8640226629
0.0268841911765 0.166429587482 0.832798 11.9971671388
0.026878015162 0.166429587482 0.832567 12.0
0.026718428865 0.166429587482 0.831436 12.0736543909
0.0267123287671 0.166429587482 0.831396 12.0764872521
0.0266940451745 0.166429587482 0.831324 12.0849858357
0.0266879562044 0.166429587482 0.831239 12.0878186969
0.0266636280766 0.166429587482 0.831165 12.0991501416
0.0266575529733 0.166429587482 0.831163 12.1019830028
0.0266575529733 0.166429587482 0.831163 12.1019830028
0.0266514806378 0.166429587482 0.831057 12.104815864
0.0264347040217 0.166429587482 0.828808 12.2067988669
0.0264287327761 0.166429587482 0.828756 12.209631728
0.0263454176987 0.166429587482 0.827719 12.2492917847
0.0263394867177 0.166429587482 0.827711 12.2521246459
0.0262155500784 0.166429587482 0.826033 12.3116147309
0.0264336917563 0.167852062589 0.825954 12.3116147309
0.0264277715566 0.167852062589 0.825789 12.3144475921
0.0266457680251 0.169274537696 0.825688 12.3144475921
0.0266278809577 0.169274537696 0.825611 12.3229461756
0.0266219239374 0.169274537696 0.825611 12.3257790368
0.0264856443356 0.169274537696 0.824594 12.3909348442
0.0264797507788 0.169274537696 0.824586 12.3937677054
0.0258864476833 0.169274537696 0.81831 12.6855524079
0.0260983036103 0.170697012802 0.818212 12.6855524079
0.0260642919201 0.170697012802 0.817718 12.7025495751
0.0260586319218 0.170697012802 0.817718 12.7053824363
0.0258009030316 0.170697012802 0.815793 12.835694051
0.0257953568358 0.170697012802 0.815785 12.8385269122
0.0256904303147 0.170697012802 0.814591 12.8923512748
0.0258989726027 0.172119487909 0.814452 12.8923512748
0.0258381379458 0.172119487909 0.814078 12.9235127479
0.0258326216909 0.172119487909 0.814078 12.9263456091
0.0257720979766 0.172119487909 0.813617 12.9575070822
0.0257666098807 0.172119487909 0.813503 12.9603399433
0.0257611241218 0.172119487909 0.813376 12.9631728045
0.0259684972329 0.173541963016 0.813335 12.9631728045
0.0258638965444 0.173541963016 0.812475 13.0169971671
0.0258584145825 0.173541963016 0.812458 13.0198300283
0.0257383966245 0.173541963016 0.81053 13.0821529745
0.0257329677283 0.173541963016 0.81051 13.0849858357
0.0257112750263 0.173541963016 0.810245 13.0963172805
0.0257058575643 0.173541963016 0.81023 13.0991501416
0.025635637739 0.173541963016 0.809295 13.1359773371
0.0256302521008 0.173541963016 0.809277 13.1388101983
0.025144270404 0.173541963016 0.803226 13.3994334278
0.0251390892232 0.173541963016 0.803124 13.402266289
0.0250770811922 0.173541963016 0.802484 13.4362606232
0.0250719276613 0.173541963016 0.802482 13.4390934844
0.0250051240008 0.173541963016 0.801556 13.4759206799
0.025 0.173541963016 0.801537 13.4787535411
0.0248928790043 0.173541963016 0.799666 13.5382436261
0.0250917992656 0.174964438122 0.79965 13.5382436261
0.0247236180905 0.174964438122 0.795296 13.7450424929
0.0247186495177 0.174964438122 0.795212 13.7478753541
0.0242603550296 0.174964438122 0.789178 14.0141643059
0.0242555708933 0.174964438122 0.789093 14.0169971671
0.0239859594384 0.174964438122 0.78469 14.178470255
0.0239812829012 0.174964438122 0.784596 14.1813031161
0.0236811705814 0.174964438122 0.78038 14.3654390935
0.023676612127 0.174964438122 0.780312 14.3682719547
0.0236629472874 0.174964438122 0.780057 14.3767705382
0.0236583958454 0.174964438122 0.780028 14.3796033994
0.0235541937955 0.174964438122 0.778881 14.4447592068
0.0235496840896 0.174964438122 0.778776 14.447592068
0.023304281925 0.174964438122 0.775737 14.6033994334
0.0232998673991 0.174964438122 0.775681 14.6062322946
0.0232426303855 0.174964438122 0.774719 14.6430594901
0.0234271679577 0.176386913229 0.774679 14.6430594901
0.0231343283582 0.176386913229 0.770099 14.8328611898
0.0231300130573 0.176386913229 0.769792 14.835694051
0.0231127679404 0.176386913229 0.7696 14.8470254958
0.0231084606783 0.176386913229 0.769582 14.8498583569
0.0230397621702 0.176386913229 0.768346 14.895184136
0.0232212520899 0.177809388336 0.768313 14.895184136
0.0231653076353 0.177809388336 0.767755 14.9320113314
0.0231610153789 0.177809388336 0.767728 14.9348441926
0.0230797636632 0.177809388336 0.765979 14.9886685552
0.023075503046 0.177809388336 0.76589 14.9915014164
0.0229694965086 0.177809388336 0.764795 15.0623229462
0.0229652765019 0.177809388336 0.764765 15.0651558074
0.0227852716004 0.177809388336 0.762328 15.1869688385
0.0229633679606 0.179231863442 0.762073 15.1869688385
0.0229633679606 0.179231863442 0.762073 15.1869688385
0.0229591836735 0.179231863442 0.761953 15.1898016997
0.0229424617626 0.179231863442 0.761677 15.2011331445
0.0229382850901 0.179231863442 0.761663 15.2039660057
0.0229132569558 0.179231863442 0.76123 15.2209631728
0.0230909090909 0.180654338549 0.761219 15.2209631728
0.0225537204759 0.180654338549 0.752362 15.5920679887
0.0225497159091 0.180654338549 0.752362 15.5949008499
0.0224699221515 0.180654338549 0.750607 15.6515580737
0.0224659472846 0.180654338549 0.750599 15.6543909348
0.0223670306446 0.180654338549 0.748735 15.7252124646
0.0223630920937 0.180654338549 0.748575 15.7280453258
0.0222846113353 0.180654338549 0.746981 15.7847025496
0.0222807017544 0.180654338549 0.746778 15.7875354108
0.0222650771388 0.180654338549 0.746151 15.7988668555
0.0222611744084 0.180654338549 0.746149 15.8016997167
0.0221640488656 0.180654338549 0.744414 15.8725212465
0.0221601814692 0.180654338549 0.74441 15.8753541076
0.0218852317767 0.180654338549 0.738451 16.0793201133
0.0220537560303 0.182076813656 0.738353 16.0793201133
0.0219893489091 0.182076813656 0.736733 16.1274787535
0.0219855719684 0.182076813656 0.736679 16.1303116147
0.021929073154 0.182076813656 0.735749 16.1728045326
0.0219253168893 0.182076813656 0.735723 16.1756373938
0.0218095075822 0.182076813656 0.733047 16.2634560907
0.0219761499148 0.183499288762 0.732884 16.2634560907
0.0218718209563 0.183499288762 0.73072 16.342776204
0.0218681132395 0.183499288762 0.730666 16.3456090652
0.0218421943786 0.183499288762 0.729671 16.3654390935
0.0220077873709 0.184921763869 0.729525 16.3654390935
0.02194092827 0.184921763869 0.727753 16.4164305949
0.0219372257847 0.184921763869 0.727628 16.4192634561
0.0219261258222 0.184921763869 0.727314 16.4277620397
0.0220910623946 0.186344238976 0.727259 16.4277620397
0.0220501599057 0.186344238976 0.725764 16.4589235127
0.0220464490071 0.186344238976 0.725732 16.4617563739
0.0220020154518 0.186344238976 0.725084 16.4957507082
0.0219983207389 0.186344238976 0.725042 16.4985835694
0.0219614417435 0.186344238976 0.724387 16.5269121813
0.0219577606436 0.186344238976 0.72384 16.5297450425
0.0219136835062 0.186344238976 0.722931 16.5637393768
0.0220772704466 0.187766714083 0.72258 16.5637393768
0.0220367278798 0.187766714083 0.722169 16.5949008499
0.0220330495744 0.187766714083 0.722083 16.597733711
0.0220110055028 0.187766714083 0.721873 16.6147308782
0.0221740580193 0.189189189189 0.721868 16.6147308782
0.0220820189274 0.189189189189 0.720077 16.6855524079
0.0222443559097 0.190611664296 0.719992 16.6855524079
0.0219025825433 0.190611664296 0.711651 16.9518413598
0.0218990031051 0.190611664296 0.71153 16.954674221
0.0218169977206 0.190611664296 0.709947 17.0198300283
0.0218134461989 0.190611664296 0.709947 17.0226628895
0.0215468724875 0.190611664296 0.7036 17.2379603399
0.0217041800643 0.192034139403 0.703575 17.2379603399
0.0215896369743 0.192034139403 0.70056 17.3314447592
0.0215861848417 0.192034139403 0.700547 17.3342776204
0.0214047883304 0.192034139403 0.697594 17.4844192635
0.0214013950539 0.192034139403 0.69757 17.4872521246
0.0213946117274 0.192034139403 0.697409 17.492917847
0.0213912216764 0.192034139403 0.697347 17.4957507082
0.0212330921673 0.192034139403 0.69408 17.6288951841
0.0212297531058 0.192034139403 0.69407 17.6317280453
0.0211168465509 0.192034139403 0.691313 17.7280453258
0.0212699405693 0.193456614509 0.691293 17.7280453258
0.0210950829843 0.193456614509 0.686852 17.8781869688
0.0210918114144 0.193456614509 0.68675 17.88101983
0.0210135970334 0.193456614509 0.684565 17.9490084986
0.0210103506875 0.193456614509 0.684446 17.9518413598
0.0208397180509 0.193456614509 0.680088 18.1019830028
0.020836525203 0.193456614509 0.680017 18.104815864
0.0208110175976 0.193456614509 0.679607 18.1274787535
0.0208078335373 0.193456614509 0.679588 18.1303116147
0.0207951070336 0.193456614509 0.679146 18.1416430595
0.0209448096621 0.194879089616 0.678956 18.1416430595
0.020890515401 0.194879089616 0.67692 18.1898016997
0.0208873303857 0.194879089616 0.676807 18.1926345609
0.0208428419291 0.194879089616 0.675892 18.2322946176
0.0208396714329 0.194879089616 0.675871 18.2351274788
0.0208048595292 0.194879089616 0.67513 18.2662889518
0.020801700577 0.194879089616 0.675036 18.269121813
0.0205551387847 0.194879089616 0.667872 18.492917847
0.0205520552055 0.194879089616 0.667819 18.4957507082
0.020466089035 0.194879089616 0.66564 18.5750708215
0.0206123973114 0.196301564723 0.665534 18.5750708215
0.02036900369 0.196301564723 0.659204 18.8016997167
0.0205135773318 0.197724039829 0.659202 18.8016997167
0.0204984515558 0.197724039829 0.658828 18.8158640227
0.020495429077 0.197724039829 0.658719 18.8186968839
0.020450198617 0.197724039829 0.657134 18.8611898017
0.0204471903501 0.197724039829 0.657013 18.8640226629
0.0204231560388 0.197724039829 0.656268 18.8866855524
0.0205670633172 0.199146514936 0.656242 18.8866855524
0.0203962703963 0.199146514936 0.650731 19.0481586402
0.0205389657684 0.200568990043 0.650654 19.0481586402
0.0204585026117 0.200568990043 0.64923 19.1246458924
0.0204555346003 0.200568990043 0.649214 19.1274787535
0.0204555346003 0.200568990043 0.649214 19.1274787535
0.02045256745 0.200568990043 0.649188 19.1303116147
0.0204111175449 0.200568990043 0.648382 19.1699716714
0.0204081632653 0.200568990043 0.648254 19.1728045326
0.0204081632653 0.200568990043 0.648254 19.1728045326
0.0204052098408 0.200568990043 0.648127 19.1756373938
0.0203934046861 0.200568990043 0.64752 19.1869688385
0.0205350686913 0.201991465149 0.647479 19.1869688385
0.0204375359816 0.201991465149 0.643331 19.2804532578
0.0204345949057 0.201991465149 0.643284 19.283286119
0.0203847258111 0.201991465149 0.641692 19.3314447592
0.0203817999139 0.201991465149 0.641658 19.3342776204
0.0202048947069 0.201991465149 0.637011 19.507082153
0.0203442879499 0.203413940256 0.63696 19.507082153
0.019952560346 0.203413940256 0.624287 19.8980169972
0.0199497767857 0.203413940256 0.624206 19.9008498584
0.0199414307628 0.203413940256 0.624119 19.9093484419
0.0199386503067 0.203413940256 0.624097 19.9121813031
0.0198721511951 0.203413940256 0.62195 19.9801699717
0.0198693900236 0.203413940256 0.621823 19.9830028329
0.0197786998617 0.203413940256 0.618953 20.0764872521
0.0197759645969 0.203413940256 0.618724 20.0793201133
0.0197759645969 0.203413940256 0.618724 20.0793201133
0.0197732300885 0.203413940256 0.618629 20.0821529745
0.0196644664466 0.203413940256 0.614954 20.1954674221
0.0196617626839 0.203413940256 0.614854 20.1983002833
0.0196590596646 0.203413940256 0.614576 20.2011331445
0.019793814433 0.204836415363 0.614329 20.2011331445
0.0197802197802 0.204836415363 0.613439 20.2152974504
0.0197775030902 0.204836415363 0.61343 20.2181303116
0.0193600430223 0.204836415363 0.597595 20.6628895184
0.0194918671864 0.206258890469 0.597593 20.6628895184
0.0192819148936 0.206258890469 0.589374 20.8923512748
0.0192793511501 0.206258890469 0.589311 20.895184136
0.0192154783992 0.206258890469 0.586309 20.9660056657
0.019212932291 0.206258890469 0.586245 20.9688385269
0.0191419141914 0.206258890469 0.583526 21.0481586402
0.0191393875396 0.206258890469 0.583498 21.0509915014
0.0191343362365 0.206258890469 0.583411 21.0566572238
0.0192637551128 0.207681365576 0.583348 21.0566572238
0.0192510548523 0.207681365576 0.583111 21.0708215297
0.0193803559657 0.209103840683 0.582646 21.0708215297
0.0193675889328 0.209103840683 0.582369 21.0849858357
0.0194967724937 0.210526315789 0.582313 21.0849858357
0.0194327731092 0.210526315789 0.57957 21.1558073654
0.0194302218721 0.210526315789 0.579408 21.1586402266
0.0194022024122 0.210526315789 0.578067 21.1898016997
0.0193996591952 0.210526315789 0.577846 21.1926345609
0.0191511387164 0.210526315789 0.569649 21.4730878187
0.0191486608876 0.210526315789 0.569638 21.4759206799
0.0191189768764 0.210526315789 0.568093 21.5099150142
0.0191165073624 0.210526315789 0.568053 21.5127478754
0.0190697075119 0.210526315789 0.565563 21.566572238
0.0191960834836 0.211948790896 0.565466 21.566572238
0.0191074634522 0.211948790896 0.562078 21.6685552408
0.0192332350301 0.213371266003 0.562032 21.6685552408
0.0190089975922 0.213371266003 0.553105 21.9291784703
0.0190065889508 0.213371266003 0.552989 21.9320113314
0.0189801341263 0.213371266003 0.551732 21.9631728045
0.0189777327935 0.213371266003 0.55169 21.9660056657
0.0188679245283 0.213371266003 0.54661 22.0963172805
0.018865551503 0.213371266003 0.546586 22.0991501416
0.018865551503 0.213371266003 0.546586 22.0991501416
0.0188631790744 0.213371266003 0.54654 22.1019830028
0.0188631790744 0.213371266003 0.54654 22.1019830028
0.0188608072425 0.213371266003 0.546535 22.104815864
0.0187382885696 0.213371266003 0.540995 22.2521246459
0.018735948039 0.213371266003 0.540796 22.2549575071
0.0185689527111 0.213371266003 0.533888 22.4589235127
0.0185666542889 0.213371266003 0.533859 22.4617563739
0.0184547244094 0.213371266003 0.52839 22.6005665722
0.0184524541764 0.213371266003 0.52829 22.6033994334
0.0184116852829 0.213371266003 0.527015 22.6543909348
0.0184094256259 0.213371266003 0.527005 22.657223796
0.0182083029862 0.213371266003 0.516757 22.9121813031
0.0182060929724 0.213371266003 0.516652 22.9150141643
0.0181620050854 0.213371266003 0.515678 22.9716713881
0.0182808716707 0.21479374111 0.515602 22.9716713881
0.0182191119691 0.21479374111 0.512469 23.0509915014
0.0183375557968 0.216216216216 0.512391 23.0509915014
0.0183375557968 0.216216216216 0.512391 23.0509915014
0.0184559710495 0.217638691323 0.512294 23.0509915014
0.0183651422398 0.217638691323 0.508387 23.1671388102
0.0183629380701 0.217638691323 0.508382 23.1699716714
0.0182708383091 0.217638691323 0.503579 23.2889518414
0.0183880597015 0.21906116643 0.503502 23.2889518414
0.0182767624021 0.21906116643 0.498734 23.433427762
0.0182745935683 0.21906116643 0.498644 23.4362606232
0.0181048671526 0.21906116643 0.490812 23.6600566572
0.0181027389209 0.21906116643 0.490809 23.6628895184
0.0179215640638 0.21906116643 0.482592 23.9065155807
0.0179194787061 0.21906116643 0.48257 23.9093484419
0.0178675020304 0.21906116643 0.480169 23.9801699717
0.0179814385151 0.220483641536 0.480168 23.9801699717
0.0179730983302 0.220483641536 0.479627 23.9915014164
0.0179710144928 0.220483641536 0.479534 23.9943342776
0.0177976805603 0.220483641536 0.470354 24.2322946176
0.0177956371986 0.220483641536 0.470248 24.2351274788
0.0173049011946 0.220483641536 0.44439 24.9348441926
0.0173029694128 0.220483641536 0.444331 24.9376770538
0.0172663473321 0.220483641536 0.442693 24.9915014164
0.0173758075295 0.221906116643 0.442633 24.9915014164
0.0173314076214 0.221906116643 0.440137 25.0566572238
0.0173294823373 0.221906116643 0.440104 25.059490085
0.0171692714066 0.221906116643 0.431001 25.2974504249
0.0172774292946 0.22332859175 0.430876 25.2974504249
0.0172111379084 0.22332859175 0.427484 25.3966005666
0.0172092513428 0.22332859175 0.427446 25.3994334278
0.0170559478544 0.22332859175 0.418994 25.6317280453
0.0170540951553 0.22332859175 0.418983 25.6345609065
0.0170189701897 0.22332859175 0.417195 25.6883852691
0.0170171255148 0.22332859175 0.417137 25.6912181303
0.0169895033005 0.22332859175 0.416048 25.7337110482
0.0169876650076 0.22332859175 0.415936 25.7365439093
0.0168744625967 0.22332859175 0.409581 25.9121813031
0.0168726491134 0.22332859175 0.409402 25.9150141643
0.0167234767789 0.22332859175 0.402805 26.1501416431
0.0167216956012 0.22332859175 0.402694 26.1529745042
0.0165419871457 0.22332859175 0.393193 26.4419263456
0.0165402444164 0.22332859175 0.393167 26.4447592068
0.0163541666667 0.22332859175 0.382926 26.7507082153
0.0163524632851 0.22332859175 0.382877 26.7535410765
0.0161622400659 0.22332859175 0.372488 27.0736543909
0.016263510036 0.224751066856 0.372276 27.0736543909
0.0161603763936 0.224751066856 0.367086 27.2492917847
0.0161587236654 0.224751066856 0.367077 27.2521246459
0.0161471640266 0.224751066856 0.366009 27.2719546742
0.0161455139996 0.224751066856 0.365949 27.2747875354
0.0158841861868 0.224751066856 0.351191 27.730878187
0.0158825894652 0.224751066856 0.351158 27.7337110482
0.0158284912843 0.224751066856 0.347022 27.8300283286
0.0159270760292 0.226173541963 0.346797 27.8300283286
0.0159238858287 0.226173541963 0.346628 27.835694051
0.0159222912077 0.226173541963 0.346567 27.8385269122
0.0157816377171 0.226173541963 0.338966 28.0906515581
0.0158793171894 0.22759601707 0.338939 28.0906515581
0.0158510005944 0.22759601707 0.337311 28.1416430595
0.0158494304111 0.22759601707 0.337166 28.1444759207
0.0157248157248 0.22759601707 0.328786 28.3711048159
0.0157232704403 0.22759601707 0.32868 28.3739376771
0.015634160641 0.22759601707 0.322139 28.5382436261
0.0156326331216 0.22759601707 0.321935 28.5410764873
0.0153846153846 0.22759601707 0.306835 29.0084985836
0.0153831362369 0.22759601707 0.305809 29.0113314448
0.0153506667946 0.22759601707 0.304011 29.0736543909
0.0153491941673 0.22759601707 0.303997 29.0764872521
0.0153212678349 0.22759601707 0.302814 29.1303116147
0.0153198008426 0.22759601707 0.302657 29.1331444759
0.0153183341312 0.22759601707 0.302634 29.1359773371
0.0153168677006 0.22759601707 0.302607 29.1388101983
0.0153168677006 0.22759601707 0.302607 29.1388101983
0.0154111228104 0.229018492176 0.302284 29.1388101983
0.0154008035202 0.229018492176 0.301855 29.1586402266
0.0153993304639 0.229018492176 0.301763 29.1614730878
0.015234670704 0.229018492176 0.291984 29.4815864023
0.0152332292554 0.229018492176 0.291921 29.4844192635
0.015170074437 0.229018492176 0.287692 29.6090651558
0.0152628603731 0.230440967283 0.287584 29.6090651558
0.0152427549868 0.230440967283 0.286563 29.6487252125
0.0152413209145 0.230440967283 0.286394 29.6515580737
0.0151856017998 0.230440967283 0.284128 29.7620396601
0.015184178461 0.230440967283 0.283896 29.7648725212
0.0149722735675 0.230440967283 0.271853 30.1926345609
0.0149708899362 0.230440967283 0.271788 30.1954674221
0.014922623434 0.230440967283 0.269119 30.2946175637
0.0149212489638 0.230440967283 0.268965 30.2974504249
0.0149157536138 0.230440967283 0.268717 30.3087818697
0.0149143804088 0.230440967283 0.268707 30.3116147309
0.0149061464851 0.230440967283 0.268211 30.328611898
0.0149047750483 0.230440967283 0.268146 30.3314447592
0.0148828663298 0.230440967283 0.266706 30.3767705382
0.0148814991733 0.230440967283 0.266502 30.3796033994
0.0148651128647 0.230440967283 0.265671 30.4135977337
0.0148637489678 0.230440967283 0.265605 30.4164305949
0.0146898803047 0.230440967283 0.257064 30.7818696884
0.0146885483725 0.230440967283 0.25706 30.7847025496
0.0146407591505 0.230440967283 0.253885 30.8866855524
0.0146394361106 0.230440967283 0.253809 30.8895184136
0.0145814581458 0.230440967283 0.250236 31.0141643059
0.0145801458015 0.230440967283 0.250158 31.0169971671
0.0145788336933 0.230440967283 0.250107 31.0198300283
0.0145775218213 0.230440967283 0.250043 31.0226628895
0.0144901610018 0.230440967283 0.244687 31.2124645892
0.0144888650389 0.230440967283 0.244681 31.2152974504
0.0144875693078 0.230440967283 0.244652 31.2181303116
0.0144862738085 0.230440967283 0.244632 31.2209631728
0.0144785056752 0.230440967283 0.243981 31.2379603399
0.0144772117962 0.230440967283 0.243958 31.2407932011
0.0144153764015 0.230440967283 0.2404 31.3767705382
0.0144140937806 0.230440967283 0.24029 31.3796033994
0.0143680709534 0.230440967283 0.236749 31.4815864023
0.0143667967364 0.230440967283 0.236475 31.4844192635
0.0143248739942 0.230440967283 0.234091 31.5779036827
0.0143236074271 0.230440967283 0.234037 31.5807365439
0.0142317490995 0.230440967283 0.22838 31.7875354108
0.0142304989459 0.230440967283 0.228349 31.790368272
0.0141930961977 0.230440967283 0.226372 31.8753541076
0.0141918528252 0.230440967283 0.226258 31.8781869688
0.0141781900928 0.230440967283 0.225282 31.9093484419
0.0141769493305 0.230440967283 0.225177 31.9121813031
0.0141090402369 0.230440967283 0.219244 32.0679886686
0.0141078115475 0.230440967283 0.219234 32.0708215297
0.0141028989292 0.230440967283 0.21856 32.0821529745
0.0141016713092 0.230440967283 0.218504 32.0849858357
0.0140771637122 0.230440967283 0.217129 32.1416430595
0.0140759405683 0.230440967283 0.217035 32.1444759207
0.0139151348566 0.230440967283 0.20317 32.5212464589
0.0139139397063 0.230440967283 0.203134 32.5240793201
0.0138781804163 0.230440967283 0.200121 32.6090651558
0.0138769916053 0.230440967283 0.200091 32.611898017
