1.0 0.0 inf 0.0
1.0 0.00142653352354 8.291371 0.0
1.0 0.00142653352354 8.291371 0.0
1.0 0.00285306704708 8.219538 0.0
0.5 0.00285306704708 7.964972 0.0056657223796
0.4 0.00285306704708 7.876225 0.00849858356941
0.333333333333 0.00285306704708 7.796017 0.0113314447592
0.285714285714 0.00285306704708 7.693444 0.014164305949
0.285714285714 0.00285306704708 7.693444 0.014164305949
0.25 0.00285306704708 7.690177 0.0169971671388
0.25 0.00285306704708 7.690177 0.0169971671388
0.222222222222 0.00285306704708 7.563789 0.0198300283286
0.222222222222 0.00285306704708 7.563789 0.0198300283286
0.2 0.00285306704708 7.555832 0.0226628895184
0.142857142857 0.00285306704708 7.1048 0.0339943342776
0.2 0.00427960057061 7.079572 0.0339943342776
0.176470588235 0.00427960057061 7.06015 0.0396600566572
0.166666666667 0.00427960057061 7.01764 0.042492917847
0.157894736842 0.00427960057061 7.000637 0.0453257790368
0.2 0.00570613409415 6.927991 0.0453257790368
0.16 0.00570613409415 6.867106 0.0594900849858
0.192307692308 0.00713266761769 6.854418 0.0594900849858
0.147058823529 0.00713266761769 6.735159 0.0821529745042
0.171428571429 0.00855920114123 6.715129 0.0821529745042
0.153846153846 0.00855920114123 6.624092 0.0934844192635
0.175 0.00998573466476 6.569338 0.0934844192635
0.175 0.00998573466476 6.569338 0.0934844192635
0.19512195122 0.0114122681883 6.559652 0.0934844192635
0.181818181818 0.0114122681883 6.487401 0.101983002833
0.177777777778 0.0114122681883 6.485345 0.104815864023
0.166666666667 0.0114122681883 6.417323 0.113314447592
0.163265306122 0.0114122681883 6.407683 0.116147308782
0.163265306122 0.0114122681883 6.407683 0.116147308782
0.18 0.0128388017118 6.402267 0.116147308782
0.176470588235 0.0128388017118 6.400698 0.118980169972
0.192307692308 0.0142653352354 6.394212 0.118980169972
0.192307692308 0.0142653352354 6.394212 0.118980169972
0.188679245283 0.0142653352354 6.393093 0.121813031161
0.188679245283 0.0142653352354 6.393093 0.121813031161
0.185185185185 0.0142653352354 6.387722 0.124645892351
0.166666666667 0.0142653352354 6.289186 0.14164305949
0.16393442623 0.0142653352354 6.288799 0.14447592068
0.15625 0.0142653352354 6.264436 0.152974504249
0.153846153846 0.0142653352354 6.256859 0.155807365439
0.147058823529 0.0142653352354 6.233 0.164305949008
0.144927536232 0.0142653352354 6.226061 0.167138810198
0.133333333333 0.0142653352354 6.152752 0.184135977337
0.131578947368 0.0142653352354 6.144224 0.186968838527
0.123456790123 0.0142653352354 6.120784 0.201133144476
0.134146341463 0.0156918687589 6.105542 0.201133144476
0.129411764706 0.0156918687589 6.090047 0.209631728045
0.127906976744 0.0156918687589 6.075034 0.212464589235
0.123595505618 0.0156918687589 6.061408 0.220963172805
0.133333333333 0.0171184022825 6.06089 0.220963172805
0.127659574468 0.0171184022825 6.041962 0.232294617564
0.136842105263 0.018544935806 6.038332 0.232294617564
0.134020618557 0.018544935806 6.031198 0.237960339943
0.132653061224 0.018544935806 6.029336 0.240793201133
0.131313131313 0.018544935806 6.028984 0.243626062323
0.13 0.018544935806 6.027798 0.246458923513
0.128712871287 0.018544935806 6.019999 0.249291784703
0.127450980392 0.018544935806 6.019601 0.252124645892
0.127450980392 0.018544935806 6.019601 0.252124645892
0.135922330097 0.0199714693295 6.016278 0.252124645892
0.12962962963 0.0199714693295 5.995268 0.266288951841
0.137614678899 0.0213980028531 5.98666 0.266288951841
0.131578947368 0.0213980028531 5.963776 0.28045325779
0.139130434783 0.0228245363766 5.956417 0.28045325779
0.135593220339 0.0228245363766 5.925453 0.28895184136
0.142857142857 0.0242510699001 5.924299 0.28895184136
0.141666666667 0.0242510699001 5.924083 0.29178470255
0.140495867769 0.0242510699001 5.907869 0.294617563739
0.131782945736 0.0242510699001 5.877064 0.317280453258
0.130769230769 0.0242510699001 5.862397 0.320113314448
0.127819548872 0.0242510699001 5.84696 0.328611898017
0.126865671642 0.0242510699001 5.829911 0.331444759207
0.114093959732 0.0242510699001 5.744599 0.373937677054
0.113333333333 0.0242510699001 5.737673 0.376770538244
0.113333333333 0.0242510699001 5.737673 0.376770538244
0.112582781457 0.0242510699001 5.736649 0.379603399433
0.112582781457 0.0242510699001 5.736649 0.379603399433
0.118421052632 0.0256776034237 5.732076 0.379603399433
0.118421052632 0.0256776034237 5.732076 0.379603399433
0.124183006536 0.0271041369472 5.728032 0.379603399433
0.11801242236 0.0271041369472 5.695018 0.402266288952
0.117283950617 0.0271041369472 5.694095 0.405099150142
0.114457831325 0.0271041369472 5.684096 0.416430594901
0.11377245509 0.0271041369472 5.661188 0.419263456091
0.107954545455 0.0271041369472 5.613279 0.444759206799
0.107344632768 0.0271041369472 5.610716 0.447592067989
0.0994764397906 0.0271041369472 5.536063 0.487252124646
0.0989583333333 0.0271041369472 5.532256 0.490084985836
0.0989583333333 0.0271041369472 5.532256 0.490084985836
0.0984455958549 0.0271041369472 5.531204 0.492917847025
0.0954773869347 0.0271041369472 5.511866 0.509915014164
0.1 0.0285306704708 5.510045 0.509915014164
0.0975609756098 0.0285306704708 5.466839 0.524079320113
0.101941747573 0.0299572039943 5.46252 0.524079320113
0.1004784689 0.0299572039943 5.451711 0.532577903683
0.1 0.0299572039943 5.437938 0.535410764873
0.0976744186047 0.0299572039943 5.398086 0.549575070822
0.0972222222222 0.0299572039943 5.396433 0.552407932011
0.0972222222222 0.0299572039943 5.396433 0.552407932011
0.101382488479 0.0313837375178 5.395216 0.552407932011
0.100917431193 0.0313837375178 5.393498 0.555240793201
0.100456621005 0.0313837375178 5.382966 0.558073654391
0.1 0.0313837375178 5.377749 0.560906515581
0.10407239819 0.0328102710414 5.377635 0.560906515581
0.100436681223 0.0328102710414 5.358159 0.583569405099
0.1 0.0328102710414 5.356532 0.586402266289
0.0974576271186 0.0328102710414 5.335116 0.603399433428
0.0970464135021 0.0328102710414 5.335098 0.606232294618
0.0958333333333 0.0328102710414 5.31356 0.614730878187
0.0954356846473 0.0328102710414 5.312061 0.617563739377
0.094262295082 0.0328102710414 5.296866 0.626062322946
0.0938775510204 0.0328102710414 5.28429 0.628895184136
0.0845588235294 0.0328102710414 5.175591 0.705382436261
0.0879120879121 0.0342368045649 5.168798 0.705382436261
0.0842105263158 0.0342368045649 5.133389 0.739376770538
0.0839160839161 0.0342368045649 5.132024 0.742209631728
0.0821917808219 0.0342368045649 5.104505 0.759206798867
0.0853242320819 0.0356633380884 5.103874 0.759206798867
0.0771604938272 0.0356633380884 4.986963 0.847025495751
0.0769230769231 0.0356633380884 4.986746 0.849858356941
0.0739644970414 0.0356633380884 4.938028 0.886685552408
0.0737463126844 0.0356633380884 4.935122 0.889518413598
0.0720461095101 0.0356633380884 4.914765 0.912181303116
0.0747126436782 0.037089871612 4.9127 0.912181303116
0.0734463276836 0.037089871612 4.892328 0.929178470255
0.0760563380282 0.0385164051355 4.888613 0.929178470255
0.0760563380282 0.0385164051355 4.888613 0.929178470255
0.0758426966292 0.0385164051355 4.886931 0.932011331445
0.0758426966292 0.0385164051355 4.886931 0.932011331445
0.078431372549 0.0399429386591 4.88021 0.932011331445
0.0744680851064 0.0399429386591 4.826434 0.985835694051
0.0769230769231 0.0413694721826 4.825532 0.985835694051
0.0749354005168 0.0413694721826 4.798657 1.01416430595
0.0747422680412 0.0413694721826 4.796872 1.01699716714
0.0730478589421 0.0413694721826 4.770048 1.04249291785
0.072864321608 0.0413694721826 4.761674 1.04532577904
0.0703883495146 0.0413694721826 4.731367 1.08498583569
0.0726392251816 0.0427960057061 4.729172 1.08498583569
0.0726392251816 0.0427960057061 4.729172 1.08498583569
0.0748792270531 0.0442225392297 4.726093 1.08498583569
0.070938215103 0.0442225392297 4.678027 1.15014164306
0.0707762557078 0.0442225392297 4.676584 1.15297450425
0.0688888888889 0.0442225392297 4.64706 1.18696883853
0.0687361419069 0.0442225392297 4.640257 1.18980169972
0.0687361419069 0.0442225392297 4.640257 1.18980169972
0.070796460177 0.0456490727532 4.637122 1.18980169972
0.0689655172414 0.0456490727532 4.610162 1.22379603399
0.0688172043011 0.0456490727532 4.609312 1.22662889518
0.0676532769556 0.0456490727532 4.601923 1.2492917847
0.0696202531646 0.0470756062767 4.598575 1.2492917847
0.0680412371134 0.0470756062767 4.580197 1.28045325779
0.0699588477366 0.0485021398003 4.578656 1.28045325779
0.0692464358452 0.0485021398003 4.569135 1.29461756374
0.0691056910569 0.0485021398003 4.567425 1.29745042493
0.0673267326733 0.0485021398003 4.54648 1.3342776204
0.0671936758893 0.0485021398003 4.543872 1.33711048159
0.0665362035225 0.0485021398003 4.535231 1.35127478754
0.068359375 0.0499286733238 4.534005 1.35127478754
0.0657894736842 0.0499286733238 4.493357 1.40793201133
0.0675422138837 0.0513552068474 4.490467 1.40793201133
0.0660550458716 0.0513552068474 4.474899 1.44192634561
0.0659340659341 0.0513552068474 4.471666 1.4447592068
0.0641711229947 0.0513552068474 4.45054 1.48725212465
0.0640569395018 0.0513552068474 4.450235 1.49008498584
0.0615384615385 0.0513552068474 4.41505 1.5552407932
0.061433447099 0.0513552068474 4.414732 1.55807365439
0.0610169491525 0.0513552068474 4.407828 1.56940509915
0.0609137055838 0.0513552068474 4.405307 1.57223796034
0.058064516129 0.0513552068474 4.339876 1.65439093484
0.0595813204509 0.0527817403709 4.336722 1.65439093484
0.0583596214511 0.0527817403709 4.312319 1.69121813031
0.0582677165354 0.0527817403709 4.311217 1.6940509915
0.0531609195402 0.0527817403709 4.188709 1.86685552408
0.0545193687231 0.0542082738944 4.187893 1.86685552408
0.0542857142857 0.0542082738944 4.186737 1.87535410765
0.0542082738944 0.0542082738944 4.186602 1.87818696884
0.0535211267606 0.0542082738944 4.174526 1.90368271955
0.0548523206751 0.055634807418 4.173911 1.90368271955
0.0545454545455 0.055634807418 4.169801 1.91501416431
0.0558659217877 0.0570613409415 4.16657 1.91501416431
0.0555555555556 0.0570613409415 4.161571 1.92634560907
0.0554785020804 0.0570613409415 4.161146 1.92917847025
0.0545702592087 0.0570613409415 4.15022 1.96317280453
0.0544959128065 0.0570613409415 4.148297 1.96600566572
0.054347826087 0.0570613409415 4.146043 1.9716713881
0.055630936228 0.058487874465 4.145245 1.9716713881
0.055330634278 0.058487874465 4.139179 1.98300283286
0.05525606469 0.058487874465 4.139164 1.98583569405
0.0532467532468 0.058487874465 4.101325 2.06515580737
0.05317769131 0.058487874465 4.101279 2.06798866856
0.0520965692503 0.058487874465 4.080152 2.11331444759
0.0520304568528 0.058487874465 4.077337 2.11614730878
0.0504926108374 0.058487874465 4.048323 2.18413597734
0.050430504305 0.058487874465 4.047601 2.18696883853
0.0471264367816 0.058487874465 3.984899 2.34844192635
0.0482204362801 0.0599144079886 3.984872 2.34844192635
0.047032474804 0.0599144079886 3.963058 2.41076487252
0.0480984340045 0.0613409415121 3.96266 2.41076487252
0.0473568281938 0.0613409415121 3.947784 2.45042492918
0.047304730473 0.0613409415121 3.947133 2.45325779037
0.0464864864865 0.0613409415121 3.92862 2.49858356941
0.0464362850972 0.0613409415121 3.927505 2.50141643059
0.0458911419424 0.0613409415121 3.916862 2.53257790368
0.046908315565 0.0627674750357 3.916801 2.53257790368
0.0464135021097 0.0627674750357 3.9054 2.56090651558
0.0463645943098 0.0627674750357 3.902064 2.56373937677
0.0455486542443 0.0627674750357 3.881557 2.611898017
0.0455015511892 0.0627674750357 3.879838 2.61473087819
0.0441767068273 0.0627674750357 3.841716 2.69688385269
0.0441323971916 0.0627674750357 3.84163 2.69971671388
0.0437810945274 0.0627674750357 3.834894 2.7223796034
0.044731610338 0.0641940085592 3.8335 2.7223796034
0.0443786982249 0.0641940085592 3.824836 2.74504249292
0.0453201970443 0.0656205420827 3.824313 2.74504249292
0.045142296369 0.0656205420827 3.817453 2.75637393768
0.0460784313725 0.0670470756063 3.816511 2.75637393768
0.0447619047619 0.0670470756063 3.775316 2.84135977337
0.0456707897241 0.0684736091298 3.773034 2.84135977337
0.0448179271709 0.0684736091298 3.749346 2.89801699717
0.044776119403 0.0684736091298 3.74932 2.90084985836
0.0439963336389 0.0684736091298 3.728897 2.95467422096
0.0448717948718 0.0699001426534 3.728731 2.95467422096
0.04478976234 0.0699001426534 3.724168 2.96033994334
0.0447488584475 0.0699001426534 3.723329 2.96317280453
0.0434397163121 0.0699001426534 3.691911 3.0566572238
0.0434012400354 0.0699001426534 3.69101 3.05949008499
0.0429824561404 0.0699001426534 3.680534 3.09065155807
0.0429447852761 0.0699001426534 3.679524 3.09348441926
0.0424978317433 0.0699001426534 3.668949 3.12747875354
0.0433275563258 0.0713266761769 3.66636 3.12747875354
0.0414593698176 0.0713266761769 3.613316 3.27478753541
0.0414250207125 0.0713266761769 3.612808 3.2776203966
0.0411861614498 0.0713266761769 3.603355 3.29745042493
0.041975308642 0.0727532097004 3.60259 3.29745042493
0.0415986949429 0.0727532097004 3.593719 3.32861189802
0.041564792176 0.0727532097004 3.592531 3.33144475921
0.0408981555734 0.0727532097004 3.571242 3.388101983
0.0408653846154 0.0727532097004 3.570317 3.39093484419
0.0406698564593 0.0727532097004 3.562639 3.40793201133
0.0414342629482 0.074179743224 3.56233 3.40793201133
0.0412698412698 0.074179743224 3.558766 3.42209631728
0.0420301348136 0.0756062767475 3.557798 3.42209631728
0.0415035238841 0.0756062767475 3.544816 3.46742209632
0.0414710485133 0.0756062767475 3.544304 3.47025495751
0.0413416536661 0.0756062767475 3.54246 3.48158640227
0.0420888542479 0.077032810271 3.542414 3.48158640227
0.0413793103448 0.077032810271 3.521752 3.54390934844
0.042113323124 0.0784593437946 3.521713 3.54390934844
0.0411368735976 0.0784593437946 3.498666 3.63172804533
0.0411061285501 0.0784593437946 3.498612 3.63456090652
0.0405904059041 0.0784593437946 3.47863 3.68271954674
0.0405604719764 0.0784593437946 3.478566 3.68555240793
0.0402635431918 0.0784593437946 3.469903 3.71388101983
0.0409656181419 0.0798858773181 3.466468 3.71388101983
0.040520984081 0.0798858773181 3.455559 3.75637393768
0.0412147505423 0.0813124108417 3.455408 3.75637393768
0.0408602150538 0.0813124108417 3.445722 3.79036827195
0.0408309455587 0.0813124108417 3.445605 3.79320113314
0.0405693950178 0.0813124108417 3.436976 3.81869688385
0.0405405405405 0.0813124108417 3.436884 3.82152974504
0.0405117270789 0.0813124108417 3.435799 3.82436260623
0.0411931818182 0.0827389443652 3.434711 3.82436260623
0.0395095367847 0.0827389443652 3.379462 3.99433427762
0.0394826412526 0.0827389443652 3.379164 3.99716713881
0.0392422192152 0.0827389443652 3.37551 4.02266288952
0.0398918187965 0.0841654778887 3.374488 4.02266288952
0.0390469887492 0.0841654778887 3.348452 4.11331444759
0.0390211640212 0.0841654778887 3.347971 4.11614730878
0.0387902695595 0.0841654778887 3.342844 4.14164305949
0.03876478318 0.0841654778887 3.342653 4.14447592068
0.0380399742102 0.0841654778887 3.317392 4.22662889518
0.0380154639175 0.0841654778887 3.316956 4.22946175637
0.0377720870679 0.0841654778887 3.308198 4.25779036827
0.0383877159309 0.0855920114123 3.304719 4.25779036827
0.0381922342457 0.0855920114123 3.298545 4.28045325779
0.0388040712468 0.0870185449358 3.298171 4.28045325779
0.0386565272497 0.0870185449358 3.292919 4.29745042493
0.0392653578214 0.0884450784593 3.291627 4.29745042493
0.0376442015786 0.0884450784593 3.238105 4.49008498584
0.0376213592233 0.0884450784593 3.23793 4.49291784703
0.0370149253731 0.0884450784593 3.221649 4.56940509915
0.0375894988067 0.0898716119829 3.220819 4.56940509915
0.0360824742268 0.0898716119829 3.174631 4.76770538244
0.0366342301088 0.0912981455064 3.174169 4.76770538244
0.0360970107163 0.0912981455064 3.158053 4.84135977337
0.0366403607666 0.09272467903 3.157766 4.84135977337
0.036312849162 0.09272467903 3.143281 4.88668555241
0.036850921273 0.0941512125535 3.142413 4.88668555241
0.0364640883978 0.0941512125535 3.130654 4.94050991501
0.0369961347322 0.095577746077 3.130546 4.94050991501
0.0369349503859 0.095577746077 3.128228 4.94900849858
0.0374655647383 0.0970042796006 3.128007 4.94900849858
0.0373421197144 0.0970042796006 3.125851 4.96600566572
0.0378704720088 0.0984308131241 3.125597 4.96600566572
0.0378496982995 0.0984308131241 3.124811 4.96883852691
0.0378289473684 0.0984308131241 3.124289 4.9716713881
0.037216828479 0.0984308131241 3.100324 5.0566572238
0.0377358490566 0.0998573466476 3.100121 5.0566572238
0.0373333333333 0.0998573466476 3.088696 5.11331444759
0.0373134328358 0.0998573466476 3.087969 5.11614730878
0.0369393139842 0.0998573466476 3.078857 5.16997167139
0.0369198312236 0.0998573466476 3.078676 5.17280453258
0.0367647058824 0.0998573466476 3.075069 5.1954674221
0.0372703412073 0.101283880171 3.075047 5.1954674221
0.0361691288844 0.101283880171 3.043195 5.3597733711
0.036150712831 0.101283880171 3.041947 5.36260623229
0.0347868691818 0.101283880171 2.99162 5.58073654391
0.0347698334966 0.101283880171 2.991057 5.5835694051
0.0344660194175 0.101283880171 2.981076 5.63456090652
0.0349344978166 0.102710413695 2.97959 5.63456090652
0.0349344978166 0.102710413695 2.97959 5.63456090652
0.0349175557711 0.102710413695 2.977992 5.63739376771
0.0348837209302 0.102710413695 2.976845 5.64305949008
0.0348668280872 0.102710413695 2.975955 5.64589235127
0.0330426801285 0.102710413695 2.899594 5.96883852691
0.0334862385321 0.104136947218 2.899323 5.96883852691
0.0334249084249 0.104136947218 2.896682 5.98016997167
0.033409610984 0.104136947218 2.895057 5.98300283286
0.0333790580704 0.104136947218 2.892988 5.98866855524
0.0333638025594 0.104136947218 2.892606 5.99150141643
0.0333181195801 0.104136947218 2.891525 6.0
0.0337591240876 0.105563480742 2.890284 6.0
0.0336363636364 0.105563480742 2.883336 6.02266288952
0.0336210813267 0.105563480742 2.883258 6.02549575071
0.0336058128974 0.105563480742 2.882837 6.0283286119
0.0340444847935 0.106990014265 2.882703 6.0283286119
0.0338906461817 0.106990014265 2.876754 6.0566572238
0.0338753387534 0.106990014265 2.876708 6.05949008499
0.0334075723831 0.106990014265 2.855966 6.14730878187
0.0338379341051 0.108416547789 2.854799 6.14730878187
0.0335837384004 0.108416547789 2.843849 6.1954674221
0.0335689045936 0.108416547789 2.843837 6.19830028329
0.033494931688 0.108416547789 2.840529 6.21246458924
0.0334801762115 0.108416547789 2.840008 6.21529745042
0.0333919156415 0.108416547789 2.837142 6.23229461756
0.0338164251208 0.109843081312 2.836933 6.23229461756
0.0333622183709 0.109843081312 2.819394 6.32011331445
0.0333477695972 0.109843081312 2.819384 6.32294617564
0.0328078397955 0.109843081312 2.802621 6.43059490085
0.032793867121 0.109843081312 2.80255 6.43342776204
0.0323665405633 0.109843081312 2.782686 6.52124645892
0.0323529411765 0.109843081312 2.782011 6.52407932011
0.0316872427984 0.109843081312 2.753631 6.6657223796
0.0316742081448 0.109843081312 2.752877 6.66855524079
0.0316481709823 0.109843081312 2.7523 6.67422096317
0.031635168447 0.109843081312 2.751558 6.67705382436
0.031635168447 0.109843081312 2.751558 6.67705382436
0.0316221765914 0.109843081312 2.751152 6.67988668555
0.0313645621181 0.109843081312 2.742903 6.73654390935
0.0313517915309 0.109843081312 2.742687 6.73937677054
0.030652866242 0.109843081312 2.709229 6.89801699717
0.0306406685237 0.109843081312 2.70901 6.90084985836
0.0305555555556 0.109843081312 2.704944 6.92067988669
0.0309401031337 0.111269614836 2.704819 6.92067988669
0.0307692307692 0.111269614836 2.699318 6.96033994334
0.0307570977918 0.111269614836 2.698582 6.96317280453
0.0302795031056 0.111269614836 2.680945 7.07648725212
0.0306558013194 0.112696148359 2.680793 7.07648725212
0.0305845915602 0.112696148359 2.675925 7.09348441926
0.030572755418 0.112696148359 2.67591 7.09631728045
0.0300608828006 0.112696148359 2.657122 7.2209631728
0.0304298212248 0.114122681883 2.656774 7.2209631728
0.0303951367781 0.114122681883 2.655521 7.22946175637
0.0303835928599 0.114122681883 2.654696 7.23229461756
0.0297951582868 0.114122681883 2.629707 7.37960339943
0.030156366344 0.115549215407 2.628174 7.37960339943
0.0298672566372 0.115549215407 2.614729 7.45325779037
0.0298562476963 0.115549215407 2.614565 7.45609065156
0.029702970297 0.115549215407 2.609681 7.49575070822
0.0296920821114 0.115549215407 2.609389 7.49858356941
0.0296812019055 0.115549215407 2.60935 7.50141643059
0.0296703296703 0.115549215407 2.607887 7.50424929178
0.0294652600946 0.115549215407 2.598166 7.55807365439
0.0294545454545 0.115549215407 2.597287 7.56090651558
0.0294545454545 0.115549215407 2.597287 7.56090651558
0.0294438386041 0.115549215407 2.597044 7.56373937677
0.029347826087 0.115549215407 2.591829 7.58923512748
0.0296993842811 0.11697574893 2.59067 7.58923512748
0.0296778863554 0.11697574893 2.58974 7.59490084986
0.0296671490593 0.11697574893 2.589592 7.59773371105
0.0293381037567 0.11697574893 2.575316 7.68555240793
0.0293276108727 0.11697574893 2.575152 7.68838526912
0.0292961772061 0.11697574893 2.574361 7.69688385269
0.0292857142857 0.11697574893 2.57357 7.69971671388
0.0289752650177 0.11697574893 2.555115 7.78470254958
0.0293182620982 0.118402282454 2.554851 7.78470254958
0.0293079096045 0.118402282454 2.554691 7.78753541076
0.0292975644193 0.118402282454 2.554348 7.79036827195
0.0289198606272 0.118402282454 2.537438 7.89518413598
0.0292580982236 0.119828815977 2.536826 7.89518413598
0.029106029106 0.119828815977 2.529908 7.93767705382
0.0294423276758 0.121255349501 2.52986 7.93767705382
0.029049897471 0.121255349501 2.51318 8.04815864023
0.0290399726683 0.121255349501 2.512438 8.05099150142
0.0282392026578 0.121255349501 2.477033 8.28611898017
0.028561939555 0.122681883024 2.476722 8.28611898017
0.0284297520661 0.122681883024 2.470545 8.32577903683
0.0287508261732 0.124108416548 2.470288 8.32577903683
0.0286184210526 0.124108416548 2.46421 8.36543909348
0.0289378493916 0.125534950071 2.464102 8.36543909348
0.0283322601417 0.125534950071 2.43167 8.54957507082
0.0286449951722 0.126961483595 2.430931 8.54957507082
0.0285073670724 0.126961483595 2.424126 8.59206798867
0.0284982388729 0.126961483595 2.423961 8.59490084986
0.027803811309 0.126961483595 2.388419 8.81586402266
0.027795128045 0.126961483595 2.386439 8.81869688385
0.0277691107644 0.126961483595 2.384614 8.82719546742
0.0277604491578 0.126961483595 2.384484 8.83002832861
0.0275371287129 0.126961483595 2.37587 8.90368271955
0.0278379214352 0.128388017118 2.375269 8.90368271955
0.0277863538129 0.128388017118 2.371761 8.92067988669
0.0280864197531 0.129814550642 2.370049 8.92067988669
0.0280431432974 0.129814550642 2.368059 8.93484419263
0.0283425754775 0.131241084165 2.367904 8.93484419263
0.0283076923077 0.131241084165 2.365774 8.94617563739
0.0282989849277 0.131241084165 2.363975 8.94900849858
0.0282989849277 0.131241084165 2.363975 8.94900849858
0.0282902829028 0.131241084165 2.363728 8.95184135977
0.0282122048451 0.131241084165 2.360917 8.97733711048
0.0282035561006 0.131241084165 2.360743 8.98016997167
0.0280573345532 0.131241084165 2.349221 9.0283286119
0.0283536585366 0.132667617689 2.347622 9.0283286119
0.0283191230207 0.132667617689 2.34652 9.03966005666
0.0283105022831 0.132667617689 2.346424 9.04249291785
0.028173280824 0.132667617689 2.34023 9.08781869688
0.0284675953967 0.134094151213 2.339596 9.08781869688
0.0278683664394 0.134094151213 2.307566 9.28895184136
0.0281564908121 0.135520684736 2.307131 9.28895184136
0.0281481481481 0.135520684736 2.306971 9.29178470255
0.0284360189573 0.13694721826 2.306087 9.29178470255
0.0282852091927 0.13694721826 2.296136 9.34277620397
0.0285714285714 0.138373751783 2.295788 9.34277620397
0.0285462036492 0.138373751783 2.294576 9.35127478754
0.0285378052368 0.138373751783 2.294306 9.35410764873
0.0284791544334 0.138373751783 2.289998 9.37393767705
0.0284707954212 0.138373751783 2.289463 9.37677053824
0.0281077948421 0.138373751783 2.27125 9.50141643059
0.0283893395133 0.139800285307 2.270233 9.50141643059
0.0281771132835 0.139800285307 2.259605 9.57507082153
0.0281690140845 0.139800285307 2.259448 9.57790368272
0.0278646573784 0.139800285307 2.243778 9.68555240793
0.0281409891984 0.14122681883 2.243707 9.68555240793
0.0278402699663 0.14122681883 2.227818 9.79320113314
0.02783244307 0.14122681883 2.227148 9.79603399433
0.027801179444 0.14122681883 2.225067 9.80736543909
0.0277933745087 0.14122681883 2.224331 9.81019830028
0.0277699859748 0.14122681883 2.223869 9.81869688385
0.0280426247897 0.142653352354 2.223032 9.81869688385
0.0277392510402 0.142653352354 2.207347 9.92917847025
0.0277315585136 0.142653352354 2.207137 9.93201133144
0.0276778300581 0.142653352354 2.204624 9.95184135977
0.0279468732706 0.144079885877 2.204396 9.95184135977
0.0278928472798 0.144079885877 2.198529 9.9716713881
0.027885146328 0.144079885877 2.197592 9.97450424929
0.0273638580331 0.144079885877 2.174027 10.1699716714
0.0273564463705 0.144079885877 2.173968 10.1728045326
0.0272310595848 0.144079885877 2.168337 10.2209631728
0.0272237196765 0.144079885877 2.168279 10.223796034
0.0272017236736 0.144079885877 2.16462 10.2322946176
0.0271943995692 0.144079885877 2.164329 10.2351274788
0.0267337215458 0.144079885877 2.140552 10.4164305949
0.0269912675311 0.145506419401 2.140088 10.4164305949
0.0268138801262 0.145506419401 2.129698 10.4872521246
0.0268068331143 0.145506419401 2.128794 10.4900849858
0.0263225806452 0.145506419401 2.103524 10.6883852691
0.0263157894737 0.145506419401 2.102707 10.6912181303
0.026302217638 0.145506419401 2.102265 10.6968838527
0.0262954369683 0.145506419401 2.100998 10.6997167139
0.0256217030897 0.145506419401 2.06772 10.9886685552
0.0256152687092 0.145506419401 2.066277 10.9915014164
0.0255 0.145506419401 2.058202 11.0424929178
0.025743564109 0.146932952924 2.058153 11.0424929178
0.0256729810568 0.146932952924 2.054053 11.0736543909
0.0256665836033 0.146932952924 2.053141 11.0764872521
0.0255519722153 0.146932952924 2.041502 11.1274787535
0.0255456349206 0.146932952924 2.04143 11.1303116147
0.0253944773176 0.146932952924 2.03387 11.1983002833
0.0256347054474 0.148359486448 2.033544 11.1983002833
0.0256157635468 0.148359486448 2.032617 11.2067988669
0.0256094557991 0.148359486448 2.031439 11.209631728
0.0255842558426 0.148359486448 2.030002 11.2209631728
0.0258239055583 0.149786019971 2.02983 11.2209631728
0.0257100881489 0.149786019971 2.021846 11.2719546742
0.0259485924113 0.151212553495 2.02156 11.2719546742
0.0257531584062 0.151212553495 2.009023 11.3597733711
0.0259897983969 0.152639087019 2.009019 11.3597733711
0.025845410628 0.152639087019 2.000196 11.4249291785
0.0258391692828 0.152639087019 1.999825 11.4277620397
0.0256656272487 0.152639087019 1.987862 11.507082153
0.0256594724221 0.152639087019 1.98721 11.5099150142
0.025518721679 0.152639087019 1.977991 11.5750708215
0.0255126371006 0.152639087019 1.977952 11.5779036827
0.0253014897139 0.152639087019 1.964049 11.6770538244
0.0252955082742 0.152639087019 1.963892 11.6798866856
0.0251232683729 0.152639087019 1.953667 11.7620396601
0.025117370892 0.152639087019 1.953629 11.7648725212
0.0249941602429 0.152639087019 1.9468 11.8243626062
0.0252218589444 0.154065620542 1.945963 11.8243626062
0.0250463821892 0.154065620542 1.937193 11.9093484419
0.0250405750058 0.154065620542 1.936855 11.9121813031
0.0249768732655 0.154065620542 1.933564 11.9433427762
0.0252023121387 0.155492154066 1.932862 11.9433427762
0.0249885373682 0.155492154066 1.91665 12.0481586402
0.0252120100848 0.156918687589 1.916027 12.0481586402
0.0248925096176 0.156918687589 1.898216 12.2067988669
0.0248868778281 0.156918687589 1.897481 12.209631728
0.0247357769283 0.156918687589 1.885545 12.2861189802
0.0247302158273 0.156918687589 1.88533 12.2889518414
0.0246415770609 0.156918687589 1.880573 12.3342776204
0.0248600223964 0.158345221113 1.880453 12.3342776204
0.0246502331779 0.158345221113 1.871429 12.4419263456
0.0246447602131 0.158345221113 1.869546 12.4447592068
0.0244708994709 0.158345221113 1.857594 12.5354107649
0.0244655058409 0.158345221113 1.856875 12.5382436261
0.0241514360313 0.158345221113 1.837732 12.7053824363
0.0241461822928 0.158345221113 1.837638 12.7082152975
0.0241094700261 0.158345221113 1.83594 12.7280453258
0.0241042345277 0.158345221113 1.835664 12.730878187
0.0240937703495 0.158345221113 1.835156 12.7365439093
0.0243055555556 0.159771754636 1.834861 12.7365439093
0.0242529233434 0.159771754636 1.830723 12.7648725212
0.0244641697337 0.16119828816 1.830716 12.7648725212
0.0240579093038 0.16119828816 1.806696 12.9858356941
0.0240527884206 0.16119828816 1.806342 12.9886685552
0.0239457512185 0.16119828816 1.797304 13.0481586402
0.0241525423729 0.162624821683 1.797145 13.0481586402
0.0240760295671 0.162624821683 1.793757 13.0906515581
0.0240709459459 0.162624821683 1.792685 13.0934844193
0.023894361769 0.162624821683 1.785526 13.1926345609
0.0238893545683 0.162624821683 1.785357 13.1954674221
0.0238393977415 0.162624821683 1.781689 13.223796034
0.024043487351 0.164051355207 1.781346 13.223796034
0.023784901758 0.164051355207 1.763605 13.3711048159
0.0237799834574 0.164051355207 1.763322 13.3739376771
0.0237750671904 0.164051355207 1.763078 13.3767705382
0.0237701529558 0.164051355207 1.762298 13.3796033994
0.0235849056604 0.164051355207 1.747899 13.4872521246
0.0237851137995 0.16547788873 1.747649 13.4872521246
0.0236108284144 0.16547788873 1.731715 13.5892351275
0.023606023606 0.16547788873 1.731548 13.5920679887
0.0235246400324 0.16547788873 1.726448 13.6402266289
0.0237226277372 0.166904422254 1.726071 13.6402266289
0.0233160621762 0.166904422254 1.6983 13.8838526912
0.0233114166169 0.166904422254 1.697956 13.8866855524
0.0231408227848 0.166904422254 1.688494 13.9915014164
0.0231362467866 0.166904422254 1.68816 13.9943342776
0.02309970385 0.166904422254 1.686382 14.0169971671
0.0230951440979 0.166904422254 1.686198 14.0198300283
0.0230678233438 0.166904422254 1.684969 14.0368271955
0.0232603981865 0.168330955777 1.684914 14.0368271955
0.0231963829369 0.168330955777 1.678346 14.0764872521
0.0231918238994 0.168330955777 1.677943 14.0793201133
0.0230288836846 0.168330955777 1.668049 14.1813031161
0.0232195121951 0.169757489301 1.66771 14.1813031161
0.0230441518203 0.169757489301 1.657578 14.2917847025
0.0230396902227 0.169757489301 1.657517 14.2946175637
0.0230307722082 0.169757489301 1.656944 14.3002832861
0.0232198142415 0.171184022825 1.656355 14.3002832861
0.0231124807396 0.171184022825 1.644718 14.3682719547
0.0233005969574 0.172610556348 1.644368 14.3682719547
0.0231578947368 0.172610556348 1.636516 14.4589235127
0.023153463452 0.172610556348 1.636392 14.4617563739
0.0229688686409 0.172610556348 1.624399 14.5807365439
0.0229645093946 0.172610556348 1.624128 14.5835694051
0.0228733459357 0.172610556348 1.617257 14.6430594901
0.022869022869 0.172610556348 1.61707 14.6458923513
0.0227743271222 0.172610556348 1.611688 14.7082152975
0.0227700414001 0.172610556348 1.610843 14.7110481586
0.0227358136039 0.172610556348 1.609682 14.7337110482
0.0229194063498 0.174037089872 1.609351 14.7337110482
0.0228850121928 0.174037089872 1.607371 14.7563739377
0.0230682670668 0.175463623395 1.606485 14.7563739377
0.0228031145717 0.175463623395 1.58641 14.9320113314
0.0227988878591 0.175463623395 1.586179 14.9348441926
0.0226937269373 0.175463623395 1.577967 15.0056657224
0.0228740084855 0.176890156919 1.577585 15.0056657224
0.022496371553 0.176890156919 1.551355 15.2634560907
0.0224922909487 0.176890156919 1.551144 15.2662889518
0.0222501345774 0.176890156919 1.531243 15.4362606232
0.0222461428059 0.176890156919 1.531147 15.4390934844
0.0221507681315 0.176890156919 1.521892 15.507082153
0.0221468119307 0.176890156919 1.52181 15.5099150142
0.0220366092056 0.176890156919 1.513912 15.5892351275
0.0220326936745 0.176890156919 1.512827 15.5920679887
0.0220014194464 0.176890156919 1.510982 15.6147308782
0.0219975164094 0.176890156919 1.510394 15.6175637394
0.0218502202643 0.176890156919 1.496356 15.7252124646
0.0218463706836 0.176890156919 1.496088 15.7280453258
0.0218041146474 0.176890156919 1.491621 15.7592067989
0.0219760900141 0.178316690442 1.491315 15.7592067989
0.021799790722 0.178316690442 1.47321 15.8895184136
0.0217959895379 0.178316690442 1.472193 15.8923512748
0.0217466945024 0.178316690442 1.467702 15.9291784703
0.0217429118107 0.178316690442 1.467533 15.9320113314
0.0215442950707 0.178316690442 1.450542 16.0821529745
0.021712907117 0.179743223966 1.449877 16.0821529745
0.0213885588185 0.179743223966 1.415421 16.3314447592
0.0213849287169 0.179743223966 1.41519 16.3342776204
0.02097552855 0.179743223966 1.370074 16.6600566572
0.0209720372836 0.179743223966 1.369931 16.6628895184
0.0208920577019 0.179743223966 1.360944 16.7280453258
0.0210543766578 0.181169757489 1.360781 16.7280453258
0.0210543766578 0.181169757489 1.360781 16.7280453258
0.0212166418034 0.182596291013 1.360453 16.7280453258
0.0210353327855 0.182596291013 1.34172 16.8753541076
0.0211961879724 0.184022824536 1.341312 16.8753541076
0.0208299693202 0.184022824536 1.301394 17.178470255
0.0209880529545 0.18544935806 1.301327 17.178470255
0.020964360587 0.18544935806 1.29712 17.1983002833
0.0209609803289 0.18544935806 1.297063 17.2011331445
0.0209003215434 0.18544935806 1.293293 17.2521246459
0.0208969619032 0.18544935806 1.293273 17.2549575071
0.0205566097407 0.18544935806 1.252523 17.5467422096
0.0207114624506 0.186875891583 1.252506 17.5467422096
0.0206234256927 0.186875891583 1.244649 17.6232294618
0.0207775853927 0.188302425107 1.244626 17.6232294618
0.0205767731878 0.188302425107 1.229414 17.7988668555
0.0205735660848 0.188302425107 1.228338 17.8016997167
0.0204968944099 0.188302425107 1.222796 17.8696883853
0.0204937121565 0.188302425107 1.222411 17.8725212465
0.0199848599546 0.188302425107 1.169264 18.3371104816
0.0201332122313 0.189728958631 1.168692 18.3371104816
0.0197769516729 0.189728958631 1.134688 18.6742209632
0.0199226880761 0.191155492154 1.134228 18.6742209632
0.0198724603292 0.191155492154 1.130159 18.7223796034
0.0198695136418 0.191155492154 1.129354 18.7252124646
0.0198166223011 0.191155492154 1.121926 18.776203966
0.0199615555227 0.192582025678 1.121171 18.776203966
0.0198587819947 0.192582025678 1.104825 18.8753541076
0.0200029416091 0.194008559201 1.10456 18.8753541076
0.0199325809761 0.194008559201 1.095876 18.9433427762
0.0199296600234 0.194008559201 1.09587 18.9461756374
0.0198424277794 0.194008559201 1.085532 19.0311614731
0.0198395331875 0.194008559201 1.084364 19.0339943343
0.0197674418605 0.194008559201 1.074963 19.104815864
0.0197645691033 0.194008559201 1.074892 19.1076487252
0.019613498702 0.194008559201 1.053936 19.2577903683
0.0196106705119 0.194008559201 1.053257 19.2606232295
0.019266185012 0.194008559201 1.013975 19.611898017
0.0194050991501 0.195435092725 1.013724 19.611898017
0.0192821956369 0.195435092725 0.995178 19.7393767705
0.0194202082747 0.196861626248 0.994816 19.7393767705
0.0192791282481 0.196861626248 0.972051 19.8866855524
0.0192764352563 0.196861626248 0.971872 19.8895184136
0.0192093541203 0.196861626248 0.96451 19.9603399433
0.0193458594294 0.198288159772 0.964098 19.9603399433
0.0192307692308 0.198288159772 0.944524 20.0821529745
0.0192281090054 0.198288159772 0.943652 20.0849858357
0.0181937172775 0.198288159772 0.781141 21.2492917847
0.0181913362125 0.198288159772 0.780733 21.2521246459
0.0180425752856 0.198288159772 0.753961 21.4305949008
0.0180402336145 0.198288159772 0.752192 21.433427762
0.0176284083703 0.198288159772 0.683453 21.9433427762
0.0177529799645 0.199714693295 0.68328 21.9433427762
0.0173740382229 0.199714693295 0.612632 22.4305949008
0.0174959672416 0.201141226819 0.61183 22.4305949008
0.0170619554695 0.201141226819 0.540281 23.0113314448
0.0170598911071 0.201141226819 0.539624 23.0141643059
0.0163232229683 0.201141226819 0.386477 24.0708215297
0.0163213334877 0.201141226819 0.386111 24.0736543909
0.0162761168187 0.201141226819 0.373002 24.1416430595
0.0163896583564 0.202567760342 0.372363 24.1416430595
0.0161107329249 0.202567760342 0.310587 24.566572238
0.01622234827 0.203994293866 0.310566 24.566572238
0.0158853588092 0.203994293866 0.231282 25.0963172805
0.0159946684439 0.205420827389 0.230975 25.0963172805
0.0158380994281 0.205420827389 0.032931 25.3484419263
0.0158363576377 0.205420827389 0.000108 25.3512747875
