1.0 0.0 inf 0.0
1.0 0.00142653352354 8.291371 0.0
1.0 0.00142653352354 8.291371 0.0
1.0 0.00285306704708 8.219538 0.0
1.0 0.00285306704708 8.219538 0.0
1.0 0.00427960057061 7.964972 0.0
1.0 0.00427960057061 7.964972 0.0
1.0 0.00570613409415 7.796017 0.0
1.0 0.00570613409415 7.796017 0.0
1.0 0.00713266761769 7.079572 0.0
1.0 0.00713266761769 7.079572 0.0
1.0 0.00855920114123 6.927991 0.0
1.0 0.00855920114123 6.927991 0.0
1.0 0.00998573466476 6.88369 0.0
0.875 0.00998573466476 6.867106 0.0028328611898
0.888888888889 0.0114122681883 6.854418 0.0028328611898
0.888888888889 0.0114122681883 6.854418 0.0028328611898
0.9 0.0128388017118 6.819952 0.0028328611898
0.9 0.0128388017118 6.819952 0.0028328611898
0.909090909091 0.0142653352354 6.754408 0.0028328611898
0.909090909091 0.0142653352354 6.754408 0.0028328611898
0.916666666667 0.0156918687589 6.735159 0.0028328611898
0.916666666667 0.0156918687589 6.735159 0.0028328611898
0.923076923077 0.0171184022825 6.715129 0.0028328611898
0.923076923077 0.0171184022825 6.715129 0.0028328611898
0.928571428571 0.018544935806 6.569338 0.0028328611898
0.928571428571 0.018544935806 6.569338 0.0028328611898
0.933333333333 0.0199714693295 6.559652 0.0028328611898
0.933333333333 0.0199714693295 6.559652 0.0028328611898
0.9375 0.0213980028531 6.503788 0.0028328611898
0.9375 0.0213980028531 6.503788 0.0028328611898
0.941176470588 0.0228245363766 6.472153 0.0028328611898
0.842105263158 0.0228245363766 6.417323 0.00849858356941
0.85 0.0242510699001 6.402267 0.00849858356941
0.85 0.0242510699001 6.402267 0.00849858356941
0.857142857143 0.0256776034237 6.394212 0.00849858356941
0.857142857143 0.0256776034237 6.394212 0.00849858356941
0.863636363636 0.0271041369472 6.345255 0.00849858356941
0.863636363636 0.0271041369472 6.345255 0.00849858356941
0.869565217391 0.0285306704708 6.289186 0.00849858356941
0.869565217391 0.0285306704708 6.289186 0.00849858356941
0.875 0.0299572039943 6.269044 0.00849858356941
0.875 0.0299572039943 6.269044 0.00849858356941
0.88 0.0313837375178 6.200216 0.00849858356941
0.846153846154 0.0313837375178 6.125929 0.0113314447592
0.851851851852 0.0328102710414 6.120784 0.0113314447592
0.851851851852 0.0328102710414 6.120784 0.0113314447592
0.857142857143 0.0342368045649 6.105542 0.0113314447592
0.857142857143 0.0342368045649 6.105542 0.0113314447592
0.862068965517 0.0356633380884 6.062234 0.0113314447592
0.862068965517 0.0356633380884 6.062234 0.0113314447592
0.866666666667 0.037089871612 6.06089 0.0113314447592
0.866666666667 0.037089871612 6.06089 0.0113314447592
0.870967741935 0.0385164051355 6.038332 0.0113314447592
0.870967741935 0.0385164051355 6.038332 0.0113314447592
0.875 0.0399429386591 6.016278 0.0113314447592
0.875 0.0399429386591 6.016278 0.0113314447592
0.878787878788 0.0413694721826 5.98666 0.0113314447592
0.878787878788 0.0413694721826 5.98666 0.0113314447592
0.882352941176 0.0427960057061 5.969657 0.0113314447592
0.882352941176 0.0427960057061 5.969657 0.0113314447592
0.885714285714 0.0442225392297 5.964782 0.0113314447592
0.885714285714 0.0442225392297 5.964782 0.0113314447592
0.888888888889 0.0456490727532 5.956417 0.0113314447592
0.864864864865 0.0456490727532 5.925453 0.014164305949
0.868421052632 0.0470756062767 5.924083 0.014164305949
0.825 0.0470756062767 5.82224 0.0198300283286
0.829268292683 0.0485021398003 5.728032 0.0198300283286
0.829268292683 0.0485021398003 5.728032 0.0198300283286
0.833333333333 0.0499286733238 5.713117 0.0198300283286
0.795454545455 0.0499286733238 5.639139 0.0254957507082
0.8 0.0513552068474 5.613279 0.0254957507082
0.765957446809 0.0513552068474 5.584152 0.0311614730878
0.770833333333 0.0527817403709 5.556247 0.0311614730878
0.755102040816 0.0527817403709 5.528563 0.0339943342776
0.76 0.0542082738944 5.511866 0.0339943342776
0.76 0.0542082738944 5.511866 0.0339943342776
0.764705882353 0.055634807418 5.483197 0.0339943342776
0.764705882353 0.055634807418 5.483197 0.0339943342776
0.769230769231 0.0570613409415 5.458563 0.0339943342776
0.769230769231 0.0570613409415 5.458563 0.0339943342776
0.77358490566 0.058487874465 5.395216 0.0339943342776
0.759259259259 0.058487874465 5.377749 0.0368271954674
0.763636363636 0.0599144079886 5.377635 0.0368271954674
0.763636363636 0.0599144079886 5.377635 0.0368271954674
0.767857142857 0.0613409415121 5.372085 0.0368271954674
0.767857142857 0.0613409415121 5.372085 0.0368271954674
0.771929824561 0.0627674750357 5.369704 0.0368271954674
0.758620689655 0.0627674750357 5.36331 0.0396600566572
0.762711864407 0.0641940085592 5.358857 0.0396600566572
0.762711864407 0.0641940085592 5.358857 0.0396600566572
0.766666666667 0.0656205420827 5.343637 0.0396600566572
0.766666666667 0.0656205420827 5.343637 0.0396600566572
0.770491803279 0.0670470756063 5.305315 0.0396600566572
0.758064516129 0.0670470756063 5.25569 0.042492917847
0.761904761905 0.0684736091298 5.242216 0.042492917847
0.761904761905 0.0684736091298 5.242216 0.042492917847
0.765625 0.0699001426534 5.233159 0.042492917847
0.765625 0.0699001426534 5.233159 0.042492917847
0.769230769231 0.0713266761769 5.191051 0.042492917847
0.769230769231 0.0713266761769 5.191051 0.042492917847
0.772727272727 0.0727532097004 5.168798 0.042492917847
0.772727272727 0.0727532097004 5.168798 0.042492917847
0.776119402985 0.074179743224 5.158311 0.042492917847
0.776119402985 0.074179743224 5.158311 0.042492917847
0.779411764706 0.0756062767475 5.147794 0.042492917847
0.779411764706 0.0756062767475 5.147794 0.042492917847
0.782608695652 0.077032810271 5.070544 0.042492917847
0.782608695652 0.077032810271 5.070544 0.042492917847
0.785714285714 0.0784593437946 5.008893 0.042492917847
0.774647887324 0.0784593437946 4.938028 0.0453257790368
0.777777777778 0.0798858773181 4.934893 0.0453257790368
0.777777777778 0.0798858773181 4.934893 0.0453257790368
0.780821917808 0.0813124108417 4.9127 0.0453257790368
0.780821917808 0.0813124108417 4.9127 0.0453257790368
0.783783783784 0.0827389443652 4.88021 0.0453257790368
0.783783783784 0.0827389443652 4.88021 0.0453257790368
0.786666666667 0.0841654778887 4.866752 0.0453257790368
0.786666666667 0.0841654778887 4.866752 0.0453257790368
0.789473684211 0.0855920114123 4.858504 0.0453257790368
0.789473684211 0.0855920114123 4.858504 0.0453257790368
0.792207792208 0.0870185449358 4.853056 0.0453257790368
0.792207792208 0.0870185449358 4.853056 0.0453257790368
0.794871794872 0.0884450784593 4.829668 0.0453257790368
0.794871794872 0.0884450784593 4.829668 0.0453257790368
0.79746835443 0.0898716119829 4.827268 0.0453257790368
0.79746835443 0.0898716119829 4.827268 0.0453257790368
0.8 0.0912981455064 4.826434 0.0453257790368
0.8 0.0912981455064 4.826434 0.0453257790368
0.802469135802 0.09272467903 4.825532 0.0453257790368
0.802469135802 0.09272467903 4.825532 0.0453257790368
0.80487804878 0.0941512125535 4.822018 0.0453257790368
0.795180722892 0.0941512125535 4.79368 0.0481586402266
0.797619047619 0.095577746077 4.789999 0.0481586402266
0.797619047619 0.095577746077 4.789999 0.0481586402266
0.8 0.0970042796006 4.756231 0.0481586402266
0.8 0.0970042796006 4.756231 0.0481586402266
0.802325581395 0.0984308131241 4.740794 0.0481586402266
0.802325581395 0.0984308131241 4.740794 0.0481586402266
0.804597701149 0.0998573466476 4.729172 0.0481586402266
0.804597701149 0.0998573466476 4.729172 0.0481586402266
0.806818181818 0.101283880171 4.713708 0.0481586402266
0.806818181818 0.101283880171 4.713708 0.0481586402266
0.808988764045 0.102710413695 4.696043 0.0481586402266
0.8 0.102710413695 4.68724 0.0509915014164
0.802197802198 0.104136947218 4.684259 0.0509915014164
0.802197802198 0.104136947218 4.684259 0.0509915014164
0.804347826087 0.105563480742 4.64997 0.0509915014164
0.804347826087 0.105563480742 4.64997 0.0509915014164
0.806451612903 0.106990014265 4.637122 0.0509915014164
0.806451612903 0.106990014265 4.637122 0.0509915014164
0.808510638298 0.108416547789 4.610162 0.0509915014164
0.808510638298 0.108416547789 4.610162 0.0509915014164
0.810526315789 0.109843081312 4.607058 0.0509915014164
0.810526315789 0.109843081312 4.607058 0.0509915014164
0.8125 0.111269614836 4.601923 0.0509915014164
0.8125 0.111269614836 4.601923 0.0509915014164
0.814432989691 0.112696148359 4.598575 0.0509915014164
0.814432989691 0.112696148359 4.598575 0.0509915014164
0.816326530612 0.114122681883 4.561612 0.0509915014164
0.816326530612 0.114122681883 4.561612 0.0509915014164
0.818181818182 0.115549215407 4.55169 0.0509915014164
0.81 0.115549215407 4.541822 0.0538243626062
0.811881188119 0.11697574893 4.528129 0.0538243626062
0.811881188119 0.11697574893 4.528129 0.0538243626062
0.813725490196 0.118402282454 4.499281 0.0538243626062
0.805825242718 0.118402282454 4.485847 0.056657223796
0.807692307692 0.119828815977 4.483235 0.056657223796
0.807692307692 0.119828815977 4.483235 0.056657223796
0.809523809524 0.121255349501 4.482715 0.056657223796
0.809523809524 0.121255349501 4.482715 0.056657223796
0.811320754717 0.122681883024 4.481683 0.056657223796
0.811320754717 0.122681883024 4.481683 0.056657223796
0.81308411215 0.124108416548 4.471466 0.056657223796
0.81308411215 0.124108416548 4.471466 0.056657223796
0.814814814815 0.125534950071 4.45606 0.056657223796
0.814814814815 0.125534950071 4.45606 0.056657223796
0.816513761468 0.126961483595 4.431594 0.056657223796
0.809090909091 0.126961483595 4.427176 0.0594900849858
0.810810810811 0.128388017118 4.425071 0.0594900849858
0.810810810811 0.128388017118 4.425071 0.0594900849858
0.8125 0.129814550642 4.410179 0.0594900849858
0.8125 0.129814550642 4.410179 0.0594900849858
0.814159292035 0.131241084165 4.353463 0.0594900849858
0.814159292035 0.131241084165 4.353463 0.0594900849858
0.815789473684 0.132667617689 4.29415 0.0594900849858
0.815789473684 0.132667617689 4.29415 0.0594900849858
0.817391304348 0.134094151213 4.293428 0.0594900849858
0.817391304348 0.134094151213 4.293428 0.0594900849858
0.818965517241 0.135520684736 4.289337 0.0594900849858
0.811965811966 0.135520684736 4.283314 0.0623229461756
0.813559322034 0.13694721826 4.265343 0.0623229461756
0.813559322034 0.13694721826 4.265343 0.0623229461756
0.81512605042 0.138373751783 4.218696 0.0623229461756
0.808333333333 0.138373751783 4.218155 0.0651558073654
0.809917355372 0.139800285307 4.20902 0.0651558073654
0.809917355372 0.139800285307 4.20902 0.0651558073654
0.811475409836 0.14122681883 4.174846 0.0651558073654
0.811475409836 0.14122681883 4.174846 0.0651558073654
0.813008130081 0.142653352354 4.17045 0.0651558073654
0.813008130081 0.142653352354 4.17045 0.0651558073654
0.814516129032 0.144079885877 4.169801 0.0651558073654
0.814516129032 0.144079885877 4.169801 0.0651558073654
0.816 0.145506419401 4.157021 0.0651558073654
0.816 0.145506419401 4.157021 0.0651558073654
0.81746031746 0.146932952924 4.145245 0.0651558073654
0.81746031746 0.146932952924 4.145245 0.0651558073654
0.818897637795 0.148359486448 4.131935 0.0651558073654
0.818897637795 0.148359486448 4.131935 0.0651558073654
0.8203125 0.149786019971 4.113701 0.0651558073654
0.8203125 0.149786019971 4.113701 0.0651558073654
0.821705426357 0.151212553495 4.113587 0.0651558073654
0.821705426357 0.151212553495 4.113587 0.0651558073654
0.823076923077 0.152639087019 4.104737 0.0651558073654
0.823076923077 0.152639087019 4.104737 0.0651558073654
0.824427480916 0.154065620542 4.094247 0.0651558073654
0.824427480916 0.154065620542 4.094247 0.0651558073654
0.825757575758 0.155492154066 4.090913 0.0651558073654
0.825757575758 0.155492154066 4.090913 0.0651558073654
0.827067669173 0.156918687589 4.090457 0.0651558073654
0.802919708029 0.156918687589 4.042861 0.0764872521246
0.804347826087 0.158345221113 4.022571 0.0764872521246
0.804347826087 0.158345221113 4.022571 0.0764872521246
0.805755395683 0.159771754636 4.008326 0.0764872521246
0.8 0.159771754636 4.001499 0.0793201133144
0.801418439716 0.16119828816 4.000971 0.0793201133144
0.801418439716 0.16119828816 4.000971 0.0793201133144
0.802816901408 0.162624821683 3.990951 0.0793201133144
0.802816901408 0.162624821683 3.990951 0.0793201133144
0.804195804196 0.164051355207 3.989781 0.0793201133144
0.804195804196 0.164051355207 3.989781 0.0793201133144
0.805555555556 0.16547788873 3.970141 0.0793201133144
0.805555555556 0.16547788873 3.970141 0.0793201133144
0.806896551724 0.166904422254 3.96266 0.0793201133144
0.801369863014 0.166904422254 3.947784 0.0821529745042
0.802721088435 0.168330955777 3.916801 0.0821529745042
0.802721088435 0.168330955777 3.916801 0.0821529745042
0.804054054054 0.169757489301 3.913489 0.0821529745042
0.804054054054 0.169757489301 3.913489 0.0821529745042
0.805369127517 0.171184022825 3.899552 0.0821529745042
0.805369127517 0.171184022825 3.899552 0.0821529745042
0.806666666667 0.172610556348 3.895193 0.0821529745042
0.806666666667 0.172610556348 3.895193 0.0821529745042
0.807947019868 0.174037089872 3.876564 0.0821529745042
0.807947019868 0.174037089872 3.876564 0.0821529745042
0.809210526316 0.175463623395 3.857374 0.0821529745042
0.809210526316 0.175463623395 3.857374 0.0821529745042
0.81045751634 0.176890156919 3.8335 0.0821529745042
0.81045751634 0.176890156919 3.8335 0.0821529745042
0.811688311688 0.178316690442 3.816511 0.0821529745042
0.811688311688 0.178316690442 3.816511 0.0821529745042
0.812903225806 0.179743223966 3.79847 0.0821529745042
0.812903225806 0.179743223966 3.79847 0.0821529745042
0.814102564103 0.181169757489 3.79612 0.0821529745042
0.814102564103 0.181169757489 3.79612 0.0821529745042
0.815286624204 0.182596291013 3.762638 0.0821529745042
0.810126582278 0.182596291013 3.760228 0.0849858356941
0.811320754717 0.184022824536 3.758694 0.0849858356941
0.811320754717 0.184022824536 3.758694 0.0849858356941
0.8125 0.18544935806 3.746349 0.0849858356941
0.8125 0.18544935806 3.746349 0.0849858356941
0.813664596273 0.186875891583 3.728731 0.0849858356941
0.813664596273 0.186875891583 3.728731 0.0849858356941
0.814814814815 0.188302425107 3.695908 0.0849858356941
0.814814814815 0.188302425107 3.695908 0.0849858356941
0.815950920245 0.189728958631 3.689045 0.0849858356941
0.815950920245 0.189728958631 3.689045 0.0849858356941
0.817073170732 0.191155492154 3.66636 0.0849858356941
0.817073170732 0.191155492154 3.66636 0.0849858356941
0.818181818182 0.192582025678 3.663747 0.0849858356941
0.818181818182 0.192582025678 3.663747 0.0849858356941
0.819277108434 0.194008559201 3.615217 0.0849858356941
0.819277108434 0.194008559201 3.615217 0.0849858356941
0.820359281437 0.195435092725 3.610098 0.0849858356941
0.820359281437 0.195435092725 3.610098 0.0849858356941
0.821428571429 0.196861626248 3.608439 0.0849858356941
0.821428571429 0.196861626248 3.608439 0.0849858356941
0.822485207101 0.198288159772 3.599059 0.0849858356941
0.822485207101 0.198288159772 3.599059 0.0849858356941
0.823529411765 0.199714693295 3.594058 0.0849858356941
0.823529411765 0.199714693295 3.594058 0.0849858356941
0.824561403509 0.201141226819 3.585657 0.0849858356941
0.824561403509 0.201141226819 3.585657 0.0849858356941
0.825581395349 0.202567760342 3.574307 0.0849858356941
0.825581395349 0.202567760342 3.574307 0.0849858356941
0.826589595376 0.203994293866 3.571242 0.0849858356941
0.82183908046 0.203994293866 3.56402 0.0878186968839
0.822857142857 0.205420827389 3.56233 0.0878186968839
0.822857142857 0.205420827389 3.56233 0.0878186968839
0.823863636364 0.206847360913 3.558766 0.0878186968839
0.823863636364 0.206847360913 3.558766 0.0878186968839
0.824858757062 0.208273894437 3.541996 0.0878186968839
0.824858757062 0.208273894437 3.541996 0.0878186968839
0.825842696629 0.20970042796 3.539469 0.0878186968839
0.825842696629 0.20970042796 3.539469 0.0878186968839
0.826815642458 0.211126961484 3.536468 0.0878186968839
0.826815642458 0.211126961484 3.536468 0.0878186968839
0.827777777778 0.212553495007 3.521713 0.0878186968839
0.827777777778 0.212553495007 3.521713 0.0878186968839
0.828729281768 0.213980028531 3.52123 0.0878186968839
0.828729281768 0.213980028531 3.52123 0.0878186968839
0.82967032967 0.215406562054 3.518114 0.0878186968839
0.82967032967 0.215406562054 3.518114 0.0878186968839
0.830601092896 0.216833095578 3.510896 0.0878186968839
0.826086956522 0.216833095578 3.508831 0.0906515580737
0.827027027027 0.218259629101 3.471462 0.0906515580737
0.827027027027 0.218259629101 3.471462 0.0906515580737
0.827956989247 0.219686162625 3.466468 0.0906515580737
0.827956989247 0.219686162625 3.466468 0.0906515580737
0.828877005348 0.221112696148 3.460658 0.0906515580737
0.828877005348 0.221112696148 3.460658 0.0906515580737
0.829787234043 0.222539229672 3.451202 0.0906515580737
0.829787234043 0.222539229672 3.451202 0.0906515580737
0.830687830688 0.223965763195 3.441766 0.0906515580737
0.830687830688 0.223965763195 3.441766 0.0906515580737
0.831578947368 0.225392296719 3.434711 0.0906515580737
0.831578947368 0.225392296719 3.434711 0.0906515580737
0.832460732984 0.226818830243 3.432423 0.0906515580737
0.832460732984 0.226818830243 3.432423 0.0906515580737
0.833333333333 0.228245363766 3.426137 0.0906515580737
0.833333333333 0.228245363766 3.426137 0.0906515580737
0.834196891192 0.22967189729 3.394442 0.0906515580737
0.834196891192 0.22967189729 3.394442 0.0906515580737
0.835051546392 0.231098430813 3.392803 0.0906515580737
0.835051546392 0.231098430813 3.392803 0.0906515580737
0.835897435897 0.232524964337 3.39266 0.0906515580737
0.831632653061 0.232524964337 3.371581 0.0934844192635
0.832487309645 0.23395149786 3.360718 0.0934844192635
0.828282828283 0.23395149786 3.356036 0.0963172804533
0.829145728643 0.235378031384 3.330714 0.0963172804533
0.825 0.235378031384 3.308936 0.0991501416431
0.825870646766 0.236804564907 3.308198 0.0991501416431
0.825870646766 0.236804564907 3.308198 0.0991501416431
0.826732673267 0.238231098431 3.304719 0.0991501416431
0.826732673267 0.238231098431 3.304719 0.0991501416431
0.827586206897 0.239657631954 3.293422 0.0991501416431
0.827586206897 0.239657631954 3.293422 0.0991501416431
0.828431372549 0.241084165478 3.291627 0.0991501416431
0.824390243902 0.241084165478 3.262978 0.101983002833
0.825242718447 0.242510699001 3.261476 0.101983002833
0.825242718447 0.242510699001 3.261476 0.101983002833
0.826086956522 0.243937232525 3.253776 0.101983002833
0.822115384615 0.243937232525 3.248401 0.104815864023
0.822966507177 0.245363766049 3.232203 0.104815864023
0.819047619048 0.245363766049 3.225945 0.107648725212
0.81990521327 0.246790299572 3.193552 0.107648725212
0.81990521327 0.246790299572 3.193552 0.107648725212
0.820754716981 0.248216833096 3.189484 0.107648725212
0.820754716981 0.248216833096 3.189484 0.107648725212
0.821596244131 0.249643366619 3.183091 0.107648725212
0.821596244131 0.249643366619 3.183091 0.107648725212
0.822429906542 0.251069900143 3.153255 0.107648725212
0.822429906542 0.251069900143 3.153255 0.107648725212
0.823255813953 0.252496433666 3.130546 0.107648725212
0.823255813953 0.252496433666 3.130546 0.107648725212
0.824074074074 0.25392296719 3.125597 0.107648725212
0.824074074074 0.25392296719 3.125597 0.107648725212
0.824884792627 0.255349500713 3.117967 0.107648725212
0.824884792627 0.255349500713 3.117967 0.107648725212
0.825688073394 0.256776034237 3.115583 0.107648725212
0.825688073394 0.256776034237 3.115583 0.107648725212
0.826484018265 0.25820256776 3.100121 0.107648725212
0.822727272727 0.25820256776 3.097794 0.110481586402
0.823529411765 0.259629101284 3.095978 0.110481586402
0.823529411765 0.259629101284 3.095978 0.110481586402
0.824324324324 0.261055634807 3.079781 0.110481586402
0.824324324324 0.261055634807 3.079781 0.110481586402
0.825112107623 0.262482168331 3.075768 0.110481586402
0.825112107623 0.262482168331 3.075768 0.110481586402
0.825892857143 0.263908701854 3.074826 0.110481586402
0.825892857143 0.263908701854 3.074826 0.110481586402
0.826666666667 0.265335235378 3.073452 0.110481586402
0.826666666667 0.265335235378 3.073452 0.110481586402
0.827433628319 0.266761768902 3.054973 0.110481586402
0.827433628319 0.266761768902 3.054973 0.110481586402
0.828193832599 0.268188302425 3.043484 0.110481586402
0.828193832599 0.268188302425 3.043484 0.110481586402
0.828947368421 0.269614835949 3.036416 0.110481586402
0.828947368421 0.269614835949 3.036416 0.110481586402
0.829694323144 0.271041369472 3.028483 0.110481586402
0.826086956522 0.271041369472 3.010804 0.113314447592
0.82683982684 0.272467902996 3.004149 0.113314447592
0.816239316239 0.272467902996 2.99162 0.121813031161
0.817021276596 0.273894436519 2.98123 0.121813031161
0.817021276596 0.273894436519 2.98123 0.121813031161
0.817796610169 0.275320970043 2.933311 0.121813031161
0.817796610169 0.275320970043 2.933311 0.121813031161
0.818565400844 0.276747503566 2.932136 0.121813031161
0.808333333333 0.276747503566 2.910776 0.130311614731
0.809128630705 0.27817403709 2.899323 0.130311614731
0.805785123967 0.27817403709 2.888281 0.133144475921
0.80658436214 0.279600570613 2.858181 0.133144475921
0.80658436214 0.279600570613 2.858181 0.133144475921
0.80737704918 0.281027104137 2.846096 0.133144475921
0.80737704918 0.281027104137 2.846096 0.133144475921
0.808163265306 0.28245363766 2.811031 0.133144475921
0.808163265306 0.28245363766 2.811031 0.133144475921
0.808943089431 0.283880171184 2.810969 0.133144475921
0.805668016194 0.283880171184 2.807284 0.13597733711
0.806451612903 0.285306704708 2.80529 0.13597733711
0.806451612903 0.285306704708 2.80529 0.13597733711
0.807228915663 0.286733238231 2.802631 0.13597733711
0.807228915663 0.286733238231 2.802631 0.13597733711
0.808 0.288159771755 2.801575 0.13597733711
0.804780876494 0.288159771755 2.778374 0.1388101983
0.805555555556 0.289586305278 2.768287 0.1388101983
0.805555555556 0.289586305278 2.768287 0.1388101983
0.806324110672 0.291012838802 2.742338 0.1388101983
0.806324110672 0.291012838802 2.742338 0.1388101983
0.807086614173 0.292439372325 2.726288 0.1388101983
0.803921568627 0.292439372325 2.717511 0.14164305949
0.8046875 0.293865905849 2.7012 0.14164305949
0.8046875 0.293865905849 2.7012 0.14164305949
0.805447470817 0.295292439372 2.689281 0.14164305949
0.805447470817 0.295292439372 2.689281 0.14164305949
0.806201550388 0.296718972896 2.682694 0.14164305949
0.803088803089 0.296718972896 2.666962 0.14447592068
0.803846153846 0.298145506419 2.658633 0.14447592068
0.803846153846 0.298145506419 2.658633 0.14447592068
0.804597701149 0.299572039943 2.657122 0.14447592068
0.804597701149 0.299572039943 2.657122 0.14447592068
0.80534351145 0.300998573466 2.637058 0.14447592068
0.80534351145 0.300998573466 2.637058 0.14447592068
0.80608365019 0.30242510699 2.617129 0.14447592068
0.80608365019 0.30242510699 2.617129 0.14447592068
0.806818181818 0.303851640514 2.607227 0.14447592068
0.806818181818 0.303851640514 2.607227 0.14447592068
0.807547169811 0.305278174037 2.582077 0.14447592068
0.807547169811 0.305278174037 2.582077 0.14447592068
0.808270676692 0.306704707561 2.561568 0.14447592068
0.808270676692 0.306704707561 2.561568 0.14447592068
0.808988764045 0.308131241084 2.546854 0.14447592068
0.808988764045 0.308131241084 2.546854 0.14447592068
0.809701492537 0.309557774608 2.54276 0.14447592068
0.806691449814 0.309557774608 2.533118 0.14730878187
0.807407407407 0.310984308131 2.523328 0.14730878187
0.807407407407 0.310984308131 2.523328 0.14730878187
0.808118081181 0.312410841655 2.516729 0.14730878187
0.808118081181 0.312410841655 2.516729 0.14730878187
0.808823529412 0.313837375178 2.480279 0.14730878187
0.808823529412 0.313837375178 2.480279 0.14730878187
0.809523809524 0.315263908702 2.470288 0.14730878187
0.809523809524 0.315263908702 2.470288 0.14730878187
0.810218978102 0.316690442225 2.465094 0.14730878187
0.807272727273 0.316690442225 2.459663 0.150141643059
0.807971014493 0.318116975749 2.453167 0.150141643059
0.807971014493 0.318116975749 2.453167 0.150141643059
0.808664259928 0.319543509272 2.444047 0.150141643059
0.805755395683 0.319543509272 2.426945 0.152974504249
0.806451612903 0.320970042796 2.426105 0.152974504249
0.803571428571 0.320970042796 2.410452 0.155807365439
0.804270462633 0.32239657632 2.394224 0.155807365439
0.804270462633 0.32239657632 2.394224 0.155807365439
0.804964539007 0.323823109843 2.393763 0.155807365439
0.804964539007 0.323823109843 2.393763 0.155807365439
0.805653710247 0.325249643367 2.382278 0.155807365439
0.805653710247 0.325249643367 2.382278 0.155807365439
0.806338028169 0.32667617689 2.351674 0.155807365439
0.806338028169 0.32667617689 2.351674 0.155807365439
0.80701754386 0.328102710414 2.33253 0.155807365439
0.80701754386 0.328102710414 2.33253 0.155807365439
0.807692307692 0.329529243937 2.313486 0.155807365439
0.807692307692 0.329529243937 2.313486 0.155807365439
0.808362369338 0.330955777461 2.303764 0.155807365439
0.805555555556 0.330955777461 2.296481 0.158640226629
0.806228373702 0.332382310984 2.275234 0.158640226629
0.800687285223 0.332382310984 2.250896 0.164305949008
0.801369863014 0.333808844508 2.249097 0.164305949008
0.801369863014 0.333808844508 2.249097 0.164305949008
0.80204778157 0.335235378031 2.237347 0.164305949008
0.799319727891 0.335235378031 2.223869 0.167138810198
0.8 0.336661911555 2.223032 0.167138810198
0.8 0.336661911555 2.223032 0.167138810198
0.800675675676 0.338088445078 2.192777 0.167138810198
0.800675675676 0.338088445078 2.192777 0.167138810198
0.801346801347 0.339514978602 2.150184 0.167138810198
0.801346801347 0.339514978602 2.150184 0.167138810198
0.802013422819 0.340941512126 2.109643 0.167138810198
0.794019933555 0.340941512126 1.944409 0.175637393768
0.794701986755 0.342368045649 1.943905 0.175637393768
0.792079207921 0.342368045649 1.923705 0.178470254958
0.792763157895 0.343794579173 1.909716 0.178470254958
0.792763157895 0.343794579173 1.909716 0.178470254958
0.793442622951 0.345221112696 1.880807 0.178470254958
0.793442622951 0.345221112696 1.880807 0.178470254958
0.794117647059 0.34664764622 1.807 0.178470254958
0.794117647059 0.34664764622 1.807 0.178470254958
0.794788273616 0.348074179743 1.798252 0.178470254958
0.794788273616 0.348074179743 1.798252 0.178470254958
0.795454545455 0.349500713267 1.784609 0.178470254958
0.787781350482 0.349500713267 1.700317 0.186968838527
0.788461538462 0.35092724679 1.688494 0.186968838527
0.788461538462 0.35092724679 1.688494 0.186968838527
0.789137380192 0.352353780314 1.684914 0.186968838527
0.786624203822 0.352353780314 1.664546 0.189801699717
0.787301587302 0.353780313837 1.636054 0.189801699717
0.782334384858 0.353780313837 1.623576 0.195467422096
0.783018867925 0.355206847361 1.609351 0.195467422096
0.783018867925 0.355206847361 1.609351 0.195467422096
0.783699059561 0.356633380884 1.584166 0.195467422096
0.764525993884 0.356633380884 1.376353 0.218130311615
0.765243902439 0.358059914408 1.324813 0.218130311615
0.765243902439 0.358059914408 1.324813 0.218130311615
0.765957446809 0.359486447932 1.287639 0.218130311615
0.765957446809 0.359486447932 1.287639 0.218130311615
0.766666666667 0.360912981455 1.268617 0.218130311615
0.766666666667 0.360912981455 1.268617 0.218130311615
0.767371601208 0.362339514979 1.263456 0.218130311615
0.767371601208 0.362339514979 1.263456 0.218130311615
0.768072289157 0.363766048502 1.254069 0.218130311615
0.768072289157 0.363766048502 1.254069 0.218130311615
0.768768768769 0.365192582026 1.243266 0.218130311615
0.768768768769 0.365192582026 1.243266 0.218130311615
0.769461077844 0.366619115549 1.239262 0.218130311615
0.760355029586 0.366619115549 1.175652 0.229461756374
0.761061946903 0.368045649073 1.135855 0.229461756374
0.754385964912 0.368045649073 1.030949 0.237960339943
0.755102040816 0.369472182596 1.008788 0.237960339943
0.744252873563 0.369472182596 0.551163 0.252124645892
0.744985673352 0.37089871612 0.473418 0.252124645892
0.740740740741 0.37089871612 0.364098 0.257790368272
0.738636363636 0.37089871612 0.218609 0.260623229462
