1.0 0.0 inf 0.0
1.0 0.00142653352354 8.291371 0.0
1.0 0.00142653352354 8.291371 0.0
1.0 0.00285306704708 8.219538 0.0
0.5 0.00285306704708 7.964972 0.0056657223796
0.4 0.00285306704708 7.876225 0.00849858356941
0.333333333333 0.00285306704708 7.796017 0.0113314447592
0.285714285714 0.00285306704708 7.693444 0.014164305949
0.285714285714 0.00285306704708 7.693444 0.014164305949
0.25 0.00285306704708 7.690177 0.0169971671388
0.25 0.00285306704708 7.690177 0.0169971671388
0.222222222222 0.00285306704708 7.563789 0.0198300283286
0.222222222222 0.00285306704708 7.563789 0.0198300283286
0.2 0.00285306704708 7.555832 0.0226628895184
0.142857142857 0.00285306704708 7.1048 0.0339943342776
0.2 0.00427960057061 7.079572 0.0339943342776
0.176470588235 0.00427960057061 7.06015 0.0396600566572
0.166666666667 0.00427960057061 7.01764 0.042492917847
0.157894736842 0.00427960057061 7.000637 0.0453257790368
0.2 0.00570613409415 6.927991 0.0453257790368
0.16 0.00570613409415 6.867106 0.0594900849858
0.192307692308 0.00713266761769 6.854418 0.0594900849858
0.147058823529 0.00713266761769 6.735159 0.0821529745042
0.171428571429 0.00855920114123 6.715129 0.0821529745042
0.153846153846 0.00855920114123 6.624092 0.0934844192635
0.175 0.00998573466476 6.569338 0.0934844192635
0.175 0.00998573466476 6.569338 0.0934844192635
0.19512195122 0.0114122681883 6.559652 0.0934844192635
0.181818181818 0.0114122681883 6.487401 0.101983002833
0.177777777778 0.0114122681883 6.485345 0.104815864023
0.166666666667 0.0114122681883 6.417323 0.113314447592
0.163265306122 0.0114122681883 6.407683 0.116147308782
0.163265306122 0.0114122681883 6.407683 0.116147308782
0.18 0.0128388017118 6.402267 0.116147308782
0.176470588235 0.0128388017118 6.400698 0.118980169972
0.192307692308 0.0142653352354 6.394212 0.118980169972
0.192307692308 0.0142653352354 6.394212 0.118980169972
0.188679245283 0.0142653352354 6.393093 0.121813031161
0.188679245283 0.0142653352354 6.393093 0.121813031161
0.185185185185 0.0142653352354 6.387722 0.124645892351
0.166666666667 0.0142653352354 6.289186 0.14164305949
0.16393442623 0.0142653352354 6.288799 0.14447592068
0.15625 0.0142653352354 6.264436 0.152974504249
0.153846153846 0.0142653352354 6.256859 0.155807365439
0.147058823529 0.0142653352354 6.233 0.164305949008
0.144927536232 0.0142653352354 6.226061 0.167138810198
0.133333333333 0.0142653352354 6.152752 0.184135977337
0.131578947368 0.0142653352354 6.144224 0.186968838527
0.123456790123 0.0142653352354 6.120784 0.201133144476
0.134146341463 0.0156918687589 6.105542 0.201133144476
0.129411764706 0.0156918687589 6.090047 0.209631728045
0.127906976744 0.0156918687589 6.075034 0.212464589235
0.123595505618 0.0156918687589 6.061408 0.220963172805
0.133333333333 0.0171184022825 6.06089 0.220963172805
0.127659574468 0.0171184022825 6.041962 0.232294617564
0.136842105263 0.018544935806 6.038332 0.232294617564
0.134020618557 0.018544935806 6.031198 0.237960339943
0.132653061224 0.018544935806 6.029336 0.240793201133
0.131313131313 0.018544935806 6.028984 0.243626062323
0.13 0.018544935806 6.027798 0.246458923513
0.128712871287 0.018544935806 6.019999 0.249291784703
0.127450980392 0.018544935806 6.019601 0.252124645892
0.127450980392 0.018544935806 6.019601 0.252124645892
0.135922330097 0.0199714693295 6.016278 0.252124645892
0.12962962963 0.0199714693295 5.995268 0.266288951841
0.137614678899 0.0213980028531 5.98666 0.266288951841
0.131578947368 0.0213980028531 5.963776 0.28045325779
0.139130434783 0.0228245363766 5.956417 0.28045325779
0.135593220339 0.0228245363766 5.925453 0.28895184136
0.142857142857 0.0242510699001 5.924299 0.28895184136
0.141666666667 0.0242510699001 5.924083 0.29178470255
0.140495867769 0.0242510699001 5.907869 0.294617563739
0.131782945736 0.0242510699001 5.877064 0.317280453258
0.130769230769 0.0242510699001 5.862397 0.320113314448
0.127819548872 0.0242510699001 5.84696 0.328611898017
0.126865671642 0.0242510699001 5.829911 0.331444759207
0.114093959732 0.0242510699001 5.744599 0.373937677054
0.113333333333 0.0242510699001 5.737673 0.376770538244
0.113333333333 0.0242510699001 5.737673 0.376770538244
0.112582781457 0.0242510699001 5.736649 0.379603399433
0.112582781457 0.0242510699001 5.736649 0.379603399433
0.118421052632 0.0256776034237 5.732076 0.379603399433
0.118421052632 0.0256776034237 5.732076 0.379603399433
0.124183006536 0.0271041369472 5.728032 0.379603399433
0.11801242236 0.0271041369472 5.695018 0.402266288952
0.117283950617 0.0271041369472 5.694095 0.405099150142
0.114457831325 0.0271041369472 5.684096 0.416430594901
0.11377245509 0.0271041369472 5.661188 0.419263456091
0.107954545455 0.0271041369472 5.613279 0.444759206799
0.107344632768 0.0271041369472 5.610716 0.447592067989
0.0994764397906 0.0271041369472 5.536063 0.487252124646
0.0989583333333 0.0271041369472 5.532256 0.490084985836
0.0989583333333 0.0271041369472 5.532256 0.490084985836
0.0984455958549 0.0271041369472 5.531204 0.492917847025
0.0954773869347 0.0271041369472 5.511866 0.509915014164
0.1 0.0285306704708 5.510045 0.509915014164
0.0975609756098 0.0285306704708 5.466839 0.524079320113
0.101941747573 0.0299572039943 5.46252 0.524079320113
0.1004784689 0.0299572039943 5.451711 0.532577903683
0.1 0.0299572039943 5.437938 0.535410764873
0.0976744186047 0.0299572039943 5.398086 0.549575070822
0.0972222222222 0.0299572039943 5.396433 0.552407932011
0.0972222222222 0.0299572039943 5.396433 0.552407932011
0.101382488479 0.0313837375178 5.395216 0.552407932011
0.100917431193 0.0313837375178 5.393498 0.555240793201
0.100456621005 0.0313837375178 5.382966 0.558073654391
0.1 0.0313837375178 5.377749 0.560906515581
0.10407239819 0.0328102710414 5.377635 0.560906515581
0.100436681223 0.0328102710414 5.358159 0.583569405099
0.1 0.0328102710414 5.356532 0.586402266289
0.0974576271186 0.0328102710414 5.335116 0.603399433428
0.0970464135021 0.0328102710414 5.335098 0.606232294618
0.0958333333333 0.0328102710414 5.31356 0.614730878187
0.0954356846473 0.0328102710414 5.312061 0.617563739377
0.094262295082 0.0328102710414 5.296866 0.626062322946
0.0938775510204 0.0328102710414 5.28429 0.628895184136
0.0845588235294 0.0328102710414 5.175591 0.705382436261
0.0879120879121 0.0342368045649 5.168798 0.705382436261
0.0842105263158 0.0342368045649 5.133389 0.739376770538
0.0839160839161 0.0342368045649 5.132024 0.742209631728
0.0821917808219 0.0342368045649 5.104505 0.759206798867
0.0853242320819 0.0356633380884 5.103874 0.759206798867
0.0771604938272 0.0356633380884 4.986963 0.847025495751
0.0769230769231 0.0356633380884 4.986746 0.849858356941
0.0739644970414 0.0356633380884 4.938028 0.886685552408
0.0737463126844 0.0356633380884 4.935122 0.889518413598
0.0720461095101 0.0356633380884 4.914765 0.912181303116
0.0747126436782 0.037089871612 4.9127 0.912181303116
0.0734463276836 0.037089871612 4.892328 0.929178470255
0.0760563380282 0.0385164051355 4.888613 0.929178470255
0.0760563380282 0.0385164051355 4.888613 0.929178470255
0.0758426966292 0.0385164051355 4.886931 0.932011331445
0.0758426966292 0.0385164051355 4.886931 0.932011331445
0.078431372549 0.0399429386591 4.88021 0.932011331445
0.0744680851064 0.0399429386591 4.826434 0.985835694051
0.0769230769231 0.0413694721826 4.825532 0.985835694051
0.0749354005168 0.0413694721826 4.798657 1.01416430595
0.0747422680412 0.0413694721826 4.796872 1.01699716714
0.0730478589421 0.0413694721826 4.770048 1.04249291785
0.072864321608 0.0413694721826 4.761674 1.04532577904
0.0703883495146 0.0413694721826 4.731367 1.08498583569
0.0726392251816 0.0427960057061 4.729172 1.08498583569
0.0726392251816 0.0427960057061 4.729172 1.08498583569
0.0748792270531 0.0442225392297 4.726093 1.08498583569
0.070938215103 0.0442225392297 4.678027 1.15014164306
0.0707762557078 0.0442225392297 4.676584 1.15297450425
0.0688888888889 0.0442225392297 4.64706 1.18696883853
0.0687361419069 0.0442225392297 4.640257 1.18980169972
0.0687361419069 0.0442225392297 4.640257 1.18980169972
0.070796460177 0.0456490727532 4.637122 1.18980169972
0.0689655172414 0.0456490727532 4.610162 1.22379603399
0.0688172043011 0.0456490727532 4.609312 1.22662889518
0.0676532769556 0.0456490727532 4.601923 1.2492917847
0.0696202531646 0.0470756062767 4.598575 1.2492917847
0.0680412371134 0.0470756062767 4.580197 1.28045325779
0.0699588477366 0.0485021398003 4.578656 1.28045325779
0.0692464358452 0.0485021398003 4.569135 1.29461756374
0.0691056910569 0.0485021398003 4.567425 1.29745042493
0.0673267326733 0.0485021398003 4.54648 1.3342776204
0.0671936758893 0.0485021398003 4.543872 1.33711048159
0.0665362035225 0.0485021398003 4.535231 1.35127478754
0.068359375 0.0499286733238 4.534005 1.35127478754
0.0657894736842 0.0499286733238 4.493357 1.40793201133
0.0675422138837 0.0513552068474 4.490467 1.40793201133
0.0660550458716 0.0513552068474 4.474899 1.44192634561
0.0659340659341 0.0513552068474 4.471666 1.4447592068
0.0641711229947 0.0513552068474 4.45054 1.48725212465
0.0640569395018 0.0513552068474 4.450235 1.49008498584
0.0615384615385 0.0513552068474 4.41505 1.5552407932
0.061433447099 0.0513552068474 4.414732 1.55807365439
0.0610169491525 0.0513552068474 4.407828 1.56940509915
0.0609137055838 0.0513552068474 4.405307 1.57223796034
0.058064516129 0.0513552068474 4.339876 1.65439093484
0.0595813204509 0.0527817403709 4.336722 1.65439093484
0.0583596214511 0.0527817403709 4.312319 1.69121813031
0.0582677165354 0.0527817403709 4.311217 1.6940509915
0.0531609195402 0.0527817403709 4.188709 1.86685552408
0.0545193687231 0.0542082738944 4.187893 1.86685552408
0.0542857142857 0.0542082738944 4.186737 1.87535410765
0.0542082738944 0.0542082738944 4.186602 1.87818696884
0.0535211267606 0.0542082738944 4.174526 1.90368271955
0.0548523206751 0.055634807418 4.173911 1.90368271955
0.0545454545455 0.055634807418 4.169801 1.91501416431
0.0558659217877 0.0570613409415 4.16657 1.91501416431
0.0555555555556 0.0570613409415 4.161571 1.92634560907
0.0554785020804 0.0570613409415 4.161146 1.92917847025
0.0545702592087 0.0570613409415 4.15022 1.96317280453
0.0544959128065 0.0570613409415 4.148297 1.96600566572
0.054347826087 0.0570613409415 4.146043 1.9716713881
0.055630936228 0.058487874465 4.145245 1.9716713881
0.055330634278 0.058487874465 4.139179 1.98300283286
0.05525606469 0.058487874465 4.139164 1.98583569405
0.0532467532468 0.058487874465 4.101325 2.06515580737
0.05317769131 0.058487874465 4.101279 2.06798866856
0.0520965692503 0.058487874465 4.080152 2.11331444759
0.0520304568528 0.058487874465 4.077337 2.11614730878
0.0504926108374 0.058487874465 4.048323 2.18413597734
0.050430504305 0.058487874465 4.047601 2.18696883853
0.0471264367816 0.058487874465 3.984899 2.34844192635
0.0482204362801 0.0599144079886 3.984872 2.34844192635
0.047032474804 0.0599144079886 3.963058 2.41076487252
0.0480984340045 0.0613409415121 3.96266 2.41076487252
0.0473568281938 0.0613409415121 3.947784 2.45042492918
0.047304730473 0.0613409415121 3.947133 2.45325779037
0.0464864864865 0.0613409415121 3.92862 2.49858356941
0.0464362850972 0.0613409415121 3.927505 2.50141643059
0.0458911419424 0.0613409415121 3.916862 2.53257790368
0.046908315565 0.0627674750357 3.916801 2.53257790368
0.0464135021097 0.0627674750357 3.9054 2.56090651558
0.0463645943098 0.0627674750357 3.902064 2.56373937677
0.0455486542443 0.0627674750357 3.881557 2.611898017
0.0455015511892 0.0627674750357 3.879838 2.61473087819
0.0441767068273 0.0627674750357 3.841716 2.69688385269
0.0441323971916 0.0627674750357 3.84163 2.69971671388
0.0437810945274 0.0627674750357 3.834894 2.7223796034
0.044731610338 0.0641940085592 3.8335 2.7223796034
0.0443786982249 0.0641940085592 3.824836 2.74504249292
0.0453201970443 0.0656205420827 3.824313 2.74504249292
0.045142296369 0.0656205420827 3.817453 2.75637393768
0.0460784313725 0.0670470756063 3.816511 2.75637393768
0.0447619047619 0.0670470756063 3.775316 2.84135977337
0.0456707897241 0.0684736091298 3.773034 2.84135977337
0.0448179271709 0.0684736091298 3.749346 2.89801699717
0.044776119403 0.0684736091298 3.74932 2.90084985836
0.0439963336389 0.0684736091298 3.728897 2.95467422096
0.0448717948718 0.0699001426534 3.728731 2.95467422096
0.04478976234 0.0699001426534 3.724168 2.96033994334
0.0447488584475 0.0699001426534 3.723329 2.96317280453
0.0434397163121 0.0699001426534 3.691911 3.0566572238
0.0434012400354 0.0699001426534 3.69101 3.05949008499
0.0429824561404 0.0699001426534 3.680534 3.09065155807
0.0429447852761 0.0699001426534 3.679524 3.09348441926
0.0424978317433 0.0699001426534 3.668949 3.12747875354
0.0433275563258 0.0713266761769 3.66636 3.12747875354
0.0414593698176 0.0713266761769 3.613316 3.27478753541
0.0414250207125 0.0713266761769 3.612808 3.2776203966
0.0411861614498 0.0713266761769 3.603355 3.29745042493
0.041975308642 0.0727532097004 3.60259 3.29745042493
0.0415986949429 0.0727532097004 3.593719 3.32861189802
0.041564792176 0.0727532097004 3.592531 3.33144475921
0.0408981555734 0.0727532097004 3.571242 3.388101983
0.0408653846154 0.0727532097004 3.570317 3.39093484419
0.0406698564593 0.0727532097004 3.562639 3.40793201133
0.0414342629482 0.074179743224 3.56233 3.40793201133
0.0412698412698 0.074179743224 3.558766 3.42209631728
0.0420301348136 0.0756062767475 3.557798 3.42209631728
0.0415035238841 0.0756062767475 3.544816 3.46742209632
0.0414710485133 0.0756062767475 3.544304 3.47025495751
0.0413416536661 0.0756062767475 3.54246 3.48158640227
0.0420888542479 0.077032810271 3.542414 3.48158640227
0.0413793103448 0.077032810271 3.521752 3.54390934844
0.042113323124 0.0784593437946 3.521713 3.54390934844
0.0411368735976 0.0784593437946 3.498666 3.63172804533
0.0411061285501 0.0784593437946 3.498612 3.63456090652
0.0405904059041 0.0784593437946 3.47863 3.68271954674
0.0405604719764 0.0784593437946 3.478566 3.68555240793
0.0402635431918 0.0784593437946 3.469903 3.71388101983
0.0409656181419 0.0798858773181 3.466468 3.71388101983
0.040520984081 0.0798858773181 3.455559 3.75637393768
0.0412147505423 0.0813124108417 3.455408 3.75637393768
0.0408602150538 0.0813124108417 3.445722 3.79036827195
0.0408309455587 0.0813124108417 3.445605 3.79320113314
0.0405693950178 0.0813124108417 3.436976 3.81869688385
0.0405405405405 0.0813124108417 3.436884 3.82152974504
0.0405117270789 0.0813124108417 3.435799 3.82436260623
0.0411931818182 0.0827389443652 3.434711 3.82436260623
0.0395095367847 0.0827389443652 3.379462 3.99433427762
0.0394826412526 0.0827389443652 3.379164 3.99716713881
0.0392422192152 0.0827389443652 3.37551 4.02266288952
0.0398918187965 0.0841654778887 3.374488 4.02266288952
0.0390469887492 0.0841654778887 3.348452 4.11331444759
0.0390211640212 0.0841654778887 3.347971 4.11614730878
0.0387902695595 0.0841654778887 3.342844 4.14164305949
0.03876478318 0.0841654778887 3.342653 4.14447592068
0.0380154639175 0.0841654778887 3.317392 4.22946175637
0.03799098519 0.0841654778887 3.316956 4.23229461756
0.0377479206654 0.0841654778887 3.308198 4.26062322946
0.0383631713555 0.0855920114123 3.304719 4.26062322946
0.0381679389313 0.0855920114123 3.298545 4.28328611898
0.0387794024158 0.0870185449358 3.298171 4.28328611898
0.0386320455985 0.0870185449358 3.292919 4.30028328612
0.0392405063291 0.0884450784593 3.291627 4.30028328612
0.0375985445725 0.0884450784593 3.238105 4.49575070822
0.0375757575758 0.0884450784593 3.23793 4.49858356941
0.0369707811568 0.0884450784593 3.221649 4.57507082153
0.0375446960667 0.0898716119829 3.220819 4.57507082153
0.036 0.0898716119829 3.174631 4.7790368272
0.0365505425471 0.0912981455064 3.174169 4.7790368272
0.0360157568936 0.0912981455064 3.158053 4.85269121813
0.0365579302587 0.09272467903 3.157766 4.85269121813
0.036231884058 0.09272467903 3.143281 4.89801699717
0.0367688022284 0.0941512125535 3.142413 4.89801699717
0.0363636363636 0.0941512125535 3.130654 4.95467422096
0.0368942731278 0.095577746077 3.130546 4.95467422096
0.0368334249588 0.095577746077 3.128228 4.96317280453
0.0373626373626 0.0970042796006 3.128007 4.96317280453
0.0372398685652 0.0970042796006 3.125851 4.98016997167
0.0377668308703 0.0984308131241 3.125597 4.98016997167
0.0377461706783 0.0984308131241 3.124811 4.98300283286
0.0377255330782 0.0984308131241 3.124289 4.98583569405
0.0371167294244 0.0984308131241 3.100324 5.07082152975
0.0376344086022 0.0998573466476 3.100121 5.07082152975
0.0372340425532 0.0998573466476 3.088696 5.12747875354
0.0372142477406 0.0998573466476 3.087969 5.13031161473
0.0368421052632 0.0998573466476 3.078857 5.18413597734
0.0368227248816 0.0998573466476 3.078676 5.18696883853
0.0366684127816 0.0998573466476 3.075069 5.20963172805
0.0371727748691 0.101283880171 3.075047 5.20963172805
0.0360772357724 0.101283880171 3.043195 5.37393767705
0.0360589131539 0.101283880171 3.041947 5.37677053824
0.0346849047386 0.101283880171 2.99162 5.59773371105
0.03466796875 0.101283880171 2.991057 5.60056657224
0.034332688588 0.101283880171 2.981076 5.65722379603
0.0347994200097 0.102710413695 2.97959 5.65722379603
0.0347994200097 0.102710413695 2.97959 5.65722379603
0.0347826086957 0.102710413695 2.977992 5.66005665722
0.034749034749 0.102710413695 2.976845 5.6657223796
0.0347322720695 0.102710413695 2.975955 5.66855524079
0.0329218106996 0.102710413695 2.899594 5.99150141643
0.0333638025594 0.104136947218 2.899323 5.99150141643
0.033302919708 0.104136947218 2.896682 6.00283286119
0.0332877336981 0.104136947218 2.895057 6.00566572238
0.0332574031891 0.104136947218 2.892988 6.01133144476
0.0332422586521 0.104136947218 2.892606 6.01416430595
0.0331969076853 0.104136947218 2.891525 6.02266288952
0.0336363636364 0.105563480742 2.890284 6.02266288952
0.0335144927536 0.105563480742 2.883336 6.04532577904
0.0334993209597 0.105563480742 2.883258 6.04815864023
0.0334841628959 0.105563480742 2.882837 6.05099150142
0.033921302578 0.106990014265 2.882703 6.05099150142
0.033768572715 0.106990014265 2.876754 6.07932011331
0.0337533753375 0.106990014265 2.876708 6.0821529745
0.0332889480692 0.106990014265 2.855966 6.16997167139
0.0337178349601 0.108416547789 2.854799 6.16997167139
0.0334654337296 0.108416547789 2.843849 6.21813031161
0.0334507042254 0.108416547789 2.843837 6.2209631728
0.0333772507686 0.108416547789 2.840529 6.23512747875
0.0333625987709 0.108416547789 2.840008 6.23796033994
0.0332749562172 0.108416547789 2.837142 6.25495750708
0.0336980306346 0.109843081312 2.836933 6.25495750708
0.0332469775475 0.109843081312 2.819394 6.34277620397
0.0332326283988 0.109843081312 2.819384 6.34560906516
0.0326825127334 0.109843081312 2.802621 6.45609065156
0.0326686465846 0.109843081312 2.80255 6.45892351275
0.0322445561139 0.109843081312 2.782686 6.54674220963
0.0322310590205 0.109843081312 2.782011 6.54957507082
0.0315573770492 0.109843081312 2.753631 6.6940509915
0.0315444489963 0.109843081312 2.752877 6.69688385269
0.0315186246418 0.109843081312 2.7523 6.70254957507
0.0315057283142 0.109843081312 2.751558 6.70538243626
0.0315057283142 0.109843081312 2.751558 6.70538243626
0.0314928425358 0.109843081312 2.751152 6.70821529745
0.0312373225152 0.109843081312 2.742903 6.76487252125
0.0312246553122 0.109843081312 2.742687 6.76770538244
0.030519223147 0.109843081312 2.709229 6.92917847025
0.0305071315372 0.109843081312 2.70901 6.93201133144
0.0304227578032 0.109843081312 2.704944 6.95184135977
0.0308056872038 0.111269614836 2.704819 6.95184135977
0.0306362922231 0.111269614836 2.699318 6.99150141643
0.0306242638398 0.111269614836 2.698582 6.99433427762
0.0301274623407 0.111269614836 2.680945 7.11331444759
0.0305019305019 0.112696148359 2.680793 7.11331444759
0.0304314329738 0.112696148359 2.675925 7.13031161473
0.0304197150558 0.112696148359 2.67591 7.13314447592
0.0299129117758 0.112696148359 2.657122 7.25779036827
0.0302800908403 0.114122681883 2.656774 7.25779036827
0.0302457466919 0.114122681883 2.655521 7.26628895184
0.0302343159486 0.114122681883 2.654696 7.26912181303
0.0296076980015 0.114122681883 2.629707 7.42776203966
0.0299667036626 0.115549215407 2.628174 7.42776203966
0.0296703296703 0.115549215407 2.614729 7.50424929178
0.0296594653973 0.115549215407 2.614565 7.50708215297
0.0294974508376 0.115549215407 2.609681 7.54957507082
0.0294867127776 0.115549215407 2.609389 7.55240793201
0.0294759825328 0.115549215407 2.60935 7.5552407932
0.0294652600946 0.115549215407 2.607887 7.55807365439
0.0292524377031 0.115549215407 2.598166 7.61473087819
0.0292418772563 0.115549215407 2.597287 7.61756373938
0.0292418772563 0.115549215407 2.597287 7.61756373938
0.0292313244316 0.115549215407 2.597044 7.62039660057
0.0291366906475 0.115549215407 2.591829 7.64589235127
0.0294857964761 0.11697574893 2.59067 7.64589235127
0.0294646065397 0.11697574893 2.58974 7.65155807365
0.0294540229885 0.11697574893 2.589592 7.65439093484
0.0291089811857 0.11697574893 2.575316 7.74787535411
0.0290986515259 0.11697574893 2.575152 7.7507082153
0.0290677064871 0.11697574893 2.574361 7.75920679887
0.029057406095 0.11697574893 2.57357 7.76203966006
0.0287416754294 0.11697574893 2.555115 7.84985835694
0.0290819901892 0.118402282454 2.554851 7.84985835694
0.0290718038529 0.118402282454 2.554691 7.85269121813
0.0290616246499 0.118402282454 2.554348 7.85552407932
0.028940027894 0.118402282454 2.550849 7.8895184136
0.0292784942489 0.119828815977 2.550363 7.8895184136
0.0289955125992 0.119828815977 2.537438 7.96883852691
0.0293305728088 0.121255349501 2.536826 7.96883852691
0.0291695264242 0.121255349501 2.529908 8.01416430595
0.0295025728988 0.122681883024 2.52986 8.01416430595
0.0290933694181 0.122681883024 2.51318 8.13031161473
0.0290835306053 0.122681883024 2.512438 8.13314447592
0.0282708744247 0.122681883024 2.477033 8.37393767705
0.0285902070325 0.124108416548 2.476722 8.37393767705
0.0284592737978 0.124108416548 2.470545 8.41359773371
0.0287769784173 0.125534950071 2.470288 8.41359773371
0.0286458333333 0.125534950071 2.46421 8.45325779037
0.0289619264562 0.126961483595 2.464102 8.45325779037
0.0283439490446 0.126961483595 2.43167 8.64305949008
0.0286532951289 0.128388017118 2.430931 8.64305949008
0.0285805017466 0.128388017118 2.426945 8.6657223796
0.0285714285714 0.128388017118 2.426908 8.66855524079
0.0285080772886 0.128388017118 2.424126 8.68838526912
0.0284990500317 0.128388017118 2.423961 8.69121813031
0.0277777777778 0.128388017118 2.388419 8.92351274788
0.0277692070349 0.128388017118 2.386439 8.92634560907
0.0277435265105 0.128388017118 2.384614 8.93484419263
0.0277349768875 0.128388017118 2.384484 8.93767705382
0.0275061124694 0.128388017118 2.37587 9.01416430595
0.027803238619 0.129814550642 2.375269 9.01416430595
0.027743902439 0.129814550642 2.371285 9.03399433428
0.0280402316367 0.131241084165 2.370049 9.03399433428
0.0279975654291 0.131241084165 2.368059 9.04815864023
0.028293276544 0.132667617689 2.367904 9.04815864023
0.028258887876 0.132667617689 2.365774 9.05949008499
0.0282503037667 0.132667617689 2.363975 9.06232294618
0.0282503037667 0.132667617689 2.363975 9.06232294618
0.0282417248709 0.132667617689 2.363728 9.06515580737
0.0281647486372 0.132667617689 2.360917 9.09065155807
0.0281562216167 0.132667617689 2.360743 9.09348441926
0.0280036133695 0.132667617689 2.349221 9.14447592068
0.0282962071042 0.134094151213 2.347622 9.14447592068
0.0282621767889 0.134094151213 2.34652 9.15580736544
0.0282536819958 0.134094151213 2.346424 9.15864022663
0.0281100478469 0.134094151213 2.34023 9.20679886686
0.0284005979073 0.135520684736 2.339596 9.20679886686
0.0281648384228 0.135520684736 2.329633 9.28611898017
0.0281564908121 0.135520684736 2.32952 9.28895184136
0.0277534326614 0.135520684736 2.307566 9.42776203966
0.0280373831776 0.13694721826 2.307131 9.42776203966
0.0280210157618 0.13694721826 2.306378 9.43342776204
0.0283046396265 0.138373751783 2.306087 9.43342776204
0.02813225058 0.138373751783 2.296136 9.49291784703
0.0284140330531 0.139800285307 2.295788 9.49291784703
0.0283893395133 0.139800285307 2.294576 9.50141643059
0.0283811178685 0.139800285307 2.294306 9.50424929178
0.0283155157469 0.139800285307 2.289998 9.5269121813
0.0283073367995 0.139800285307 2.289463 9.52974504249
0.0279361459521 0.139800285307 2.27125 9.66005665722
0.0282131661442 0.14122681883 2.270233 9.66005665722
0.027981910684 0.14122681883 2.259529 9.74220963173
0.0279740039559 0.14122681883 2.259448 9.74504249292
0.0276690888765 0.14122681883 2.243778 9.85552407932
0.027940765577 0.142653352354 2.243707 9.85552407932
0.0276472214542 0.142653352354 2.227818 9.96317280453
0.0276395798784 0.142653352354 2.227148 9.96600566572
0.0276090557703 0.142653352354 2.225067 9.97733711048
0.0276014352746 0.142653352354 2.224331 9.98016997167
0.0275785990072 0.142653352354 2.223869 9.98866855524
0.0278467052661 0.144079885877 2.223032 9.98866855524
0.0275504637207 0.144079885877 2.207347 10.0991501416
0.0275429506409 0.144079885877 2.207137 10.1019830028
0.0274904735983 0.144079885877 2.204624 10.1218130312
0.0277551020408 0.145506419401 2.204396 10.1218130312
0.0276872964169 0.145506419401 2.198529 10.1473087819
0.0276797829037 0.145506419401 2.197592 10.1501416431
0.0271637816245 0.145506419401 2.174027 10.3484419263
0.0271565495208 0.145506419401 2.173968 10.3512747875
0.0270341902995 0.145506419401 2.168337 10.3994334278
0.027027027027 0.145506419401 2.168279 10.402266289
0.0269984118581 0.145506419401 2.16462 10.4135977337
0.0269912675311 0.145506419401 2.164329 10.4164305949
0.0265141668833 0.145506419401 2.140552 10.6090651558
0.0267671517672 0.146932952924 2.140088 10.6090651558
0.0265737874097 0.146932952924 2.129698 10.6883852691
0.0265669331958 0.146932952924 2.128794 10.6912181303
0.0260759493671 0.146932952924 2.103524 10.8980169972
0.0260693495318 0.146932952924 2.102707 10.9008498584
0.0260495700556 0.146932952924 2.102126 10.9093484419
0.0260429835651 0.146932952924 2.100998 10.9121813031
0.025344488189 0.146932952924 2.06772 11.2209631728
0.0253382533825 0.146932952924 2.066277 11.223796034
0.025226549106 0.146932952924 2.058202 11.2747875354
0.0254652301665 0.148359486448 2.058153 11.2747875354
0.0253968253968 0.148359486448 2.054053 11.3059490085
0.025390625 0.148359486448 2.053141 11.3087818697
0.0252795333009 0.148359486448 2.041502 11.3597733711
0.0252733900365 0.148359486448 2.04143 11.3626062323
0.0251207729469 0.148359486448 2.03387 11.433427762
0.025356194156 0.149786019971 2.033544 11.433427762
0.0253378378378 0.149786019971 2.032617 11.4419263456
0.0253317249698 0.149786019971 2.031439 11.4447592068
0.0253073029646 0.149786019971 2.030002 11.4560906516
0.0255421686747 0.151212553495 2.02983 11.4560906516
0.0254318618042 0.151212553495 2.021846 11.507082153
0.0256656272487 0.152639087019 2.02156 11.507082153
0.0254701261604 0.152639087019 2.009023 11.597733711
0.0257020466445 0.154065620542 2.009019 11.597733711
0.0255560814009 0.154065620542 2.000196 11.6657223796
0.0255500354862 0.154065620542 1.999825 11.6685552408
0.0253759398496 0.154065620542 1.987862 11.7507082153
0.0253699788584 0.154065620542 1.98721 11.7535410765
0.0252277505256 0.154065620542 1.977991 11.821529745
0.0252218589444 0.154065620542 1.977952 11.8243626062
0.0249942143022 0.154065620542 1.964049 11.9348441926
0.0249884312818 0.154065620542 1.963892 11.9376770538
0.0248161764706 0.154065620542 1.953667 12.0226628895
0.0248104755341 0.154065620542 1.953629 12.0254957507
0.0246857142857 0.154065620542 1.9468 12.0878186969
0.0249085923218 0.155492154066 1.945963 12.0878186969
0.0247333787157 0.155492154066 1.937193 12.1756373938
0.0247277676951 0.155492154066 1.936855 12.178470255
0.0246662140756 0.155492154066 1.933564 12.209631728
0.0248868778281 0.156918687589 1.932862 12.209631728
0.0246581483972 0.156918687589 1.91665 12.3257790368
0.0248767368893 0.158345221113 1.916027 12.3257790368
0.0245629564063 0.158345221113 1.898216 12.4872521246
0.0245575221239 0.158345221113 1.897481 12.4900849858
0.0244063324538 0.158345221113 1.885545 12.5694050992
0.0244009672455 0.158345221113 1.88533 12.5722379603
0.0243154435926 0.158345221113 1.880573 12.6175637394
0.0245291283399 0.159771754636 1.880453 12.6175637394
0.0243161094225 0.159771754636 1.871429 12.730878187
0.0243108313436 0.159771754636 1.869546 12.7337110482
0.0241379310345 0.159771754636 1.857594 12.8271954674
0.0241327300151 0.159771754636 1.856875 12.8300283286
0.0237994050149 0.159771754636 1.837732 13.0141643059
0.0237943488421 0.159771754636 1.837638 13.0169971671
0.0237539766702 0.159771754636 1.83594 13.0396600567
0.0237489397795 0.159771754636 1.835664 13.0424929178
0.0237388724036 0.159771754636 1.835156 13.0481586402
0.0239457512185 0.16119828816 1.834861 13.0481586402
0.0238951152464 0.16119828816 1.830723 13.0764872521
0.0241014799154 0.162624821683 1.830716 13.0764872521
0.0236612702366 0.162624821683 1.806696 13.3257790368
0.0236563602407 0.162624821683 1.806342 13.328611898
0.0235488535427 0.162624821683 1.797304 13.3909348442
0.0237505163156 0.164051355207 1.797145 13.3909348442
0.0236722931247 0.164051355207 1.793757 13.4362606232
0.0236674212801 0.164051355207 1.792685 13.4390934844
0.023493360572 0.164051355207 1.785526 13.5410764873
0.0234885620915 0.164051355207 1.785357 13.5439093484
0.0234359078867 0.164051355207 1.781689 13.5750708215
0.0236348818256 0.16547788873 1.781346 13.5750708215
0.0233635448137 0.16547788873 1.763605 13.7365439093
0.0233588401128 0.16547788873 1.763322 13.7393767705
0.0233494363929 0.16547788873 1.763078 13.7450424929
0.0233447373717 0.16547788873 1.762298 13.7478753541
0.0231536926148 0.16547788873 1.747899 13.8640226629
0.0233486330074 0.166904422254 1.747649 13.8640226629
0.0231729055258 0.166904422254 1.731715 13.9716713881
0.0231683168317 0.166904422254 1.731548 13.9745042493
0.0230905861456 0.166904422254 1.726448 14.0226628895
0.0232833464878 0.168330955777 1.726071 14.0226628895
0.0228505034857 0.168330955777 1.6983 14.2946175637
0.0228460793804 0.168330955777 1.697956 14.2974504249
0.0226574500768 0.168330955777 1.688494 14.4192634561
0.0226531004031 0.168330955777 1.68816 14.4220963173
0.0226140283634 0.168330955777 1.686382 14.447592068
0.0226096953439 0.168330955777 1.686198 14.4504249292
0.0225837320574 0.168330955777 1.684969 14.4674220963
0.0227707615767 0.169757489301 1.684914 14.4674220963
0.0227012590614 0.169757489301 1.678346 14.5127478754
0.022696929239 0.169757489301 1.677943 14.5155807365
0.0225293449451 0.169757489301 1.667713 14.6260623229
0.022714366837 0.171184022825 1.66771 14.6260623229
0.0225436783769 0.171184022825 1.657578 14.7393767705
0.022539444027 0.171184022825 1.657517 14.7422096317
0.0225309800976 0.171184022825 1.656944 14.7478753541
0.0227144734372 0.172610556348 1.656355 14.7478753541
0.0225830533781 0.172610556348 1.644718 14.835694051
0.0227654413137 0.174037089872 1.644368 14.835694051
0.0226261127596 0.174037089872 1.636516 14.9291784703
0.0226219173002 0.174037089872 1.636392 14.9320113314
0.0225383336412 0.174037089872 1.630193 14.9886685552
0.0227188769856 0.175463623395 1.630066 14.9886685552
0.0226144511859 0.175463623395 1.624399 15.059490085
0.0226102941176 0.175463623395 1.624128 15.0623229462
0.0225192237276 0.175463623395 1.617257 15.1246458924
0.0225151015925 0.175463623395 1.61707 15.1274787535
0.0224166211044 0.175463623395 1.611688 15.1954674221
0.0224125364431 0.175463623395 1.610843 15.1983002833
0.0223799126638 0.175463623395 1.609682 15.2209631728
0.0225577587775 0.176890156919 1.609351 15.2209631728
0.0225249772934 0.176890156919 1.607371 15.2436260623
0.0227025063567 0.178316690442 1.606485 15.2436260623
0.0224094657583 0.178316690442 1.58641 15.447592068
0.0224054490052 0.178316690442 1.586179 15.4504249292
0.0222895863053 0.178316690442 1.577967 15.5325779037
0.0224638973079 0.179743223966 1.577585 15.5325779037
0.022070415134 0.179743223966 1.551355 15.8158640227
0.0220665499124 0.179743223966 1.551144 15.8186968839
0.0218068535826 0.179743223966 1.531243 16.0113314448
0.0218030801177 0.179743223966 1.531147 16.0141643059
0.0216979507491 0.179743223966 1.521892 16.0934844193
0.021694214876 0.179743223966 1.52181 16.0963172805
0.0215679561794 0.179743223966 1.513153 16.1926345609
0.0215642649324 0.179743223966 1.512827 16.1954674221
0.021527421835 0.179743223966 1.510724 16.223796034
0.0215237444482 0.179743223966 1.510394 16.2266288952
0.0213414634146 0.179743223966 1.496356 16.3682719547
0.0213378492803 0.179743223966 1.496088 16.3711048159
0.0212801891572 0.179743223966 1.491621 16.4164305949
0.0214454576157 0.181169757489 1.491315 16.4164305949
0.0212552301255 0.181169757489 1.47321 16.566572238
0.0212516733601 0.181169757489 1.472193 16.5694050992
0.0211949265688 0.181169757489 1.467702 16.6147308782
0.0211913899549 0.181169757489 1.467533 16.6175637394
0.0209986772487 0.181169757489 1.450542 16.7733711048
0.0211605224004 0.182596291013 1.449877 16.7733711048
0.0208163929094 0.182596291013 1.415421 17.0566572238
0.0208130081301 0.182596291013 1.41519 17.059490085
0.0203529972969 0.182596291013 1.370074 17.4532577904
0.0203497615262 0.182596291013 1.369931 17.4560906516
0.0202692003167 0.182596291013 1.360944 17.5269121813
0.0204243191894 0.184022824536 1.360781 17.5269121813
0.0204243191894 0.184022824536 1.360781 17.5269121813
0.0205793889505 0.18544935806 1.360453 17.5269121813
0.0203825650674 0.18544935806 1.34172 17.6997167139
0.0205361341903 0.186875891583 1.341312 17.6997167139
0.0201476468779 0.186875891583 1.301357 18.0481586402
0.0202983238505 0.188302425107 1.301327 18.0481586402
0.0202609363008 0.188302425107 1.29712 18.0821529745
0.0202578268877 0.188302425107 1.297063 18.0849858357
0.0201958384333 0.188302425107 1.293293 18.1416430595
0.0201927489674 0.188302425107 1.293273 18.1444759207
0.0198108959928 0.188302425107 1.252523 18.5014164306
0.0199579831933 0.189728958631 1.252506 18.5014164306
0.0198715075452 0.189728958631 1.244649 18.5835694051
0.0200179265013 0.191155492154 1.244626 18.5835694051
0.019807834442 0.191155492154 1.229414 18.7847025496
0.0198049068874 0.191155492154 1.228338 18.7875354108
0.0197290930506 0.191155492154 1.222796 18.8611898017
0.0197261887237 0.191155492154 1.222411 18.8640226629
0.0196250732279 0.191155492154 1.215093 18.9631728045
0.0196221994435 0.191155492154 1.215054 18.9660056657
0.0191977077364 0.191155492154 1.169226 19.3937677054
0.0193382036957 0.192582025678 1.168692 19.3937677054
0.0189713322091 0.192582025678 1.134688 19.776203966
0.0191091752143 0.194008559201 1.134228 19.776203966
0.0190502871551 0.194008559201 1.129714 19.8385269122
0.0190476190476 0.194008559201 1.129354 19.8413597734
0.0189811584089 0.194008559201 1.121926 19.9121813031
0.0191180574937 0.195435092725 1.121171 19.9121813031
0.0189908511228 0.195435092725 1.104825 20.0481586402
0.0191268191268 0.196861626248 1.10456 20.0481586402
0.0190555095278 0.196861626248 1.095876 20.1246458924
0.0190528786414 0.196861626248 1.09587 20.1274787535
0.0189612530915 0.196861626248 1.084444 20.2266288952
0.018958648166 0.196861626248 1.084364 20.2294617564
0.0188834154351 0.196861626248 1.074963 20.3116147309
0.0188808318511 0.196861626248 1.074892 20.3144475921
0.0187042558959 0.196861626248 1.053849 20.5099150142
0.0187017211004 0.196861626248 1.053257 20.5127478754
0.0183169631006 0.196861626248 1.013975 20.9518413598
0.0184472461845 0.198288159772 1.013724 20.9518413598
0.018301514154 0.198288159772 0.995818 21.1218130312
0.0184307530279 0.199714693295 0.995805 21.1218130312
0.0184186291277 0.199714693295 0.995178 21.1359773371
0.0185477505919 0.201141226819 0.994816 21.1359773371
0.0183857086974 0.201141226819 0.972051 21.3257790368
0.0183833116037 0.201141226819 0.971872 21.328611898
0.0183140667619 0.201141226819 0.96451 21.4107648725
0.0184415584416 0.202567760342 0.964098 21.4107648725
0.0184295911746 0.202567760342 0.962167 21.4249291785
0.0185569685959 0.203994293866 0.96134 21.4249291785
0.0184373388345 0.203994293866 0.943662 21.566572238
0.0184349619698 0.203994293866 0.943652 21.5694050992
0.0178193146417 0.203994293866 0.858971 22.328611898
0.0179416895091 0.205420827389 0.858214 22.328611898
0.0178460775809 0.205420827389 0.84787 22.4504249292
0.017843866171 0.205420827389 0.847573 22.4532577904
0.0176817288802 0.205420827389 0.822322 22.6628895184
0.0178023327195 0.206847360913 0.821283 22.6628895184
0.017516308287 0.206847360913 0.780904 23.0396600567
0.0175141925353 0.206847360913 0.780733 23.0424929178
0.0173196368849 0.206847360913 0.753198 23.3059490085
0.0173175683745 0.206847360913 0.752192 23.3087818697
0.0168663487263 0.206847360913 0.683453 23.9433427762
0.0169806931845 0.208273894437 0.68328 23.9433427762
0.0165852550267 0.208273894437 0.612632 24.5240793201
0.0166969559291 0.20970042796 0.61183 24.5240793201
0.0162610619469 0.20970042796 0.540281 25.1926345609
0.0162592633558 0.20970042796 0.539624 25.1954674221
0.0154867256637 0.20970042796 0.386477 26.4730878187
0.01548509428 0.20970042796 0.386111 26.4759206799
0.0154314507663 0.20970042796 0.372404 26.5694050992
0.0155347958434 0.211126961484 0.372363 26.5694050992
0.0152435884231 0.211126961484 0.310587 27.0849858357
0.0153450051493 0.212553495007 0.310566 27.0849858357
0.0149839098954 0.212553495007 0.231282 27.7478753541
0.0150829562594 0.213980028531 0.230975 27.7478753541
0.0149194350507 0.213980028531 0.032931 28.0566572238
0.014917951268 0.213980028531 0.000108 28.059490085
