1.0 0.0 inf 0.0
1.0 0.00142653352354 9.013265 0.0
1.0 0.00142653352354 9.013265 0.0
0.5 0.00142653352354 8.883469 0.0028328611898
0.5 0.00142653352354 8.883469 0.0028328611898
0.333333333333 0.00142653352354 8.728572 0.0056657223796
0.25 0.00142653352354 8.64762 0.00849858356941
0.4 0.00285306704708 8.574587 0.00849858356941
0.4 0.00285306704708 8.574587 0.00849858356941
0.333333333333 0.00285306704708 8.49513 0.0113314447592
0.333333333333 0.00285306704708 8.49513 0.0113314447592
0.285714285714 0.00285306704708 8.413513 0.014164305949
0.285714285714 0.00285306704708 8.413513 0.014164305949
0.25 0.00285306704708 8.291371 0.0169971671388
0.25 0.00285306704708 8.291371 0.0169971671388
0.333333333333 0.00427960057061 8.219538 0.0169971671388
0.25 0.00427960057061 8.014846 0.0254957507082
0.230769230769 0.00427960057061 8.005821 0.028328611898
0.214285714286 0.00427960057061 7.964972 0.0311614730878
0.2 0.00427960057061 7.964377 0.0339943342776
0.1875 0.00427960057061 7.914122 0.0368271954674
0.176470588235 0.00427960057061 7.912356 0.0396600566572
0.166666666667 0.00427960057061 7.89877 0.042492917847
0.157894736842 0.00427960057061 7.876225 0.0453257790368
0.130434782609 0.00427960057061 7.743796 0.056657223796
0.125 0.00427960057061 7.693444 0.0594900849858
0.125 0.00427960057061 7.693444 0.0594900849858
0.12 0.00427960057061 7.690177 0.0623229461756
0.12 0.00427960057061 7.690177 0.0623229461756
0.115384615385 0.00427960057061 7.685859 0.0651558073654
0.103448275862 0.00427960057061 7.628784 0.0736543909348
0.1 0.00427960057061 7.60481 0.0764872521246
0.0967741935484 0.00427960057061 7.58953 0.0793201133144
0.09375 0.00427960057061 7.583073 0.0821529745042
0.09375 0.00427960057061 7.583073 0.0821529745042
0.0909090909091 0.00427960057061 7.566069 0.0849858356941
0.0909090909091 0.00427960057061 7.566069 0.0849858356941
0.0882352941176 0.00427960057061 7.563789 0.0878186968839
0.0857142857143 0.00427960057061 7.561289 0.0906515580737
0.0833333333333 0.00427960057061 7.555832 0.0934844192635
0.0810810810811 0.00427960057061 7.55336 0.0963172804533
0.105263157895 0.00570613409415 7.489131 0.0963172804533
0.105263157895 0.00570613409415 7.489131 0.0963172804533
0.102564102564 0.00570613409415 7.443892 0.0991501416431
0.0975609756098 0.00570613409415 7.407397 0.104815864023
0.0952380952381 0.00570613409415 7.388568 0.107648725212
0.0952380952381 0.00570613409415 7.388568 0.107648725212
0.116279069767 0.00713266761769 7.384385 0.107648725212
0.106382978723 0.00713266761769 7.309332 0.118980169972
0.125 0.00855920114123 7.306724 0.118980169972
0.125 0.00855920114123 7.306724 0.118980169972
0.122448979592 0.00855920114123 7.295203 0.121813031161
0.12 0.00855920114123 7.272249 0.124645892351
0.117647058824 0.00855920114123 7.266248 0.127478753541
0.11320754717 0.00855920114123 7.216612 0.133144475921
0.111111111111 0.00855920114123 7.210746 0.13597733711
0.109090909091 0.00855920114123 7.206361 0.1388101983
0.107142857143 0.00855920114123 7.173276 0.14164305949
0.103448275862 0.00855920114123 7.153769 0.14730878187
0.118644067797 0.00998573466476 7.120998 0.14730878187
0.114754098361 0.00998573466476 7.085692 0.152974504249
0.112903225806 0.00998573466476 7.079572 0.155807365439
0.107692307692 0.00998573466476 7.068721 0.164305949008
0.121212121212 0.0114122681883 7.066289 0.164305949008
0.112676056338 0.0114122681883 7.045356 0.178470254958
0.111111111111 0.0114122681883 7.0344 0.181303116147
0.111111111111 0.0114122681883 7.0344 0.181303116147
0.109589041096 0.0114122681883 7.031717 0.184135977337
0.109589041096 0.0114122681883 7.031717 0.184135977337
0.121621621622 0.0128388017118 7.026341 0.184135977337
0.121621621622 0.0128388017118 7.026341 0.184135977337
0.12 0.0128388017118 7.01764 0.186968838527
0.115384615385 0.0128388017118 7.000637 0.195467422096
0.113924050633 0.0128388017118 6.997505 0.198300283286
0.1125 0.0128388017118 6.981792 0.201133144476
0.111111111111 0.0128388017118 6.962113 0.203966005666
0.111111111111 0.0128388017118 6.962113 0.203966005666
0.109756097561 0.0128388017118 6.958733 0.206798866856
0.109756097561 0.0128388017118 6.958733 0.206798866856
0.10843373494 0.0128388017118 6.95715 0.209631728045
0.103448275862 0.0128388017118 6.928734 0.220963172805
0.113636363636 0.0142653352354 6.927991 0.220963172805
0.103092783505 0.0142653352354 6.894303 0.246458923513
0.102040816327 0.0142653352354 6.893587 0.249291784703
0.0934579439252 0.0142653352354 6.863621 0.274787535411
0.0925925925926 0.0142653352354 6.854418 0.277620396601
0.0925925925926 0.0142653352354 6.854418 0.277620396601
0.100917431193 0.0156918687589 6.853734 0.277620396601
0.100917431193 0.0156918687589 6.853734 0.277620396601
0.1 0.0156918687589 6.851959 0.28045325779
0.0964912280702 0.0156918687589 6.834114 0.29178470255
0.095652173913 0.0156918687589 6.833428 0.294617563739
0.0940170940171 0.0156918687589 6.827461 0.300283286119
0.101694915254 0.0171184022825 6.820295 0.300283286119
0.099173553719 0.0171184022825 6.818699 0.308781869688
0.0983606557377 0.0171184022825 6.816178 0.311614730878
0.0975609756098 0.0171184022825 6.816095 0.314447592068
0.0967741935484 0.0171184022825 6.809471 0.317280453258
0.096 0.0171184022825 6.805989 0.320113314448
0.0952380952381 0.0171184022825 6.804197 0.322946175637
0.0909090909091 0.0171184022825 6.747945 0.339943342776
0.0902255639098 0.0171184022825 6.742696 0.342776203966
0.0902255639098 0.0171184022825 6.742696 0.342776203966
0.089552238806 0.0171184022825 6.740051 0.345609065156
0.089552238806 0.0171184022825 6.740051 0.345609065156
0.0888888888889 0.0171184022825 6.738297 0.348441926346
0.0875912408759 0.0171184022825 6.735159 0.354107648725
0.0942028985507 0.018544935806 6.715129 0.354107648725
0.0915492957746 0.018544935806 6.688231 0.365439093484
0.0909090909091 0.018544935806 6.683105 0.368271954674
0.0890410958904 0.018544935806 6.678889 0.376770538244
0.0884353741497 0.018544935806 6.671617 0.379603399433
0.0878378378378 0.018544935806 6.668231 0.382436260623
0.0872483221477 0.018544935806 6.666451 0.385269121813
0.0872483221477 0.018544935806 6.666451 0.385269121813
0.0866666666667 0.018544935806 6.664794 0.388101983003
0.0860927152318 0.018544935806 6.66175 0.390934844193
0.0855263157895 0.018544935806 6.659772 0.393767705382
0.0833333333333 0.018544935806 6.642405 0.405099150142
0.0828025477707 0.018544935806 6.639463 0.407932011331
0.079754601227 0.018544935806 6.598309 0.42492917847
0.0792682926829 0.018544935806 6.594196 0.42776203966
0.078313253012 0.018544935806 6.585667 0.43342776204
0.0838323353293 0.0199714693295 6.579891 0.43342776204
0.0833333333333 0.0199714693295 6.574907 0.436260623229
0.0887573964497 0.0213980028531 6.569338 0.436260623229
0.0877192982456 0.0213980028531 6.567035 0.441926345609
0.0872093023256 0.0213980028531 6.566294 0.444759206799
0.0872093023256 0.0213980028531 6.566294 0.444759206799
0.0867052023121 0.0213980028531 6.566043 0.447592067989
0.0862068965517 0.0213980028531 6.565088 0.450424929178
0.0857142857143 0.0213980028531 6.559652 0.453257790368
0.0852272727273 0.0213980028531 6.554375 0.456090651558
0.0847457627119 0.0213980028531 6.551537 0.458923512748
0.0837988826816 0.0213980028531 6.543889 0.464589235127
0.0888888888889 0.0228245363766 6.529197 0.464589235127
0.0888888888889 0.0228245363766 6.529197 0.464589235127
0.0883977900552 0.0228245363766 6.528398 0.467422096317
0.0883977900552 0.0228245363766 6.528398 0.467422096317
0.0934065934066 0.0242510699001 6.525265 0.467422096317
0.0934065934066 0.0242510699001 6.525265 0.467422096317
0.0928961748634 0.0242510699001 6.522581 0.470254957507
0.0899470899471 0.0242510699001 6.503788 0.487252124646
0.0894736842105 0.0242510699001 6.493757 0.490084985836
0.0894736842105 0.0242510699001 6.493757 0.490084985836
0.0890052356021 0.0242510699001 6.492454 0.492917847025
0.0880829015544 0.0242510699001 6.487401 0.498583569405
0.0876288659794 0.0242510699001 6.487285 0.501416430595
0.0876288659794 0.0242510699001 6.487285 0.501416430595
0.0871794871795 0.0242510699001 6.485345 0.504249291785
0.0871794871795 0.0242510699001 6.485345 0.504249291785
0.0867346938776 0.0242510699001 6.482169 0.507082152975
0.0858585858586 0.0242510699001 6.472153 0.512747875354
0.0854271356784 0.0242510699001 6.469196 0.515580736544
0.085 0.0242510699001 6.467722 0.518413597734
0.0845771144279 0.0242510699001 6.461318 0.521246458924
0.0837438423645 0.0242510699001 6.445805 0.526912181303
0.0833333333333 0.0242510699001 6.442827 0.529745042493
0.0813397129187 0.0242510699001 6.440032 0.543909348442
0.0809523809524 0.0242510699001 6.418893 0.546742209632
0.0805687203791 0.0242510699001 6.417323 0.549575070822
0.0849056603774 0.0256776034237 6.409009 0.549575070822
0.0849056603774 0.0256776034237 6.409009 0.549575070822
0.0845070422535 0.0256776034237 6.407683 0.552407932011
0.0829493087558 0.0256776034237 6.402629 0.563739376771
0.0825688073394 0.0256776034237 6.402267 0.56657223796
0.0818181818182 0.0256776034237 6.396921 0.57223796034
0.0814479638009 0.0256776034237 6.394212 0.57507082153
0.0814479638009 0.0256776034237 6.394212 0.57507082153
0.0810810810811 0.0256776034237 6.393093 0.57790368272
0.0803571428571 0.0256776034237 6.392245 0.583569405099
0.08 0.0256776034237 6.387722 0.586402266289
0.08 0.0256776034237 6.387722 0.586402266289
0.0840707964602 0.0271041369472 6.385274 0.586402266289
0.0833333333333 0.0271041369472 6.379103 0.592067988669
0.0829694323144 0.0271041369472 6.377388 0.594900849858
0.0822510822511 0.0271041369472 6.375211 0.600566572238
0.0818965517241 0.0271041369472 6.3652 0.603399433428
0.0791666666667 0.0271041369472 6.32787 0.626062322946
0.0829875518672 0.0285306704708 6.327548 0.626062322946
0.080971659919 0.0285306704708 6.301183 0.643059490085
0.0806451612903 0.0285306704708 6.297796 0.645892351275
0.0806451612903 0.0285306704708 6.297796 0.645892351275
0.0803212851406 0.0285306704708 6.297236 0.648725212465
0.0796812749004 0.0285306704708 6.289186 0.654390934844
0.0793650793651 0.0285306704708 6.288799 0.657223796034
0.0760456273764 0.0285306704708 6.264064 0.688385269122
0.0757575757576 0.0285306704708 6.256859 0.691218130312
0.0754716981132 0.0285306704708 6.253242 0.694050991501
0.0751879699248 0.0285306704708 6.253197 0.696883852691
0.0738007380074 0.0285306704708 6.231424 0.71104815864
0.0735294117647 0.0285306704708 6.230328 0.71388101983
0.0732600732601 0.0285306704708 6.228244 0.71671388102
0.0729927007299 0.0285306704708 6.226061 0.71954674221
0.0729927007299 0.0285306704708 6.226061 0.71954674221
0.0727272727273 0.0285306704708 6.225411 0.722379603399
0.0716845878136 0.0285306704708 6.219319 0.733711048159
0.075 0.0299572039943 6.215609 0.733711048159
0.0721649484536 0.0299572039943 6.179982 0.764872521246
0.0753424657534 0.0313837375178 6.174925 0.764872521246
0.0748299319728 0.0313837375178 6.174406 0.770538243626
0.0745762711864 0.0313837375178 6.172736 0.773371104816
0.072131147541 0.0313837375178 6.149281 0.801699716714
0.0718954248366 0.0313837375178 6.144224 0.804532577904
0.0696202531646 0.0313837375178 6.120286 0.832861189802
0.0694006309148 0.0313837375178 6.108129 0.835694050992
0.0694006309148 0.0313837375178 6.108129 0.835694050992
0.0691823899371 0.0313837375178 6.105542 0.838526912181
0.0685358255452 0.0313837375178 6.100595 0.847025495751
0.0683229813665 0.0313837375178 6.100504 0.849858356941
0.0674846625767 0.0313837375178 6.09123 0.8611898017
0.0703363914373 0.0328102710414 6.09056 0.8611898017
0.0694864048338 0.0328102710414 6.075566 0.872521246459
0.0692771084337 0.0328102710414 6.075034 0.875354107649
0.0684523809524 0.0328102710414 6.061408 0.886685552408
0.0682492581602 0.0328102710414 6.06089 0.889518413598
0.0674486803519 0.0328102710414 6.057949 0.900849858357
0.0672514619883 0.0328102710414 6.057078 0.903682719547
0.0659025787966 0.0328102710414 6.041962 0.923512747875
0.0685714285714 0.0342368045649 6.038332 0.923512747875
0.0683760683761 0.0342368045649 6.037864 0.926345609065
0.0681818181818 0.0342368045649 6.031466 0.929178470255
0.0679886685552 0.0342368045649 6.031198 0.932011331445
0.0677966101695 0.0342368045649 6.029336 0.934844192635
0.0676056338028 0.0342368045649 6.028984 0.937677053824
0.0674157303371 0.0342368045649 6.027798 0.940509915014
0.0672268907563 0.0342368045649 6.025621 0.943342776204
0.0670391061453 0.0342368045649 6.023785 0.946175637394
0.0666666666667 0.0342368045649 6.019999 0.951841359773
0.0664819944598 0.0342368045649 6.019601 0.954674220963
0.0662983425414 0.0342368045649 6.019546 0.957507082153
0.0661157024793 0.0342368045649 6.016278 0.960339943343
0.063829787234 0.0342368045649 5.98753 0.99716713881
0.0663129973475 0.0356633380884 5.98666 0.99716713881
0.0657894736842 0.0356633380884 5.974804 1.00566572238
0.0656167979003 0.0356633380884 5.972929 1.00849858357
0.065274151436 0.0356633380884 5.969657 1.01416430595
0.0651041666667 0.0356633380884 5.967551 1.01699716714
0.0644329896907 0.0356633380884 5.963776 1.0283286119
0.0642673521851 0.0356633380884 5.963628 1.03116147309
0.0641025641026 0.0356633380884 5.963295 1.03399433428
0.0639386189258 0.0356633380884 5.956417 1.03682719547
0.062656641604 0.0356633380884 5.938251 1.05949008499
0.0625 0.0356633380884 5.929189 1.06232294618
0.0623441396509 0.0356633380884 5.925453 1.06515580737
0.0646766169154 0.037089871612 5.924299 1.06515580737
0.0641975308642 0.037089871612 5.921857 1.07365439093
0.064039408867 0.037089871612 5.921037 1.07648725212
0.0638820638821 0.037089871612 5.919038 1.07932011331
0.0637254901961 0.037089871612 5.91178 1.0821529745
0.0635696821516 0.037089871612 5.910207 1.08498583569
0.0634146341463 0.037089871612 5.907869 1.08781869688
0.0622009569378 0.037089871612 5.893109 1.1104815864
0.0620525059666 0.037089871612 5.891491 1.11331444759
0.0608899297424 0.037089871612 5.886237 1.13597733711
0.0630841121495 0.0385164051355 5.885776 1.13597733711
0.0620689655172 0.0385164051355 5.870919 1.15580736544
0.0619266055046 0.0385164051355 5.870206 1.15864022663
0.0617848970252 0.0385164051355 5.862561 1.16147308782
0.0616438356164 0.0385164051355 5.862397 1.16430594901
0.0610859728507 0.0385164051355 5.84696 1.17563739377
0.0609480812641 0.0385164051355 5.842405 1.17847025496
0.0605381165919 0.0385164051355 5.838395 1.18696883853
0.0604026845638 0.0385164051355 5.83804 1.18980169972
0.0601336302895 0.0385164051355 5.833143 1.1954674221
0.06 0.0385164051355 5.829911 1.19830028329
0.0593406593407 0.0385164051355 5.82224 1.21246458924
0.0592105263158 0.0385164051355 5.820442 1.21529745042
0.058568329718 0.0385164051355 5.812567 1.22946175637
0.0584415584416 0.0385164051355 5.812531 1.23229461756
0.0572033898305 0.0385164051355 5.790241 1.26062322946
0.0570824524313 0.0385164051355 5.788564 1.26345609065
0.0548780487805 0.0385164051355 5.738947 1.31728045326
0.0547667342799 0.0385164051355 5.737673 1.32011331445
0.0547667342799 0.0385164051355 5.737673 1.32011331445
0.0546558704453 0.0385164051355 5.736649 1.32294617564
0.0546558704453 0.0385164051355 5.736649 1.32294617564
0.0545454545455 0.0385164051355 5.732076 1.32577903683
0.0545454545455 0.0385164051355 5.732076 1.32577903683
0.0564516129032 0.0399429386591 5.728032 1.32577903683
0.0564516129032 0.0399429386591 5.728032 1.32577903683
0.056338028169 0.0399429386591 5.727324 1.32861189802
0.0552268244576 0.0399429386591 5.703144 1.35694050992
0.0570866141732 0.0413694721826 5.698773 1.35694050992
0.056862745098 0.0413694721826 5.695018 1.36260623229
0.0567514677104 0.0413694721826 5.694095 1.36543909348
0.0567514677104 0.0413694721826 5.694095 1.36543909348
0.056640625 0.0413694721826 5.692673 1.36827195467
0.0554493307839 0.0413694721826 5.664172 1.39943342776
0.0553435114504 0.0413694721826 5.663469 1.40226628895
0.0553435114504 0.0413694721826 5.663469 1.40226628895
0.0552380952381 0.0413694721826 5.661188 1.40509915014
0.0550284629981 0.0413694721826 5.657897 1.41076487252
0.0549242424242 0.0413694721826 5.654953 1.41359773371
0.0545112781955 0.0413694721826 5.641516 1.42492917847
0.0544090056285 0.0413694721826 5.639656 1.42776203966
0.0538033395176 0.0413694721826 5.620405 1.4447592068
0.0537037037037 0.0413694721826 5.619606 1.44759206799
0.0534069981584 0.0413694721826 5.616542 1.45609065156
0.0533088235294 0.0413694721826 5.614144 1.45892351275
0.0532110091743 0.0413694721826 5.613279 1.46175637394
0.0531135531136 0.0413694721826 5.610716 1.46458923513
0.0521582733813 0.0413694721826 5.599689 1.49291784703
0.0520646319569 0.0413694721826 5.598068 1.49575070822
0.0513274336283 0.0413694721826 5.572959 1.51841359773
0.0512367491166 0.0413694721826 5.572591 1.52124645892
0.0504347826087 0.0413694721826 5.553182 1.54674220963
0.0520833333333 0.0427960057061 5.552503 1.54674220963
0.0515463917526 0.0427960057061 5.536063 1.56373937677
0.0514579759863 0.0427960057061 5.535167 1.56657223796
0.0514579759863 0.0427960057061 5.535167 1.56657223796
0.0513698630137 0.0427960057061 5.532256 1.56940509915
0.0512820512821 0.0427960057061 5.531808 1.57223796034
0.0511945392491 0.0427960057061 5.531204 1.57507082153
0.0510204081633 0.0427960057061 5.528003 1.58073654391
0.0509337860781 0.0427960057061 5.527621 1.5835694051
0.0508474576271 0.0427960057061 5.526257 1.58640226629
0.0507614213198 0.0427960057061 5.525671 1.58923512748
0.0500834724541 0.0427960057061 5.511866 1.611898017
0.0516666666667 0.0442225392297 5.510045 1.611898017
0.0514096185738 0.0442225392297 5.49186 1.62039660057
0.0513245033113 0.0442225392297 5.489743 1.62322946176
0.0503246753247 0.0442225392297 5.464647 1.65722379603
0.0502431118314 0.0442225392297 5.46252 1.66005665722
0.05 0.0442225392297 5.451711 1.66855524079
0.0499194847021 0.0442225392297 5.437938 1.67138810198
0.0497592295345 0.0442225392297 5.432136 1.67705382436
0.0512820512821 0.0456490727532 5.43077 1.67705382436
0.0511182108626 0.0456490727532 5.424725 1.68271954674
0.0510366826156 0.0456490727532 5.4238 1.68555240793
0.0506329113924 0.0456490727532 5.412862 1.69971671388
0.0521327014218 0.0470756062767 5.409906 1.69971671388
0.0516431924883 0.0470756062767 5.397455 1.71671388102
0.0515625 0.0470756062767 5.396433 1.71954674221
0.0515625 0.0470756062767 5.396433 1.71954674221
0.0530421216849 0.0485021398003 5.395216 1.71954674221
0.0526315789474 0.0485021398003 5.386085 1.73371104816
0.0525502318393 0.0485021398003 5.382966 1.73654390935
0.0523882896764 0.0485021398003 5.377749 1.74220963173
0.0538461538462 0.0499286733238 5.377635 1.74220963173
0.0523952095808 0.0499286733238 5.358159 1.79320113314
0.0523168908819 0.0499286733238 5.356532 1.79603399433
0.0515463917526 0.0499286733238 5.335116 1.82436260623
0.0514705882353 0.0499286733238 5.335098 1.82719546742
0.0510948905109 0.0499286733238 5.328071 1.84135977337
0.0510204081633 0.0499286733238 5.324951 1.84419263456
0.0507246376812 0.0499286733238 5.318963 1.85552407932
0.0506512301013 0.0499286733238 5.318186 1.85835694051
0.0505050505051 0.0499286733238 5.31356 1.86402266289
0.0504322766571 0.0499286733238 5.312061 1.86685552408
0.0502152080344 0.0499286733238 5.305315 1.87535410765
0.0501432664756 0.0499286733238 5.302891 1.87818696884
0.0498575498575 0.0499286733238 5.296866 1.8895184136
0.049786628734 0.0499286733238 5.290943 1.89235127479
0.0497159090909 0.0499286733238 5.284455 1.89518413598
0.0496453900709 0.0499286733238 5.28429 1.89801699717
0.049504950495 0.0499286733238 5.274943 1.90368271955
0.0508474576271 0.0513552068474 5.270657 1.90368271955
0.0504908835905 0.0513552068474 5.253737 1.9178470255
0.0518207282913 0.0527817403709 5.245121 1.9178470255
0.0506849315068 0.0527817403709 5.208309 1.96317280453
0.0506155950752 0.0527817403709 5.205129 1.96600566572
0.0504774897681 0.0527817403709 5.203798 1.9716713881
0.050408719346 0.0527817403709 5.201861 1.97450424929
0.05 0.0527817403709 5.195689 1.99150141643
0.0499325236167 0.0527817403709 5.194704 1.99433427762
0.0498652291105 0.0527817403709 5.191051 1.99716713881
0.049798115747 0.0527817403709 5.190064 2.0
0.0493991989319 0.0527817403709 5.178957 2.01699716714
0.0493333333333 0.0527817403709 5.178932 2.01983002833
0.0490066225166 0.0527817403709 5.172303 2.03399433428
0.0502645502646 0.0542082738944 5.168798 2.03399433428
0.0500658761528 0.0542082738944 5.166462 2.04249291785
0.05 0.0542082738944 5.16475 2.04532577904
0.0498687664042 0.0542082738944 5.164266 2.05099150142
0.0498034076016 0.0542082738944 5.161036 2.05382436261
0.0488431876607 0.0542082738944 5.140183 2.09631728045
0.0487804878049 0.0542082738944 5.140069 2.09915014164
0.0484693877551 0.0542082738944 5.134643 2.11331444759
0.0484076433121 0.0542082738944 5.133629 2.11614730878
0.0483460559796 0.0542082738944 5.133389 2.11898016997
0.0482846251588 0.0542082738944 5.132024 2.12181303116
0.0479797979798 0.0542082738944 5.123411 2.13597733711
0.0479192938209 0.0542082738944 5.122393 2.1388101983
0.0473225404732 0.0542082738944 5.104255 2.1671388102
0.0485074626866 0.055634807418 5.103874 2.1671388102
0.0485074626866 0.055634807418 5.103874 2.1671388102
0.0496894409938 0.0570613409415 5.102046 2.1671388102
0.0495662949195 0.0570613409415 5.099552 2.17280453258
0.049504950495 0.0570613409415 5.098799 2.17563739377
0.0490196078431 0.0570613409415 5.087384 2.19830028329
0.0489596083231 0.0570613409415 5.085574 2.20113314448
0.0478468899522 0.0570613409415 5.057695 2.25495750708
0.0489844683393 0.058487874465 5.053993 2.25495750708
0.0485781990521 0.058487874465 5.037665 2.27478753541
0.0485207100592 0.058487874465 5.037516 2.2776203966
0.0484061393152 0.058487874465 5.032844 2.28328611898
0.0483490566038 0.058487874465 5.030048 2.28611898017
0.0482352941176 0.058487874465 5.02407 2.29178470255
0.048178613396 0.058487874465 5.023913 2.29461756374
0.0480093676815 0.058487874465 5.020906 2.30311614731
0.0479532163743 0.058487874465 5.018116 2.3059490085
0.0472350230415 0.058487874465 4.993107 2.34277620397
0.0471806674338 0.058487874465 4.987742 2.34560906516
0.0471264367816 0.058487874465 4.986963 2.34844192635
0.0470723306544 0.058487874465 4.986746 2.35127478754
0.0467502850627 0.058487874465 4.981217 2.36827195467
0.0466970387244 0.058487874465 4.979178 2.37110481586
0.0466439135381 0.058487874465 4.977897 2.37393767705
0.0465909090909 0.058487874465 4.975231 2.37677053824
0.0465909090909 0.058487874465 4.975231 2.37677053824
0.0476730987514 0.0599144079886 4.973387 2.37677053824
0.0476730987514 0.0599144079886 4.973387 2.37677053824
0.047619047619 0.0599144079886 4.972786 2.37960339943
0.0469273743017 0.0599144079886 4.954255 2.4164305949
0.046875 0.0599144079886 4.952652 2.41926345609
0.0462555066079 0.0599144079886 4.938028 2.45325779037
0.046204620462 0.0599144079886 4.935122 2.45609065156
0.0452586206897 0.0599144079886 4.913683 2.50991501416
0.0462863293864 0.0613409415121 4.9127 2.50991501416
0.046186895811 0.0613409415121 4.909746 2.51558073654
0.0461373390558 0.0613409415121 4.908606 2.51841359773
0.045358649789 0.0613409415121 4.89213 2.56373937677
0.04531085353 0.0613409415121 4.888613 2.56657223796
0.0452631578947 0.0613409415121 4.888193 2.56940509915
0.0452155625657 0.0613409415121 4.886931 2.57223796034
0.0451680672269 0.0613409415121 4.881431 2.57507082153
0.0461699895068 0.0627674750357 4.88021 2.57507082153
0.045738045738 0.0627674750357 4.863734 2.60056657224
0.0467289719626 0.0641940085592 4.863692 2.60056657224
0.045871559633 0.0641940085592 4.837835 2.65155807365
0.0468431771894 0.0656205420827 4.835129 2.65155807365
0.0461384152457 0.0656205420827 4.826434 2.6940509915
0.0470941883768 0.0670470756063 4.825532 2.6940509915
0.0467196819085 0.0670470756063 4.814645 2.71671388102
0.0466732869911 0.0670470756063 4.814219 2.71954674221
0.0460784313725 0.0670470756063 4.791622 2.75637393768
0.0460333006856 0.0670470756063 4.790421 2.75920679887
0.0459433040078 0.0670470756063 4.789999 2.76487252125
0.046875 0.0684736091298 4.789929 2.76487252125
0.046332046332 0.0684736091298 4.778714 2.79886685552
0.0472516875603 0.0699001426534 4.778501 2.79886685552
0.0472061657033 0.0699001426534 4.778332 2.80169971671
0.0481231953802 0.0713266761769 4.775769 2.80169971671
0.0479386385427 0.0713266761769 4.767453 2.81303116147
0.0478927203065 0.0713266761769 4.761674 2.81586402266
0.0475737392959 0.0713266761769 4.756231 2.83569405099
0.0475285171103 0.0713266761769 4.755165 2.83852691218
0.0473933649289 0.0713266761769 4.751635 2.84702549575
0.0473484848485 0.0713266761769 4.750404 2.84985835694
0.047258979206 0.0713266761769 4.748906 2.85552407932
0.0472143531634 0.0713266761769 4.747128 2.85835694051
0.046685340803 0.0713266761769 4.731367 2.89235127479
0.0475746268657 0.0727532097004 4.729172 2.89235127479
0.0475746268657 0.0727532097004 4.729172 2.89235127479
0.0475302889096 0.0727532097004 4.726093 2.89518413598
0.0470046082949 0.0727532097004 4.713708 2.92917847025
0.0469613259669 0.0727532097004 4.713061 2.93201133144
0.0465753424658 0.0727532097004 4.701658 2.95750708215
0.0465328467153 0.0727532097004 4.698337 2.96033994334
0.0460288808664 0.0727532097004 4.68311 2.99433427762
0.0459873760144 0.0727532097004 4.682527 2.99716713881
0.0458633093525 0.0727532097004 4.67999 3.00566572238
0.0458221024259 0.0727532097004 4.678802 3.00849858357
0.0456580125336 0.0727532097004 4.677485 3.01983002833
0.0456171735242 0.0727532097004 4.676584 3.02266288952
0.0456171735242 0.0727532097004 4.676584 3.02266288952
0.0455764075067 0.0727532097004 4.675388 3.02549575071
0.0446584938704 0.0727532097004 4.641097 3.09065155807
0.0446194225722 0.0727532097004 4.640958 3.09348441926
0.0446194225722 0.0727532097004 4.640958 3.09348441926
0.0445804195804 0.0727532097004 4.640257 3.09631728045
0.044502617801 0.0727532097004 4.637615 3.10198300283
0.0444638186574 0.0727532097004 4.637122 3.10481586402
0.044347826087 0.0727532097004 4.626524 3.11331444759
0.0451781059948 0.074179743224 4.625826 3.11331444759
0.0449826989619 0.074179743224 4.622141 3.12747875354
0.0449438202247 0.074179743224 4.621092 3.13031161473
0.0447889750215 0.074179743224 4.618017 3.14164305949
0.0447504302926 0.074179743224 4.616899 3.14447592068
0.0444824636441 0.074179743224 4.610162 3.16430594901
0.0444444444444 0.074179743224 4.609312 3.1671388102
0.0444064901793 0.074179743224 4.608847 3.16997167139
0.0443686006826 0.074179743224 4.608787 3.17280453258
0.043844856661 0.074179743224 4.600454 3.21246458924
0.0438079191238 0.074179743224 4.598575 3.21529745042
0.0434782608696 0.074179743224 4.58936 3.24079320113
0.0434419381788 0.074179743224 4.589227 3.24362606232
0.042904290429 0.074179743224 4.579737 3.28611898017
0.0436933223413 0.0756062767475 4.578656 3.28611898017
0.0436573311367 0.0756062767475 4.57805 3.28895184136
0.043621399177 0.0756062767475 4.575777 3.29178470255
0.0433715220949 0.0756062767475 4.571653 3.31161473088
0.0441537203598 0.077032810271 4.571564 3.31161473088
0.0439739413681 0.077032810271 4.567661 3.32577903683
0.0439381611066 0.077032810271 4.567425 3.32861189802
0.043583535109 0.077032810271 4.557489 3.35694050992
0.0443548387097 0.0784593437946 4.55656 3.35694050992
0.044319097502 0.0784593437946 4.554513 3.3597733711
0.0442834138486 0.0784593437946 4.554166 3.36260623229
0.0438596491228 0.0784593437946 4.544943 3.39660056657
0.0438247011952 0.0784593437946 4.543872 3.39943342776
0.043409629045 0.0784593437946 4.534503 3.43342776204
0.0441640378549 0.0798858773181 4.534005 3.43342776204
0.0438871473354 0.0798858773181 4.528129 3.45609065156
0.043852779953 0.0798858773181 4.526642 3.45892351275
0.043512043512 0.0798858773181 4.521162 3.48725212465
0.0434782608696 0.0798858773181 4.520059 3.49008498584
0.0434782608696 0.0798858773181 4.520059 3.49008498584
0.0434445306439 0.0798858773181 4.519267 3.49291784703
0.0430769230769 0.0798858773181 4.509674 3.52407932011
0.043043812452 0.0798858773181 4.508614 3.5269121813
0.0429777436685 0.0798858773181 4.507847 3.53257790368
0.0429447852761 0.0798858773181 4.507319 3.53541076487
0.0427480916031 0.0798858773181 4.505325 3.55240793201
0.0427154843631 0.0798858773181 4.504817 3.5552407932
0.0422641509434 0.0798858773181 4.490724 3.59490084986
0.0429864253394 0.0813124108417 4.490467 3.59490084986
0.042921686747 0.0813124108417 4.488645 3.60056657224
0.0428893905192 0.0813124108417 4.488624 3.60339943343
0.0428249436514 0.0813124108417 4.485847 3.60906515581
0.0427927927928 0.0813124108417 4.484976 3.611898017
0.0425055928412 0.0813124108417 4.478128 3.63739376771
0.0424739195231 0.0813124108417 4.477279 3.6402266289
0.0423476968796 0.0813124108417 4.472391 3.65155807365
0.0423162583519 0.0813124108417 4.471666 3.65439093484
0.0414244186047 0.0813124108417 4.45054 3.73654390935
0.041394335512 0.0813124108417 4.450235 3.73937677054
0.0409188801149 0.0813124108417 4.440699 3.78470254958
0.0408895265423 0.0813124108417 4.439691 3.78753541076
0.0408602150538 0.0813124108417 4.439342 3.79036827195
0.041547277937 0.0827389443652 4.436486 3.79036827195
0.041134751773 0.0827389443652 4.427176 3.83002832861
0.0411055988661 0.0827389443652 4.425949 3.8328611898
0.0409315455187 0.0827389443652 4.419228 3.84985835694
0.0409026798307 0.0827389443652 4.418964 3.85269121813
0.0408163265306 0.0827389443652 4.41505 3.8611898017
0.0407876230661 0.0827389443652 4.414732 3.86402266289
0.0407876230661 0.0827389443652 4.414732 3.86402266289
0.0407589599438 0.0827389443652 4.410404 3.86685552408
0.0405594405594 0.0827389443652 4.406269 3.88668555241
0.0405310971349 0.0827389443652 4.405307 3.8895184136
0.0403618649965 0.0827389443652 4.397424 3.90651558074
0.0403337969402 0.0827389443652 4.396519 3.90934844193
0.0403057678944 0.0827389443652 4.396257 3.91218130312
0.0402777777778 0.0827389443652 4.394568 3.91501416431
0.0401106500692 0.0827389443652 4.388053 3.93201133144
0.0407740152039 0.0841654778887 4.387282 3.93201133144
0.0406616126809 0.0841654778887 4.385413 3.9433427762
0.0406336088154 0.0841654778887 4.384473 3.94617563739
0.0400543109301 0.0841654778887 4.361254 4.00566572238
0.0400271370421 0.0841654778887 4.36025 4.00849858357
0.0397574123989 0.0841654778887 4.348484 4.03682719547
0.0397306397306 0.0841654778887 4.348307 4.03966005666
0.0395973154362 0.0841654778887 4.344919 4.05382436261
0.0395707578806 0.0841654778887 4.344751 4.0566572238
0.0393071285809 0.0841654778887 4.339876 4.08498583569
0.0399467376831 0.0855920114123 4.336722 4.08498583569
0.0393442622951 0.0855920114123 4.315493 4.15014164306
0.0393184796855 0.0855920114123 4.314698 4.15297450425
0.0392156862745 0.0855920114123 4.311587 4.16430594901
0.0391900718485 0.0855920114123 4.311217 4.1671388102
0.0389105058366 0.0855920114123 4.306657 4.19830028329
0.0395333765392 0.0870185449358 4.306485 4.19830028329
0.0392030848329 0.0870185449358 4.299648 4.23512747875
0.0391779062299 0.0870185449358 4.299574 4.23796033994
0.0390025575448 0.0870185449358 4.296708 4.25779036827
0.0389776357827 0.0870185449358 4.296702 4.26062322946
0.0387794024158 0.0870185449358 4.290981 4.28328611898
0.0387547649301 0.0870185449358 4.289746 4.28611898017
0.038292529818 0.0870185449358 4.276205 4.33994334278
0.0382685069009 0.0870185449358 4.27581 4.34277620397
0.03819661866 0.0870185449358 4.270345 4.35127478754
0.0381727158949 0.0870185449358 4.268606 4.35410764873
0.037607891492 0.0870185449358 4.244393 4.42209631728
0.037584719655 0.0870185449358 4.244208 4.42492917847
0.0374923171481 0.0870185449358 4.239779 4.43626062323
0.0374692874693 0.0870185449358 4.239611 4.43909348442
0.0374003678725 0.0870185449358 4.237008 4.44759206799
0.0379901960784 0.0884450784593 4.235743 4.44759206799
0.0379669320269 0.0884450784593 4.235438 4.45042492918
0.0379436964504 0.0884450784593 4.235328 4.45325779037
0.0373719107896 0.0884450784593 4.209366 4.52407932011
0.0373493975904 0.0884450784593 4.209366 4.5269121813
0.0369928400955 0.0884450784593 4.197954 4.57223796034
0.0369707811568 0.0884450784593 4.197019 4.57507082153
0.0369267421084 0.0884450784593 4.19522 4.58073654391
0.0369047619048 0.0884450784593 4.194521 4.5835694051
0.0368389780154 0.0884450784593 4.193306 4.59206798867
0.0368171021378 0.0884450784593 4.192234 4.59490084986
0.0367081113085 0.0884450784593 4.188709 4.60906515581
0.0372781065089 0.0898716119829 4.187893 4.60906515581
0.0371900826446 0.0898716119829 4.186737 4.62039660057
0.0371681415929 0.0898716119829 4.186602 4.62322946176
0.0369718309859 0.0898716119829 4.179551 4.64872521246
0.0375366568915 0.0912981455064 4.179008 4.64872521246
0.0374707259953 0.0912981455064 4.175928 4.65722379603
0.0374488004681 0.0912981455064 4.175815 4.66005665722
0.0374488004681 0.0912981455064 4.175815 4.66005665722
0.0374269005848 0.0912981455064 4.175232 4.66288951841
0.0373831775701 0.0912981455064 4.174526 4.66855524079
0.0379451255108 0.09272467903 4.173911 4.66855524079
0.0378567268492 0.09272467903 4.169801 4.67988668555
0.0384167636787 0.0941512125535 4.16657 4.67988668555
0.0381944444444 0.0941512125535 4.161483 4.70821529745
0.0381723539618 0.0941512125535 4.161146 4.71104815864
0.0380842469706 0.0941512125535 4.158698 4.7223796034
0.038062283737 0.0941512125535 4.157595 4.72521246459
0.0376927470017 0.0941512125535 4.15022 4.77337110482
0.0376712328767 0.0941512125535 4.148297 4.77620396601
0.0376068376068 0.0941512125535 4.14572 4.78470254958
0.0381548974943 0.095577746077 4.145245 4.78470254958
0.0379603399433 0.095577746077 4.139179 4.81019830028
0.0379388448471 0.095577746077 4.139164 4.81303116147
0.0377464788732 0.095577746077 4.130586 4.83852691218
0.0377252252252 0.095577746077 4.130165 4.84135977337
0.0368131868132 0.095577746077 4.101325 4.96600566572
0.0367929708951 0.095577746077 4.101279 4.96883852691
0.0360602798708 0.095577746077 4.078354 5.07365439093
0.0360408821947 0.095577746077 4.077337 5.07648725212
0.0355060943296 0.095577746077 4.054774 5.15580736544
0.0354872881356 0.095577746077 4.053313 5.15864022663
0.0353375527426 0.095577746077 4.049606 5.18130311615
0.0353189246178 0.095577746077 4.049062 5.18413597734
0.0352817272249 0.095577746077 4.04777 5.18980169972
0.0352631578947 0.095577746077 4.047601 5.19263456091
0.0345360824742 0.095577746077 4.017588 5.3059490085
0.0350334878928 0.0970042796006 4.017426 5.3059490085
0.0348717948718 0.0970042796006 4.009007 5.33144475921
0.0353664787289 0.0984308131241 4.008842 5.33144475921
0.0348660939869 0.0984308131241 3.997164 5.41076487252
0.0353535353535 0.0998573466476 3.996528 5.41076487252
0.0351053159478 0.0998573466476 3.984899 5.45042492918
0.0355889724311 0.101283880171 3.984872 5.45042492918
0.035553329995 0.101283880171 3.984397 5.45609065156
0.0355355355355 0.101283880171 3.983504 5.45892351275
0.0354114713217 0.101283880171 3.979492 5.47875354108
0.0353938185444 0.101283880171 3.979379 5.48158640227
0.0351659237246 0.101283880171 3.973439 5.51841359773
0.0356435643564 0.102710413695 3.973342 5.51841359773
0.0352250489237 0.102710413695 3.963058 5.58640226629
0.0356968215159 0.104136947218 3.96266 5.58640226629
0.0355750487329 0.104136947218 3.957713 5.60623229462
0.0360448124696 0.105563480742 3.957278 5.60623229462
0.0358874878758 0.105563480742 3.953038 5.63172804533
0.0363548230732 0.106990014265 3.952656 5.63172804533
0.036075036075 0.106990014265 3.947604 5.67705382436
0.0360576923077 0.106990014265 3.947133 5.67988668555
0.0357824427481 0.106990014265 3.934456 5.72521246459
0.035765379113 0.106990014265 3.933722 5.72804532578
0.0355450236967 0.106990014265 3.92822 5.76487252125
0.035528185694 0.106990014265 3.927505 5.76770538244
0.0351782363977 0.106990014265 3.917479 5.82719546742
0.0356305672761 0.108416547789 3.916801 5.82719546742
0.0355971896956 0.108416547789 3.915152 5.8328611898
0.0360486891386 0.109843081312 3.914868 5.8328611898
0.0357973035797 0.109843081312 3.908477 5.87535410765
0.0362453531599 0.111269614836 3.907902 5.87535410765
0.0361278369616 0.111269614836 3.9054 5.89518413598
0.0361111111111 0.111269614836 3.902064 5.89801699717
0.0358950759319 0.111269614836 3.896729 5.93484419263
0.0363385464581 0.112696148359 3.896202 5.93484419263
0.0361225422954 0.112696148359 3.887698 5.9716713881
0.0361060329068 0.112696148359 3.886561 5.97450424929
0.0359417652411 0.112696148359 3.881518 6.00283286119
0.0359254206457 0.112696148359 3.879838 6.00566572238
0.0356981473113 0.112696148359 3.870953 6.04532577904
0.0356820234869 0.112696148359 3.870707 6.04815864023
0.0352678571429 0.112696148359 3.852924 6.12181303116
0.0352521195895 0.112696148359 3.851882 6.12464589235
0.0350955131053 0.112696148359 3.846946 6.15297450425
0.0355239786856 0.114122681883 3.84637 6.15297450425
0.0353669319187 0.114122681883 3.841796 6.18130311615
0.0353513035793 0.114122681883 3.84163 6.18413597734
0.035226772347 0.114122681883 3.837148 6.20679886686
0.0352112676056 0.114122681883 3.836862 6.20963172805
0.0351031154015 0.114122681883 3.834794 6.22946175637
0.0355263157895 0.115549215407 3.8335 6.22946175637
0.0355107409031 0.115549215407 3.833336 6.23229461756
0.035495179667 0.115549215407 3.833144 6.23512747875
0.0352173913043 0.115549215407 3.824489 6.28611898017
0.0356366797045 0.11697574893 3.824313 6.28611898017
0.0355902777778 0.11697574893 3.822156 6.29461756374
0.0355748373102 0.11697574893 3.821317 6.29745042493
0.0355439965323 0.11697574893 3.820704 6.30311614731
0.0355285961872 0.11697574893 3.819285 6.3059490085
0.0354517942067 0.11697574893 3.817453 6.32011331445
0.0358686257563 0.118402282454 3.816511 6.32011331445
0.0355917667238 0.118402282454 3.804361 6.37110481586
0.0355765109301 0.118402282454 3.80389 6.37393767705
0.0351694915254 0.118402282454 3.78816 6.45042492918
0.0351545955104 0.118402282454 3.787966 6.45325779037
0.0348739495798 0.118402282454 3.773789 6.50708215297
0.0348593028139 0.118402282454 3.773034 6.50991501416
0.0345833333333 0.118402282454 3.760643 6.56373937677
0.0345689296127 0.118402282454 3.760235 6.56657223796
0.0343827671914 0.118402282454 3.75182 6.60339943343
0.0343685300207 0.118402282454 3.751175 6.60623229462
0.0343116990492 0.118402282454 3.749346 6.61756373938
0.0342975206612 0.118402282454 3.74932 6.62039660057
0.0340442986054 0.118402282454 3.742801 6.67138810198
0.0340303403034 0.118402282454 3.742762 6.67422096317
0.0338361190379 0.118402282454 3.732309 6.71388101983
0.0338223308883 0.118402282454 3.732139 6.71671388102
0.0338223308883 0.118402282454 3.732139 6.71671388102
0.0338085539715 0.118402282454 3.731939 6.71954674221
0.0337672904801 0.118402282454 3.729135 6.72804532578
0.0341602277349 0.119828815977 3.728731 6.72804532578
0.0340770791075 0.119828815977 3.72354 6.74504249292
0.0340632603406 0.119828815977 3.723329 6.74787535411
0.0336943441637 0.119828815977 3.710003 6.82436260623
0.0336808340016 0.119828815977 3.70978 6.82719546742
0.0332936979786 0.119828815977 3.698936 6.90934844193
0.0332805071315 0.119828815977 3.697752 6.91218130312
0.0332541567696 0.119828815977 3.69676 6.9178470255
0.0332409972299 0.119828815977 3.695991 6.92067988669
0.0330838912958 0.119828815977 3.691688 6.95467422096
0.0330708661417 0.119828815977 3.69101 6.95750708215
0.0327613104524 0.119828815977 3.679912 7.02549575071
0.0327485380117 0.119828815977 3.679524 7.0283286119
0.0326467158958 0.119828815977 3.676828 7.05099150142
0.0330225330225 0.121255349501 3.676533 7.05099150142
0.0328185328185 0.121255349501 3.669856 7.09631728045
0.0328058664608 0.121255349501 3.669838 7.09915014164
0.032767925983 0.121255349501 3.66917 7.10764872521
0.033140655106 0.122681883024 3.66636 7.10764872521
0.0331151328456 0.122681883024 3.66468 7.11331444759
0.0331023864511 0.122681883024 3.664402 7.11614730878
0.0330896498653 0.122681883024 3.663747 7.11898016997
0.0330769230769 0.122681883024 3.663341 7.12181303116
0.0328997704667 0.122681883024 3.656518 7.16147308782
0.0328871892925 0.122681883024 3.65625 7.16430594901
0.0327868852459 0.122681883024 3.651836 7.18696883853
0.0327743902439 0.122681883024 3.650913 7.18980169972
0.0326375711575 0.122681883024 3.648651 7.2209631728
0.0326251896813 0.122681883024 3.648054 7.22379603399
0.0325018896447 0.122681883024 3.64274 7.25212464589
0.0324896108802 0.122681883024 3.641681 7.25495750708
0.0319109461967 0.122681883024 3.619853 7.39093484419
0.0322700296736 0.124108416548 3.619584 7.39093484419
0.0322102924843 0.124108416548 3.618547 7.40509915014
0.0321983715766 0.124108416548 3.616532 7.40793201133
0.0321151716501 0.124108416548 3.613316 7.42776203966
0.0321033210332 0.124108416548 3.613256 7.43059490085
0.031914893617 0.124108416548 3.603507 7.47592067989
0.032269893656 0.125534950071 3.60259 7.47592067989
0.0320232896652 0.125534950071 3.593075 7.53541076487
0.0320116405966 0.125534950071 3.592531 7.53824362606
0.0319651289502 0.125534950071 3.591871 7.54957507082
0.0319535221496 0.125534950071 3.591416 7.55240793201
0.031884057971 0.125534950071 3.588274 7.56940509915
0.0318725099602 0.125534950071 3.588148 7.57223796034
0.0314847942755 0.125534950071 3.570458 7.66855524079
0.0314735336195 0.125534950071 3.570317 7.67138810198
0.0314622810154 0.125534950071 3.569446 7.67422096317
0.0314510364546 0.125534950071 3.568856 7.67705382436
0.0314510364546 0.125534950071 3.568856 7.67705382436
0.0314397999285 0.125534950071 3.56787 7.67988668555
0.0314061384725 0.125534950071 3.56657 7.68838526912
0.0313949339993 0.125534950071 3.566537 7.69121813031
0.0313167259786 0.125534950071 3.562639 7.71104815864
0.0316613304874 0.126961483595 3.56233 7.71104815864
0.0315602836879 0.126961483595 3.558159 7.73654390935
0.0315490960652 0.126961483595 3.557798 7.73937677054
0.0313159746657 0.126961483595 3.550278 7.79886685552
0.0316567006683 0.128388017118 3.549138 7.79886685552
0.031612223393 0.128388017118 3.546959 7.81019830028
0.0316011235955 0.128388017118 3.546911 7.81303116147
0.0315789473684 0.128388017118 3.544816 7.81869688385
0.0315678709225 0.128388017118 3.544304 7.82152974504
0.031534688157 0.128388017118 3.542825 7.83002832861
0.0318739054291 0.129814550642 3.542414 7.83002832861
0.0315315315315 0.129814550642 3.532314 7.9178470255
0.0315206096294 0.129814550642 3.531989 7.92067988669
0.0314335060449 0.129814550642 3.524286 7.9433427762
0.0317679558011 0.131241084165 3.524103 7.9433427762
0.031746031746 0.131241084165 3.521752 7.94900849858
0.0320800275957 0.132667617689 3.521713 7.94900849858
0.0320689655172 0.132667617689 3.521653 7.95184135977
0.0320579110651 0.132667617689 3.521517 7.95467422096
0.0318384115029 0.132667617689 3.513656 8.01133144476
0.0318275154004 0.132667617689 3.513433 8.01416430595
0.0317514510072 0.132667617689 3.508831 8.03399433428
0.0317406143345 0.132667617689 3.508111 8.03682719547
0.0314720812183 0.132667617689 3.498666 8.10764872521
0.0314614343708 0.132667617689 3.498612 8.1104815864
0.0311662198391 0.132667617689 3.47863 8.18980169972
0.0311557788945 0.132667617689 3.478566 8.19263456091
0.031 0.132667617689 3.471412 8.23512747875
0.03098967011 0.132667617689 3.466468 8.23796033994
0.03098967011 0.132667617689 3.466468 8.23796033994
0.0309793471019 0.132667617689 3.464669 8.24079320113
0.0307336417713 0.132667617689 3.457828 8.30878186969
0.0307234886026 0.132667617689 3.457671 8.31161473088
0.030672823219 0.132667617689 3.455559 8.32577903683
0.0309924167491 0.134094151213 3.455408 8.32577903683
0.0309108845774 0.134094151213 3.449376 8.34844192635
0.0309007232084 0.134094151213 3.449247 8.35127478754
0.0307692307692 0.134094151213 3.445796 8.388101983
0.0307591623037 0.134094151213 3.445605 8.39093484419
0.0305989583333 0.134094151213 3.436976 8.43626062323
0.0305890009762 0.134094151213 3.436884 8.43909348442
0.0305890009762 0.134094151213 3.436884 8.43909348442
0.0305790500976 0.134094151213 3.43487 8.44192634561
0.0305790500976 0.134094151213 3.43487 8.44192634561
0.0308943089431 0.135520684736 3.434711 8.44192634561
0.0308341447582 0.135520684736 3.431993 8.45892351275
0.0308241401687 0.135520684736 3.431737 8.46175637394
0.0308241401687 0.135520684736 3.431737 8.46175637394
0.0308141420694 0.135520684736 3.431631 8.46458923513
0.030794165316 0.135520684736 3.430894 8.47025495751
0.0307841866494 0.135520684736 3.430685 8.4730878187
0.030684754522 0.135520684736 3.424226 8.50141643059
0.0306748466258 0.135520684736 3.424024 8.50424929178
0.0306056701031 0.135520684736 3.422098 8.52407932011
0.0305958132045 0.135520684736 3.42128 8.5269121813
0.0302451448583 0.135520684736 3.407376 8.62889518414
0.0305537873966 0.13694721826 3.403879 8.62889518414
0.0301886792453 0.13694721826 3.387796 8.73654390935
0.0301791889343 0.13694721826 3.387666 8.73937677054
0.0300751879699 0.13694721826 3.383631 8.77053824363
0.0300657688694 0.13694721826 3.383165 8.77337110482
0.0300657688694 0.13694721826 3.383165 8.77337110482
0.0300563556669 0.13694721826 3.383158 8.77620396601
0.0299625468165 0.13694721826 3.379462 8.8045325779
0.0299531981279 0.13694721826 3.379164 8.80736543909
0.0299531981279 0.13694721826 3.379164 8.80736543909
0.0299438552714 0.13694721826 3.378968 8.81019830028
0.0298321939093 0.13694721826 3.37551 8.84419263456
0.0298229263747 0.13694721826 3.37517 8.84702549575
0.0298136645963 0.13694721826 3.37465 8.84985835694
0.030114871158 0.138373751783 3.374488 8.84985835694
0.0299752781211 0.138373751783 3.367796 8.89235127479
0.0299660179178 0.138373751783 3.367779 8.89518413598
0.0299567634342 0.138373751783 3.367355 8.89801699717
0.029947514665 0.138373751783 3.366385 8.90084985836
0.0299290342487 0.138373751783 3.3646 8.90651558074
0.029919802591 0.138373751783 3.364451 8.90934844193
0.0296092796093 0.138373751783 3.348452 9.00566572238
0.0296002441257 0.138373751783 3.348227 9.00849858357
0.0296002441257 0.138373751783 3.348227 9.00849858357
0.029591214155 0.138373751783 3.347971 9.01133144476
0.029582189692 0.138373751783 3.347908 9.01416430595
0.0295731707317 0.138373751783 3.347678 9.01699716714
0.0294564227148 0.138373751783 3.343116 9.05382436261
0.0294474802672 0.138373751783 3.342653 9.0566572238
0.0294296116505 0.138373751783 3.342005 9.06232294618
0.0294206854716 0.138373751783 3.340915 9.06515580737
0.0294117647059 0.138373751783 3.340609 9.06798866856
0.0294028493483 0.138373751783 3.340163 9.07082152975
0.029322853688 0.138373751783 3.337325 9.09631728045
0.0296161982472 0.139800285307 3.337056 9.09631728045
0.029455966336 0.139800285307 3.329888 9.14730878187
0.0297475961538 0.14122681883 3.329382 9.14730878187
0.0295698924731 0.14122681883 3.3192 9.20396600567
0.0298596595999 0.142653352354 3.319111 9.20396600567
0.0298240381748 0.142653352354 3.317392 9.21529745042
0.0298151460942 0.142653352354 3.316956 9.21813031161
0.0297973778308 0.142653352354 3.316719 9.22379603399
0.0297885016384 0.142653352354 3.316034 9.22662889518
0.0297796307326 0.142653352354 3.31548 9.22946175637
0.0297707651087 0.142653352354 3.315049 9.23229461756
0.0296384113811 0.142653352354 3.308132 9.27478753541
0.0296296296296 0.142653352354 3.307107 9.2776203966
0.0296033155713 0.142653352354 3.30492 9.28611898017
0.029890500148 0.144079885877 3.304719 9.28611898017
0.0298639858072 0.144079885877 3.303504 9.29461756374
0.0298551581437 0.144079885877 3.303351 9.29745042493
0.0298198996162 0.144079885877 3.301898 9.30878186969
0.0298110979929 0.144079885877 3.301877 9.31161473088
0.0297496318115 0.144079885877 3.298374 9.33144475921
0.030035335689 0.145506419401 3.298171 9.33144475921
0.029991179065 0.145506419401 3.29589 9.34560906516
0.0299823633157 0.145506419401 3.294888 9.34844192635
0.0298944900352 0.145506419401 3.292919 9.37677053824
0.0301787283914 0.146932952924 3.291627 9.37677053824
0.0295637198622 0.146932952924 3.262526 9.57790368272
0.0295552367288 0.146932952924 3.262526 9.58073654391
0.0292946530148 0.146932952924 3.249491 9.66855524079
0.0292863235712 0.146932952924 3.249447 9.67138810198
0.029219858156 0.146932952924 3.247034 9.6940509915
0.0292115711855 0.146932952924 3.246913 9.69688385269
0.029104266742 0.146932952924 3.240398 9.73371104816
0.0290960451977 0.146932952924 3.240128 9.73654390935
0.0290550070522 0.146932952924 3.238808 9.7507082153
0.0290468133108 0.146932952924 3.23793 9.75354107649
0.0289895862651 0.146932952924 3.235264 9.77337110482
0.0289814293754 0.146932952924 3.23445 9.77620396601
0.0289488476672 0.146932952924 3.233205 9.78753541076
0.0289407136836 0.146932952924 3.233184 9.79036827195
0.0288031319911 0.146932952924 3.228038 9.83852691218
0.0290746435561 0.148359486448 3.227681 9.83852691218
0.0289532293987 0.148359486448 3.22299 9.88101983003
0.0289451711662 0.148359486448 3.222783 9.88385269122
0.0288969158099 0.148359486448 3.220964 9.90084985836
0.0291666666667 0.149786019971 3.220819 9.90084985836
0.0289575289575 0.149786019971 3.210427 9.97450424929
0.0289495450786 0.149786019971 3.208731 9.97733711048
0.0289415656009 0.149786019971 3.208399 9.98016997167
0.0289335905208 0.149786019971 3.207733 9.98300283286
0.02890969163 0.149786019971 3.206612 9.99150141643
0.0291769887146 0.151212553495 3.206451 9.99150141643
0.0289617486339 0.151212553495 3.195405 10.0679886686
0.0289538377492 0.151212553495 3.195229 10.0708215297
0.0285868392665 0.151212553495 3.174631 10.2039660057
0.0288487462928 0.152639087019 3.174169 10.2039660057
0.02871712292 0.152639087019 3.166535 10.2521246459
0.0287094177623 0.152639087019 3.165947 10.2549575071
0.0286632735066 0.152639087019 3.164315 10.2719546742
0.0286555972148 0.152639087019 3.164071 10.2747875354
0.028632592989 0.152639087019 3.163697 10.283286119
0.0286249331193 0.152639087019 3.163544 10.2861189802
0.0285029302078 0.152639087019 3.157941 10.3314447592
0.0284953395473 0.152639087019 3.157766 10.3342776204
0.0284650172918 0.152639087019 3.155103 10.3456090652
0.0287234042553 0.154065620542 3.15496 10.3456090652
0.0285714285714 0.154065620542 3.1457 10.402266289
0.0288283522878 0.155492154066 3.145328 10.402266289
0.0287826775812 0.155492154066 3.142506 10.4192634561
0.0290390707497 0.156918687589 3.142413 10.4192634561
0.0290084388186 0.156918687589 3.140229 10.4305949008
0.0290007909307 0.156918687589 3.140191 10.433427762
0.0288108957569 0.156918687589 3.130774 10.5042492918
0.0290652003142 0.158345221113 3.130546 10.5042492918
0.0290347894324 0.158345221113 3.128759 10.5155807365
0.0290271966527 0.158345221113 3.128551 10.5184135977
0.0290044421218 0.158345221113 3.128228 10.5269121813
0.0289968652038 0.158345221113 3.128007 10.5297450425
0.0289439374185 0.158345221113 3.125851 10.5495750708
0.0289363920751 0.158345221113 3.125597 10.552407932
0.0289288506646 0.158345221113 3.12476 10.5552407932
0.0289213131839 0.158345221113 3.124289 10.5580736544
0.0287415846712 0.158345221113 3.116326 10.6260623229
0.0287341444473 0.158345221113 3.116019 10.6288951841
0.0287192755498 0.158345221113 3.115583 10.6345609065
0.0289705121573 0.159771754636 3.115191 10.6345609065
0.0289480485914 0.159771754636 3.113564 10.6430594901
0.0291989664083 0.16119828816 3.113396 10.6430594901
0.0291087068521 0.16119828816 3.110655 10.6770538244
0.0291012104043 0.16119828816 3.11061 10.6798866856
0.0290339157246 0.16119828816 3.105298 10.7053824363
0.0290264577447 0.16119828816 3.105094 10.7082152975
0.0289966641006 0.16119828816 3.103966 10.7195467422
0.0289892252437 0.16119828816 3.103853 10.7223796034
0.0289372599232 0.16119828816 3.100324 10.7422096317
0.0289298515105 0.16119828816 3.100121 10.7450424929
0.0287971457696 0.16119828816 3.094272 10.7960339943
0.0290445859873 0.162624821683 3.093872 10.7960339943
0.0289781392984 0.162624821683 3.088124 10.821529745
0.0289707750953 0.162624821683 3.087969 10.8243626062
0.0287878787879 0.162624821683 3.079387 10.895184136
0.0287806109568 0.162624821683 3.079012 10.8980169972
0.0287733467945 0.162624821683 3.078857 10.9008498584
0.0287660862983 0.162624821683 3.078676 10.9036827195
0.0287660862983 0.162624821683 3.078676 10.9036827195
0.0287588294652 0.162624821683 3.078493 10.9065155807
0.0286432160804 0.162624821683 3.075069 10.9518413598
0.0286360211002 0.162624821683 3.075047 10.954674221
0.0285499624343 0.162624821683 3.070593 10.9886685552
0.0287931897847 0.164051355207 3.070378 10.9886685552
0.0282139352306 0.164051355207 3.041997 11.2209631728
0.028207014962 0.164051355207 3.041947 11.223796034
0.0282000980873 0.164051355207 3.041586 11.2266288952
0.0281931846041 0.164051355207 3.039744 11.2294617564
0.028179367802 0.164051355207 3.039615 11.2351274788
0.0284174424302 0.16547788873 3.039381 11.2351274788
0.0281690140845 0.16547788873 3.026057 11.3371104816
0.0281621752853 0.16547788873 3.026056 11.3399433428
0.0281280310378 0.16547788873 3.022252 11.3541076487
0.0281212121212 0.16547788873 3.022171 11.3569405099
0.0281212121212 0.16547788873 3.022171 11.3569405099
0.0283567619971 0.166904422254 3.022003 11.3569405099
0.0282472235635 0.166904422254 3.01576 11.402266289
0.0282404055033 0.166904422254 3.015727 11.4050991501
0.0281791907514 0.166904422254 3.013306 11.4305949008
0.0284131952805 0.168330955777 3.012877 11.4305949008
0.0282770189312 0.168330955777 3.003783 11.4872521246
0.0282702443699 0.168330955777 3.003697 11.4900849858
0.0282499401484 0.168330955777 3.002589 11.4985835694
0.0282431785543 0.168330955777 3.002546 11.5014164306
0.0280751843921 0.168330955777 2.991135 11.5722379603
0.0280685061846 0.168330955777 2.991057 11.5750708215
0.0279157795127 0.168330955777 2.98123 11.6402266289
0.0281456953642 0.169757489301 2.980835 11.6402266289
0.0281257385961 0.169757489301 2.980428 11.6487252125
0.0283553875236 0.171184022825 2.97959 11.6487252125
0.028328611898 0.171184022825 2.978302 11.6600566572
0.028321925891 0.171184022825 2.977992 11.6628895184
0.0283085633404 0.171184022825 2.976845 11.6685552408
0.0283018867925 0.171184022825 2.975955 11.671388102
0.0280701754386 0.171184022825 2.959165 11.7705382436
0.0280636108513 0.171184022825 2.95911 11.7733711048
0.0278486887909 0.171184022825 2.944026 11.8668555241
0.0280742459397 0.172610556348 2.942936 11.8668555241
0.0280417149479 0.172610556348 2.941307 11.88101983
0.0280352177943 0.172610556348 2.941167 11.8838526912
0.0280352177943 0.172610556348 2.941167 11.8838526912
0.0280287236507 0.172610556348 2.940972 11.8866855524
0.0278673422386 0.172610556348 2.934544 11.9575070822
0.0278609256274 0.172610556348 2.933356 11.9603399433
0.0275438197132 0.172610556348 2.913167 12.1019830028
0.0275375512062 0.172610556348 2.912887 12.104815864
0.0274750227066 0.172610556348 2.911491 12.1331444759
0.0274687854711 0.172610556348 2.910857 12.1359773371
0.0273014440433 0.172610556348 2.900718 12.2124645892
0.0272952853598 0.172610556348 2.90038 12.2152974504
0.0272829763247 0.172610556348 2.90015 12.2209631728
0.0272768259693 0.172610556348 2.900015 12.223796034
0.0272583915296 0.172610556348 2.899594 12.2322946176
0.0272522522523 0.172610556348 2.899323 12.2351274788
0.0272215973003 0.172610556348 2.897916 12.2492917847
0.0274403958614 0.174037089872 2.897869 12.2492917847
0.0274157303371 0.174037089872 2.896682 12.2606232295
0.0274095708829 0.174037089872 2.895057 12.2634560907
0.0273849607183 0.174037089872 2.892606 12.2747875354
0.0273788150808 0.174037089872 2.892606 12.2776203966
0.0273481282224 0.174037089872 2.891352 12.2917847025
0.0275661138503 0.175463623395 2.890284 12.2917847025
0.0275352585628 0.175463623395 2.888281 12.3059490085
0.0277529095792 0.176890156919 2.88767 12.3059490085
0.0276785714286 0.176890156919 2.883336 12.3399433428
0.0276723945548 0.176890156919 2.883258 12.342776204
0.0276107771098 0.176890156919 2.877997 12.3711048159
0.0276046304541 0.176890156919 2.877897 12.3739376771
0.0275800711744 0.176890156919 2.877084 12.3852691218
0.027573938181 0.176890156919 2.876708 12.388101983
0.0274275602743 0.176890156919 2.866796 12.4560906516
0.0276426360018 0.178316690442 2.866784 12.4560906516
0.027557319224 0.178316690442 2.863918 12.4957507082
0.0275512453163 0.178316690442 2.863826 12.4985835694
0.0274243089074 0.178316690442 2.855232 12.5580736544
0.0276376398333 0.179743223966 2.854799 12.5580736544
0.0276013143483 0.179743223966 2.85372 12.5750708215
0.0275952693824 0.179743223966 2.852854 12.5779036827
0.0274509803922 0.179743223966 2.84387 12.6458923513
0.0274450010891 0.179743223966 2.843837 12.6487252125
0.0273913043478 0.179743223966 2.841115 12.6742209632
0.0273853510106 0.179743223966 2.840008 12.6770538244
0.0273200346921 0.179743223966 2.836945 12.7082152975
0.0275308909603 0.181169757489 2.836933 12.7082152975
0.0271715875053 0.181169757489 2.819394 12.88101983
0.0271657754011 0.181169757489 2.819384 12.8838526912
0.0270155286109 0.181169757489 2.807796 12.9575070822
0.0272224585283 0.182596291013 2.807766 12.9575070822
0.0271474019088 0.182596291013 2.802631 12.9943342776
0.0271416454623 0.182596291013 2.80255 12.9971671388
0.0271186440678 0.182596291013 2.801575 13.0084985836
0.0273247193391 0.184022824536 2.801358 13.0084985836
0.0271236333053 0.184022824536 2.786603 13.1076487252
0.0271179314694 0.184022824536 2.786595 13.1104815864
0.027049695953 0.184022824536 2.782223 13.1444759207
0.0270440251572 0.184022824536 2.782011 13.1473087819
0.0270383567386 0.184022824536 2.781891 13.1501416431
0.0270326906957 0.184022824536 2.78123 13.1529745042
0.0269311064718 0.184022824536 2.774449 13.2039660057
0.0269254852849 0.184022824536 2.774403 13.2067988669
0.0266970198675 0.184022824536 2.757478 13.3229461756
0.0266914959652 0.184022824536 2.756898 13.3257790368
0.026658400496 0.184022824536 2.752981 13.342776204
0.026652892562 0.184022824536 2.752877 13.3456090652
0.0266363824076 0.184022824536 2.7523 13.3541076487
0.0266308835673 0.184022824536 2.751558 13.3569405099
0.0266253869969 0.184022824536 2.751244 13.3597733711
0.026619892695 0.184022824536 2.751152 13.3626062323
0.0265869744435 0.184022824536 2.750066 13.3796033994
0.0265814959819 0.184022824536 2.75005 13.3824362606
0.0264506868977 0.184022824536 2.742903 13.4504249292
0.0264452644526 0.184022824536 2.742687 13.4532577904
0.0262035344302 0.184022824536 2.724091 13.5807365439
0.0261982128351 0.184022824536 2.72386 13.5835694051
0.0261982128351 0.184022824536 2.72386 13.5835694051
0.0263959390863 0.18544935806 2.721851 13.5835694051
0.0262573217532 0.18544935806 2.709229 13.657223796
0.0262520193861 0.18544935806 2.70901 13.6600566572
0.0262043942753 0.18544935806 2.704944 13.6855524079
0.0264006449012 0.186875891583 2.704819 13.6855524079
0.0262999397711 0.186875891583 2.701134 13.7393767705
0.0262946607788 0.186875891583 2.701022 13.7422096317
0.0262841091493 0.186875891583 2.699318 13.7478753541
0.0262788365095 0.186875891583 2.698582 13.7507082153
0.0260178748759 0.186875891583 2.680945 13.8923512748
0.0262112787927 0.188302425107 2.680793 13.8923512748
0.0261282660333 0.188302425107 2.675925 13.9376770538
0.026123095191 0.188302425107 2.67591 13.940509915
0.0259996060666 0.188302425107 2.669635 14.0084985836
0.0259944860181 0.188302425107 2.669286 14.0113314448
0.0259230164965 0.188302425107 2.664259 14.0509915014
0.0259179265659 0.188302425107 2.664156 14.0538243626
0.0258165460591 0.188302425107 2.657122 14.1104815864
0.0260070394994 0.189728958631 2.656774 14.1104815864
0.0260070394994 0.189728958631 2.656774 14.1104815864
0.0260019550342 0.189728958631 2.655979 14.1133144476
0.0259765625 0.189728958631 2.655472 14.1274787535
0.0259714899434 0.189728958631 2.654696 14.1303116147
0.0259410961576 0.189728958631 2.653204 14.1473087819
0.0261310452418 0.191155492154 2.653057 14.1473087819
0.0259689922481 0.191155492154 2.644076 14.2379603399
0.0259639604728 0.191155492154 2.644058 14.2407932011
0.0258937198068 0.191155492154 2.639056 14.2804532578
0.0258887171561 0.191155492154 2.639027 14.283286119
0.0257989988448 0.191155492154 2.631433 14.3342776204
0.0257940327238 0.191155492154 2.6314 14.3371104816
0.0257642761007 0.191155492154 2.630178 14.3541076487
0.0257593233372 0.191155492154 2.630071 14.3569405099
0.0257444764649 0.191155492154 2.628703 14.3654390935
0.0259316173646 0.192582025678 2.628174 14.3654390935
0.0258323765786 0.192582025678 2.622038 14.4220963173
0.0258274344748 0.192582025678 2.621772 14.4249291785
0.0257387988561 0.192582025678 2.614729 14.4759206799
0.0257338924895 0.192582025678 2.614565 14.4787535411
0.0256264236902 0.192582025678 2.609499 14.5410764873
0.0256215600683 0.192582025678 2.609389 14.5439093484
0.0256118383608 0.192582025678 2.607965 14.5495750708
0.0256069802731 0.192582025678 2.607887 14.552407932
0.0254909365559 0.192582025678 2.597476 14.6203966006
0.0254861242213 0.192582025678 2.597287 14.6232294618
0.0254861242213 0.192582025678 2.597287 14.6232294618
0.0254813137033 0.192582025678 2.597044 14.6260623229
0.0254813137033 0.192582025678 2.597044 14.6260623229
0.0254765050009 0.192582025678 2.597013 14.6288951841
0.0254189418189 0.192582025678 2.59076 14.6628895184
0.0254141566265 0.192582025678 2.59067 14.6657223796
0.0253998118532 0.192582025678 2.58974 14.6742209632
0.02539503386 0.192582025678 2.589592 14.6770538244
0.0252667040988 0.192582025678 2.582793 14.7535410765
0.0254491017964 0.194008559201 2.582784 14.7535410765
0.0253447633246 0.194008559201 2.575376 14.8158640227
0.0253400409912 0.194008559201 2.575152 14.8186968839
0.0253211692422 0.194008559201 2.574218 14.8300283286
0.0253164556962 0.194008559201 2.57357 14.8328611898
0.0251339863242 0.194008559201 2.558103 14.9433427762
0.0251293422025 0.194008559201 2.558103 14.9461756374
0.0250876222099 0.194008559201 2.555115 14.9716713881
0.025267428993 0.195435092725 2.554851 14.9716713881
0.0252534562212 0.195435092725 2.553274 14.9801699717
0.0252488020641 0.195435092725 2.553048 14.9830028329
0.0251560778553 0.195435092725 2.54856 15.0396600567
0.025151459519 0.195435092725 2.548464 15.0424929178
0.0249908792412 0.195435092725 2.537438 15.1416430595
0.0251687032646 0.196861626248 2.536826 15.1416430595
0.025040827436 0.196861626248 2.530486 15.2209631728
0.0252177068215 0.198288159772 2.52986 15.2209631728
0.0252039891206 0.198288159772 2.527905 15.2294617564
0.0251994198695 0.198288159772 2.527497 15.2322946176
0.0251857220511 0.198288159772 2.525943 15.2407932011
0.0251811594203 0.198288159772 2.525906 15.2436260623
0.0249282639885 0.198288159772 2.51288 15.402266289
0.0249237941546 0.198288159772 2.512438 15.4050991501
0.0248970087766 0.198288159772 2.511599 15.4220963173
0.0248925501433 0.198288159772 2.5107 15.4249291785
0.0247904405208 0.198288159772 2.50146 15.4900849858
0.0249643366619 0.199714693295 2.501141 15.4900849858
0.0246392115452 0.199714693295 2.477033 15.6997167139
0.0248108393454 0.201141226819 2.476722 15.6997167139
0.0247716092762 0.201141226819 2.47424 15.7252124646
0.0249429123485 0.202567760342 2.474084 15.7252124646
0.024886084823 0.202567760342 2.470545 15.7620396601
0.0250569476082 0.203994293866 2.470288 15.7620396601
0.0249607261302 0.203994293866 2.46421 15.8243626062
0.0251308900524 0.205420827389 2.464102 15.8243626062
0.025 0.205420827389 2.455447 15.9093484419
0.0249956604756 0.205420827389 2.455388 15.9121813031
0.0249437034471 0.205420827389 2.450025 15.9461756374
0.0251125736058 0.206847360913 2.449805 15.9461756374
0.0250086236633 0.206847360913 2.442483 16.0141643059
0.0251767546129 0.208273894437 2.442269 16.0141643059
0.0250988482035 0.208273894437 2.436418 16.0651558074
0.0250945342042 0.208273894437 2.436336 16.0679886686
0.0250342935528 0.208273894437 2.430931 16.1076487252
0.0250300017144 0.208273894437 2.430931 16.1104815864
0.025017135024 0.208273894437 2.429198 16.11898017
0.0251841699503 0.20970042796 2.428755 16.11898017
0.0251196172249 0.20970042796 2.425283 16.1614730878
0.0251153254741 0.20970042796 2.424861 16.164305949
0.0250981731262 0.20970042796 2.424083 16.1756373938
0.0250938886992 0.20970042796 2.423961 16.178470255
0.0248352762291 0.20970042796 2.405249 16.3512747875
0.0248310810811 0.20970042796 2.405133 16.3541076487
0.0246520207949 0.20970042796 2.386513 16.4759206799
0.0246478873239 0.20970042796 2.386439 16.4787535411
0.0246313672922 0.20970042796 2.384614 16.4900849858
0.0246272407438 0.20970042796 2.384484 16.492917847
0.0245409015025 0.20970042796 2.378224 16.552407932
0.02470372225 0.211126961484 2.377407 16.552407932
0.0246707784631 0.211126961484 2.37587 16.5750708215
0.0248333333333 0.212553495007 2.375269 16.5750708215
0.0247878888704 0.212553495007 2.370749 16.6062322946
0.0249500998004 0.213980028531 2.370049 16.6062322946
0.024925224327 0.213980028531 2.368059 16.6232294618
0.0249210832364 0.213980028531 2.367904 16.6260623229
0.0249003984064 0.213980028531 2.363985 16.6402266289
0.0248962655602 0.213980028531 2.363975 16.6430594901
0.0248962655602 0.213980028531 2.363975 16.6430594901
0.0248921340856 0.213980028531 2.363728 16.6458923513
0.0248508946322 0.213980028531 2.360917 16.6742209632
0.0248467782011 0.213980028531 2.360743 16.6770538244
0.0246832318578 0.213980028531 2.34652 16.790368272
0.0246791707799 0.213980028531 2.346424 16.7932011331
0.0246669955599 0.213980028531 2.345673 16.8016997167
0.0248273594212 0.215406562054 2.345642 16.8016997167
0.0247216764898 0.215406562054 2.340498 16.8753541076
0.0248813226387 0.216833095578 2.339596 16.8753541076
0.0248163265306 0.216833095578 2.333945 16.9206798867
0.0248122755468 0.216833095578 2.333914 16.9235127479
0.0247718383312 0.216833095578 2.331146 16.9518413598
0.0249307479224 0.218259629101 2.330872 16.9518413598
0.0248901903367 0.218259629101 2.327783 16.9801699717
0.0248861418347 0.218259629101 2.32751 16.9830028329
0.0247212796898 0.218259629101 2.312643 17.0991501416
0.0247172859451 0.218259629101 2.311858 17.1019830028
0.024669461464 0.218259629101 2.308522 17.1359773371
0.0248266967596 0.219686162625 2.30791 17.1359773371
0.024790727624 0.219686162625 2.306171 17.1614730878
0.0249476903267 0.221112696148 2.306087 17.1614730878
0.0249196141479 0.221112696148 2.303833 17.1813031161
0.0249156084231 0.221112696148 2.303811 17.1841359773
0.0248796147673 0.221112696148 2.301574 17.209631728
0.0248756218905 0.221112696148 2.301453 17.2124645892
0.0248477075986 0.221112696148 2.297869 17.2322946176
0.0248437249559 0.221112696148 2.29774 17.2351274788
0.024827807144 0.221112696148 2.296191 17.2464589235
0.0249839846252 0.222539229672 2.295788 17.2464589235
0.0249679897567 0.222539229672 2.294576 17.2577903683
0.0249639942391 0.222539229672 2.294306 17.2606232295
0.0249201277955 0.222539229672 2.289998 17.2917847025
0.0249161475803 0.222539229672 2.289463 17.2946175637
0.0248843515712 0.222539229672 2.28796 17.3172804533
0.0248803827751 0.222539229672 2.2876 17.3201133144
0.024703087886 0.222539229672 2.270374 17.447592068
0.0248575047498 0.223965763195 2.270233 17.447592068
0.0247986100142 0.223965763195 2.266934 17.4900849858
0.0247946936197 0.223965763195 2.266762 17.492917847
0.0247010698553 0.223965763195 2.259605 17.5609065156
0.0246971842064 0.223965763195 2.259448 17.5637393768
0.0246004387339 0.223965763195 2.253203 17.6345609065
0.0247532508225 0.225392296719 2.252844 17.6345609065
0.0244241768434 0.225392296719 2.227202 17.8781869688
0.0244204018547 0.225392296719 2.227148 17.88101983
0.0243751928417 0.225392296719 2.223869 17.9150141643
0.0243714329786 0.225392296719 2.223032 17.9178470255
0.024214559387 0.225392296719 2.209128 18.0368271955
0.024210848912 0.225392296719 2.208981 18.0396600567
0.0241849073932 0.225392296719 2.207181 18.059490085
0.0241812059994 0.225392296719 2.207137 18.0623229462
0.0241368774824 0.225392296719 2.204434 18.0963172805
0.0242859324882 0.226818830243 2.204396 18.0963172805
0.0242859324882 0.226818830243 2.204396 18.0963172805
0.0242822235797 0.226818830243 2.204191 18.0991501416
0.0242599938969 0.226818830243 2.19946 18.1161473088
0.0242562929062 0.226818830243 2.199304 18.11898017
0.0241091736164 0.226818830243 2.186227 18.2322946176
0.0242571255306 0.228245363766 2.185777 18.2322946176
0.0242497726584 0.228245363766 2.185375 18.2379603399
0.0242460978936 0.228245363766 2.185092 18.2407932011
0.0241984271022 0.228245363766 2.182008 18.2776203966
0.0243459851807 0.22967189729 2.181729 18.2776203966
0.0242725765114 0.22967189729 2.173968 18.3342776204
0.0242689176967 0.22967189729 2.173968 18.3371104816
0.0242689176967 0.22967189729 2.173968 18.3371104816
0.0242652599849 0.22967189729 2.173907 18.3399433428
0.0242068861825 0.22967189729 2.168626 18.3852691218
0.0242032471437 0.22967189729 2.168279 18.388101983
0.0241415504573 0.22967189729 2.162921 18.4362606232
0.0241379310345 0.22967189729 2.162616 18.4390934844
0.0238907849829 0.22967189729 2.148185 18.6345609065
0.0238872403561 0.22967189729 2.147663 18.6373937677
0.0238236164546 0.22967189729 2.140552 18.6883852691
0.0239680426099 0.231098430813 2.140088 18.6883852691
0.0238480789048 0.231098430813 2.129293 18.7847025496
0.0238445687371 0.231098430813 2.128794 18.7875354108
0.0238410596026 0.231098430813 2.128602 18.790368272
0.0238375515009 0.231098430813 2.128502 18.7932011331
0.023813023666 0.231098430813 2.126817 18.8130311615
0.0239564961787 0.232524964337 2.126742 18.8130311615
0.0237921471318 0.232524964337 2.110428 18.9461756374
0.0237886748395 0.232524964337 2.110216 18.9490084986
0.0236987496365 0.232524964337 2.103463 19.0226628895
0.0236953045501 0.232524964337 2.103288 19.0254957507
0.0236918604651 0.232524964337 2.103017 19.0283286119
0.0236884173812 0.232524964337 2.102707 19.0311614731
0.0236780941313 0.232524964337 2.101668 19.0396600567
0.0236746550472 0.232524964337 2.100998 19.0424929178
0.023507355062 0.232524964337 2.087803 19.1813031161
0.0235039653929 0.232524964337 2.087247 19.1841359773
0.023275738969 0.232524964337 2.07123 19.3767705382
0.0234151913192 0.23395149786 2.071203 19.3767705382
0.0234051662623 0.23395149786 2.070256 19.3852691218
0.023401826484 0.23395149786 2.070021 19.388101983
0.023401826484 0.23395149786 2.070021 19.388101983
0.0233984876587 0.23395149786 2.069944 19.3909348442
0.0233784746971 0.23395149786 2.06657 19.4079320113
0.0233751425314 0.23395149786 2.066277 19.4107648725
0.0233618233618 0.23395149786 2.064887 19.4220963173
0.0233584959407 0.23395149786 2.063926 19.4249291785
0.023298764029 0.23395149786 2.058202 19.4759206799
0.0234375 0.235378031384 2.058153 19.4759206799
0.0233479552851 0.235378031384 2.047047 19.552407932
0.0233446519525 0.235378031384 2.047031 19.5552407932
0.0233380480905 0.235378031384 2.046736 19.5609065156
0.0233347475605 0.235378031384 2.046622 19.5637393768
0.0232165470663 0.235378031384 2.035274 19.6657223796
0.0232132808104 0.235378031384 2.035211 19.6685552408
0.0232067510549 0.235378031384 2.034739 19.6742209632
0.0232034875545 0.235378031384 2.034225 19.6770538244
0.0231937025583 0.235378031384 2.03387 19.6855524079
0.0233309908644 0.236804564907 2.033544 19.6855524079
0.0233277121979 0.236804564907 2.033029 19.6883852691
0.0233244344527 0.236804564907 2.032869 19.6912181303
0.0232623318386 0.236804564907 2.026925 19.7450424929
0.0232590724394 0.236804564907 2.026209 19.7478753541
0.0232362821948 0.236804564907 2.021846 19.7677053824
0.0233729881036 0.238231098431 2.02156 19.7677053824
0.0232428670842 0.238231098431 2.009023 19.88101983
0.0233787920957 0.239657631954 2.009019 19.88101983
0.023362536504 0.239657631954 2.007676 19.895184136
0.0234983314794 0.241084165478 2.007135 19.895184136
0.0234266703632 0.241084165478 2.00011 19.9575070822
0.0234234234234 0.241084165478 1.999825 19.9603399433
0.023381294964 0.241084165478 1.99686 19.9971671388
0.0233780605893 0.241084165478 1.996684 20.0
0.0233489914341 0.241084165478 1.994539 20.0254957507
0.0233457659898 0.241084165478 1.9943 20.0283286119
0.0232622161046 0.241084165478 1.987862 20.1019830028
0.0232590145885 0.241084165478 1.98721 20.104815864
0.0231951688169 0.241084165478 1.978324 20.1614730878
0.023191985728 0.241084165478 1.977952 20.164305949
0.0231380065717 0.241084165478 1.971788 20.2124645892
0.0231348391513 0.241084165478 1.971594 20.2152974504
0.0231000546747 0.241084165478 1.967771 20.2464589235
0.023233565669 0.242510699001 1.967395 20.2464589235
0.0232145295644 0.242510699001 1.965088 20.2634560907
0.0232113599126 0.242510699001 1.964893 20.2662889518
0.0232018561485 0.242510699001 1.964049 20.2747875354
0.0231986899563 0.242510699001 1.963892 20.2776203966
0.0231229597388 0.242510699001 1.954317 20.3456090652
0.0231198150415 0.242510699001 1.953629 20.3484419263
0.0230602278893 0.242510699001 1.947058 20.402266289
0.0230571002306 0.242510699001 1.947018 20.4050991501
0.0230539734201 0.242510699001 1.9468 20.4079320113
0.023186440678 0.243937232525 1.945963 20.4079320113
0.0231112312475 0.243937232525 1.940177 20.4759206799
0.0231081081081 0.243937232525 1.940102 20.4787535411
0.0230613621038 0.243937232525 1.93688 20.5212464589
0.0230582524272 0.243937232525 1.936855 20.5240793201
0.0230334051724 0.243937232525 1.934909 20.5467422096
0.023164983165 0.245363766049 1.934907 20.5467422096
0.0231587451192 0.245363766049 1.933937 20.552407932
0.0232902530964 0.246790299572 1.932862 20.552407932
0.023193457568 0.246790299572 1.92146 20.6402266289
0.0231903485255 0.246790299572 1.921449 20.6430594901
0.0231407169609 0.246790299572 1.916324 20.6883852691
0.0231376220409 0.246790299572 1.916027 20.6912181303
0.023128342246 0.246790299572 1.913626 20.6997167139
0.0231252506349 0.246790299572 1.913582 20.7025495751
0.0230175625333 0.246790299572 1.906134 20.8016997167
0.0230145004656 0.246790299572 1.905909 20.8045325779
0.0229656179477 0.246790299572 1.901181 20.8498583569
0.0229625696841 0.246790299572 1.900731 20.8526912181
0.0229595222296 0.246790299572 1.900569 20.8555240793
0.0229564755839 0.246790299572 1.900035 20.8583569405
0.0229321314952 0.246790299572 1.898714 20.88101983
0.022929092114 0.246790299572 1.897481 20.8838526912
0.0228382838284 0.246790299572 1.889164 20.9688385269
0.0228352692714 0.246790299572 1.889136 20.9716713881
0.0227631578947 0.246790299572 1.880807 21.0396600567
0.0228917247731 0.248216833096 1.880453 21.0396600567
0.0227867993714 0.248216833096 1.871441 21.1388101983
0.0227838156344 0.248216833096 1.869546 21.1416430595
0.0226828314431 0.248216833096 1.857046 21.2379603399
0.0226798748697 0.248216833096 1.856939 21.2407932011
0.0226091476091 0.248216833096 1.849162 21.3087818697
0.0226062102118 0.248216833096 1.849092 21.3116147309
0.0225944682509 0.248216833096 1.847443 21.3229461756
0.0225915346663 0.248216833096 1.846387 21.3257790368
0.0225009698694 0.248216833096 1.837721 21.4135977337
0.022498060512 0.248216833096 1.837638 21.4164305949
0.0224864306022 0.248216833096 1.836589 21.4277620397
0.0226127406642 0.249643366619 1.836438 21.4277620397
0.0226068983335 0.249643366619 1.8363 21.433427762
0.0226039783002 0.249643366619 1.836081 21.4362606232
0.0225952227243 0.249643366619 1.835718 21.4447592068
0.0225923057062 0.249643366619 1.835664 21.447592068
0.0225864739288 0.249643366619 1.835156 21.4532577904
0.0227126080785 0.251069900143 1.834861 21.4532577904
0.0226804123711 0.251069900143 1.830723 21.4844192635
0.0228063393893 0.252496433666 1.830716 21.4844192635
0.0226111394992 0.252496433666 1.80943 21.6742209632
0.0226082513731 0.252496433666 1.808833 21.6770538244
0.0225880551302 0.252496433666 1.806696 21.6968838527
0.0225851728978 0.252496433666 1.806342 21.6997167139
0.0225133553803 0.252496433666 1.797304 21.7705382436
0.0226376701005 0.25392296719 1.797145 21.7705382436
0.0226089165502 0.25392296719 1.792938 21.7988668555
0.0226060452121 0.25392296719 1.792685 21.8016997167
0.022554485555 0.25392296719 1.788352 21.8526912181
0.0225516280248 0.25392296719 1.788001 21.8555240793
0.0225173940544 0.25392296719 1.785364 21.8895184136
0.0225145459145 0.25392296719 1.785357 21.8923512748
0.0224917867071 0.25392296719 1.781689 21.9150141643
0.0226152874289 0.255349500713 1.781346 21.9150141643
0.0226067188684 0.255349500713 1.780605 21.9235127479
0.0227301426948 0.256776034237 1.779575 21.9235127479
0.0226814516129 0.256776034237 1.773114 21.9716713881
0.0226785939272 0.256776034237 1.772614 21.9745042493
0.0226045460254 0.256776034237 1.76348 22.0481586402
0.0226017076846 0.256776034237 1.763322 22.0509915014
0.0225960331408 0.256776034237 1.762998 22.0566572238
0.0225931969374 0.256776034237 1.762298 22.059490085
0.0225366220108 0.256776034237 1.755342 22.1161473088
0.0226589884827 0.25820256776 1.755075 22.1161473088
0.0226306576644 0.25820256776 1.751833 22.1444759207
0.0226278284786 0.25820256776 1.751659 22.1473087819
0.0226023976024 0.25820256776 1.747899 22.1728045326
0.0227244350106 0.259629101284 1.747649 22.1728045326
0.0227244350106 0.259629101284 1.747649 22.1728045326
0.0227215980025 0.259629101284 1.747632 22.1756373938
0.0226480836237 0.259629101284 1.738132 22.2492917847
0.0226452656464 0.259629101284 1.737562 22.2521246459
0.022639631795 0.259629101284 1.737268 22.2577903683
0.0226368159204 0.259629101284 1.736994 22.2606232295
0.022591857001 0.259629101284 1.73169 22.3059490085
0.0225890529974 0.259629101284 1.731548 22.3087818697
0.0225136071252 0.259629101284 1.720347 22.3852691218
0.0225108225108 0.259629101284 1.720347 22.388101983
0.0225024727992 0.259629101284 1.719741 22.3966005666
0.0224996909383 0.259629101284 1.71946 22.3994334278
0.0224941292794 0.259629101284 1.719113 22.4050991501
0.0226149283243 0.261055634807 1.718868 22.4050991501
0.0225591715976 0.261055634807 1.712944 22.4617563739
0.0225563909774 0.261055634807 1.712744 22.4645892351
0.0225397216406 0.261055634807 1.710241 22.4815864023
0.0225369458128 0.261055634807 1.709833 22.4844192635
0.0224264705882 0.261055634807 1.700317 22.597733711
0.022423722583 0.261055634807 1.700172 22.6005665722
0.0224154826066 0.261055634807 1.698635 22.6090651558
0.0224127372933 0.261055634807 1.697956 22.611898017
0.0223853211009 0.261055634807 1.693738 22.6402266289
0.0225048923679 0.262482168331 1.693268 22.6402266289
0.0224691659543 0.262482168331 1.688208 22.6770538244
0.0224664224664 0.262482168331 1.68816 22.6798866856
0.0224527150702 0.262482168331 1.687107 22.6940509915
0.0224499755979 0.262482168331 1.686198 22.6968838527
0.022433552792 0.262482168331 1.684969 22.7138810198
0.0225527246129 0.263908701854 1.684914 22.7138810198
0.0224951361868 0.263908701854 1.678075 22.7733711048
0.0224924012158 0.263908701854 1.677943 22.776203966
0.0224378411158 0.263908701854 1.671594 22.8328611898
0.0225563909774 0.265335235378 1.671538 22.8328611898
0.0224529212941 0.265335235378 1.658715 22.940509915
0.0224502112251 0.265335235378 1.658263 22.9433427762
0.0224366706876 0.265335235378 1.657727 22.9575070822
0.0224339645399 0.265335235378 1.657517 22.9603399433
0.022369212267 0.265335235378 1.646396 23.0283286119
0.0223665223665 0.265335235378 1.646208 23.0311614731
0.0223665223665 0.265335235378 1.646208 23.0311614731
0.0223638331129 0.265335235378 1.646026 23.0339943343
0.0223584565453 0.265335235378 1.644379 23.0396600567
0.0224759615385 0.266761768902 1.644368 23.0396600567
0.0223097112861 0.266761768902 1.621828 23.2152974504
0.0224263390194 0.268188302425 1.621614 23.2152974504
0.0224022878932 0.268188302425 1.618897 23.2407932011
0.0223996187299 0.268188302425 1.617945 23.2436260623
0.0223490252021 0.268188302425 1.611704 23.2974504249
0.0223463687151 0.268188302425 1.610843 23.3002832861
0.02232248872 0.268188302425 1.609351 23.3257790368
0.0223198385373 0.268188302425 1.609351 23.328611898
0.0223198385373 0.268188302425 1.609351 23.328611898
0.0223171889839 0.268188302425 1.608518 23.3314447592
0.0223118917636 0.268188302425 1.607371 23.3371104816
0.0224279102884 0.269614835949 1.606485 23.3371104816
0.0224013274861 0.269614835949 1.603332 23.3654390935
0.0223986726712 0.269614835949 1.60312 23.3682719547
0.0222614840989 0.269614835949 1.586335 23.5155807365
0.0222588623248 0.269614835949 1.586179 23.5184135977
0.0221987315011 0.269614835949 1.577761 23.5835694051
0.0223135642983 0.271041369472 1.577585 23.5835694051
0.0222560618484 0.271041369472 1.570913 23.6458923513
0.0222534551417 0.271041369472 1.570813 23.6487252125
0.0221213179648 0.271041369472 1.551407 23.7932011331
0.0221187427241 0.271041369472 1.551144 23.7960339943
0.0220417633411 0.271041369472 1.540262 23.88101983
0.0220392065886 0.271041369472 1.539873 23.8838526912
0.0219703977798 0.271041369472 1.531464 23.9603399433
0.0219678575558 0.271041369472 1.531147 23.9631728045
0.0219424875852 0.271041369472 1.527043 23.9915014164
0.0219399538106 0.271041369472 1.526976 23.9943342776
0.0219399538106 0.271041369472 1.526976 23.9943342776
0.0220528807297 0.272467902996 1.526642 23.9943342776
0.0220401569351 0.272467902996 1.524564 24.0084985836
0.0220376139379 0.272467902996 1.524532 24.0113314448
0.0219489772466 0.272467902996 1.513276 24.1104815864
0.0219464552453 0.272467902996 1.512827 24.1133144476
0.0219288174512 0.272467902996 1.510696 24.1331444759
0.0219263000804 0.272467902996 1.510394 24.1359773371
0.0218861006073 0.272467902996 1.504349 24.1813031161
0.0218835930339 0.272467902996 1.503882 24.1841359773
0.0218810860351 0.272467902996 1.503646 24.1869688385
0.0218785796105 0.272467902996 1.503409 24.1898016997
0.0218011642507 0.272467902996 1.491658 24.2776203966
0.0219128052956 0.273894436519 1.491315 24.2776203966
0.021890320374 0.273894436519 1.487656 24.3031161473
0.0218878248974 0.273894436519 1.487116 24.3059490085
0.0218206614388 0.273894436519 1.474363 24.3824362606
0.0218181818182 0.273894436519 1.473518 24.3852691218
0.0218132242672 0.273894436519 1.472384 24.3909348442
0.0218107463365 0.273894436519 1.472193 24.3937677054
0.021768707483 0.273894436519 1.464179 24.4419263456
0.0217662396554 0.273894436519 1.464179 24.4447592068
0.0217391304348 0.273894436519 1.458362 24.4759206799
0.0217366693083 0.273894436519 1.458223 24.4787535411
0.0216704288939 0.273894436519 1.450156 24.5552407932
0.0217808373773 0.275320970043 1.449877 24.5552407932
0.0217685540266 0.275320970043 1.447348 24.5694050992
0.0217660990188 0.275320970043 1.447168 24.5722379603
0.0217660990188 0.275320970043 1.447168 24.5722379603
0.0217636445647 0.275320970043 1.446602 24.5750708215
0.0216853932584 0.275320970043 1.432178 24.6657223796
0.0216829569711 0.275320970043 1.431838 24.6685552408
0.0215907819667 0.275320970043 1.415421 24.776203966
0.0215883668904 0.275320970043 1.41519 24.7790368272
0.0215738877711 0.275320970043 1.412893 24.7960339943
0.0215714764726 0.275320970043 1.412176 24.7988668555
0.021482635797 0.275320970043 1.395087 24.9036827195
0.021591541458 0.276747503566 1.394943 24.9036827195
0.0215771326882 0.276747503566 1.39194 24.9206798867
0.0216859430605 0.27817403709 1.391148 24.9206798867
0.0215564890559 0.27817403709 1.370201 25.0736543909
0.0215541063336 0.27817403709 1.369931 25.0764872521
0.0215374420146 0.27817403709 1.367628 25.0963172805
0.0215350635008 0.27817403709 1.367372 25.0991501416
0.0215065622587 0.27817403709 1.361006 25.1331444759
0.0216144684605 0.279600570613 1.360781 25.1331444759
0.0216144684605 0.279600570613 1.360781 25.1331444759
0.0217223508656 0.281027104137 1.360453 25.1331444759
0.0217008151575 0.281027104137 1.357729 25.1586402266
0.0216984249367 0.281027104137 1.356667 25.1614730878
0.0216269623449 0.281027104137 1.347091 25.2464589235
0.0216245883644 0.281027104137 1.346053 25.2492917847
0.0216127262754 0.281027104137 1.344839 25.2634560907
0.021610355419 0.281027104137 1.344694 25.2662889518
0.021600877193 0.281027104137 1.34172 25.2776203966
0.0217081460366 0.28245363766 1.341312 25.2776203966
0.0216511755057 0.28245363766 1.331149 25.3456090652
0.0216488082222 0.28245363766 1.329796 25.3484419263
0.0215945032174 0.28245363766 1.32071 25.4135977337
0.0217011995638 0.283880171184 1.320538 25.4135977337
0.0215764935487 0.283880171184 1.301394 25.5637393768
0.021682567216 0.285306704708 1.301327 25.5637393768
0.0216802168022 0.285306704708 1.298667 25.566572238
0.0216778668979 0.285306704708 1.297063 25.5694050992
0.0216497077289 0.285306704708 1.293293 25.6033994334
0.0216473644334 0.285306704708 1.293273 25.6062322946
0.021591277124 0.285306704708 1.28204 25.6742209632
0.0215889464594 0.285306704708 1.281824 25.6770538244
0.0215354797028 0.285306704708 1.270252 25.7422096317
0.021533161068 0.285306704708 1.270096 25.7450424929
0.0214868929953 0.285306704708 1.263456 25.8016997167
0.0214845848104 0.285306704708 1.263424 25.8045325779
0.021433929911 0.285306704708 1.253256 25.8668555241
0.0214316330904 0.285306704708 1.252506 25.8696883853
0.0213972397561 0.285306704708 1.244649 25.9121813031
0.0215019255456 0.286733238231 1.244626 25.9121813031
0.0214743589744 0.286733238231 1.240778 25.9461756374
0.0214720649503 0.286733238231 1.240346 25.9490084986
0.0214103110354 0.286733238231 1.23287 26.0254957507
0.0214080306742 0.286733238231 1.232676 26.0283286119
0.0213966361507 0.286733238231 1.229767 26.0424929178
0.0213943587014 0.286733238231 1.228338 26.045325779
0.0213466440102 0.286733238231 1.222796 26.104815864
0.0213443771902 0.286733238231 1.222411 26.1076487252
0.0210780201342 0.286733238231 1.169928 26.4447592068
0.0211806647793 0.288159771755 1.168692 26.4447592068
0.0210175840183 0.288159771755 1.134688 26.6543909348
0.0211194340408 0.289586305278 1.134228 26.6543909348
0.0211040648716 0.289586305278 1.131097 26.6742209632
0.0211018711019 0.289586305278 1.129354 26.6770538244
0.0210624610915 0.289586305278 1.121889 26.7280453258
0.021164021164 0.291012838802 1.121171 26.7280453258
0.0210656753408 0.291012838802 1.096859 26.8555240793
0.0210635002581 0.291012838802 1.09587 26.8583569405
0.0210006176652 0.291012838802 1.084444 26.940509915
0.0209984559959 0.291012838802 1.084364 26.9433427762
0.0209725506323 0.291012838802 1.074963 26.9773371105
0.0209703947368 0.291012838802 1.074892 26.9801699717
0.0208567631122 0.291012838802 1.053788 27.1303116147
0.0208546309548 0.291012838802 1.053257 27.1331444759
0.0207591330009 0.291012838802 1.037767 27.2606232295
0.020757020757 0.291012838802 1.037287 27.2634560907
0.0206143896524 0.291012838802 1.013975 27.4560906516
0.020713347479 0.292439372325 1.013724 27.4560906516
0.0206133735546 0.292439372325 0.995178 27.5920679887
0.0206113010255 0.292439372325 0.994816 27.5949008499
0.0204836131095 0.292439372325 0.972051 27.7705382436
0.0204815665901 0.292439372325 0.971872 27.7733711048
0.0204427602712 0.292439372325 0.964835 27.8271954674
0.020540432745 0.293865905849 0.964098 27.8271954674
0.0205199721088 0.293865905849 0.959988 27.8555240793
0.0205179282869 0.293865905849 0.95939 27.8583569405
0.0204975124378 0.293865905849 0.954847 27.8866855524
0.0204954730873 0.293865905849 0.954691 27.8895184136
0.0204507098183 0.293865905849 0.944743 27.9518413598
0.0204486797697 0.293865905849 0.943652 27.954674221
0.0203075709779 0.293865905849 0.911466 28.1529745042
0.0203055692459 0.293865905849 0.911429 28.1558073654
0.0201545837002 0.293865905849 0.87567 28.3711048159
0.0201526120133 0.293865905849 0.875014 28.3739376771
0.02 0.293865905849 0.847927 28.5949008499
0.0199980584409 0.293865905849 0.847573 28.597733711
0.0199264848133 0.293865905849 0.832627 28.7025495751
0.0200212786536 0.295292439372 0.832481 28.7025495751
0.0198010330974 0.295292439372 0.781141 29.0283286119
0.0197991391679 0.295292439372 0.780733 29.0311614731
0.0195929957407 0.295292439372 0.727915 29.342776204
0.0195911413969 0.295292439372 0.727883 29.3456090652
0.0194129231923 0.295292439372 0.683453 29.6203966006
0.0195048762191 0.296718972896 0.68328 29.6203966006
0.0192361046888 0.296718972896 0.613288 30.0424929178
0.0193267985944 0.298145506419 0.61183 30.0424929178
0.0192449355433 0.298145506419 0.592972 30.1728045326
0.0193352361661 0.299572039943 0.592673 30.1728045326
0.0190320826536 0.299572039943 0.507936 30.6628895184
0.019030357952 0.299572039943 0.50714 30.6657223796
0.01897704681 0.299572039943 0.491163 30.7535410765
0.0189753320683 0.299572039943 0.491005 30.7563739377
0.0186351938948 0.299572039943 0.386477 31.328611898
0.0186335403727 0.299572039943 0.386111 31.3314447592
0.0181833925015 0.299572039943 0.231282 32.1218130312
0.0182683982684 0.300998573466 0.230975 32.1218130312
0.0181755534499 0.300998573466 0.147964 32.2889518414
0.0181739879414 0.300998573466 0.082133 32.2917847025
