1.0 0.0 inf 0.0
1.0 0.00142653352354 9.013265 0.0
1.0 0.00142653352354 9.013265 0.0
0.5 0.00142653352354 8.883469 0.0028328611898
0.5 0.00142653352354 8.883469 0.0028328611898
0.333333333333 0.00142653352354 8.728572 0.0056657223796
0.25 0.00142653352354 8.64762 0.00849858356941
0.4 0.00285306704708 8.574587 0.00849858356941
0.4 0.00285306704708 8.574587 0.00849858356941
0.333333333333 0.00285306704708 8.49513 0.0113314447592
0.333333333333 0.00285306704708 8.49513 0.0113314447592
0.285714285714 0.00285306704708 8.413513 0.014164305949
0.285714285714 0.00285306704708 8.413513 0.014164305949
0.25 0.00285306704708 8.291371 0.0169971671388
0.25 0.00285306704708 8.291371 0.0169971671388
0.333333333333 0.00427960057061 8.219538 0.0169971671388
0.25 0.00427960057061 8.014846 0.0254957507082
0.230769230769 0.00427960057061 8.005821 0.028328611898
0.214285714286 0.00427960057061 7.964972 0.0311614730878
0.2 0.00427960057061 7.964377 0.0339943342776
0.1875 0.00427960057061 7.914122 0.0368271954674
0.176470588235 0.00427960057061 7.912356 0.0396600566572
0.166666666667 0.00427960057061 7.89877 0.042492917847
0.157894736842 0.00427960057061 7.876225 0.0453257790368
0.130434782609 0.00427960057061 7.743796 0.056657223796
0.125 0.00427960057061 7.693444 0.0594900849858
0.125 0.00427960057061 7.693444 0.0594900849858
0.12 0.00427960057061 7.690177 0.0623229461756
0.12 0.00427960057061 7.690177 0.0623229461756
0.115384615385 0.00427960057061 7.685859 0.0651558073654
0.1 0.00427960057061 7.58953 0.0764872521246
0.0967741935484 0.00427960057061 7.583073 0.0793201133144
0.0967741935484 0.00427960057061 7.583073 0.0793201133144
0.09375 0.00427960057061 7.566069 0.0821529745042
0.09375 0.00427960057061 7.566069 0.0821529745042
0.0909090909091 0.00427960057061 7.563789 0.0849858356941
0.0882352941176 0.00427960057061 7.561289 0.0878186968839
0.0857142857143 0.00427960057061 7.555832 0.0906515580737
0.0833333333333 0.00427960057061 7.55336 0.0934844192635
0.108108108108 0.00570613409415 7.489131 0.0934844192635
0.108108108108 0.00570613409415 7.489131 0.0934844192635
0.105263157895 0.00570613409415 7.443892 0.0963172804533
0.1 0.00570613409415 7.407397 0.101983002833
0.0975609756098 0.00570613409415 7.388568 0.104815864023
0.0975609756098 0.00570613409415 7.388568 0.104815864023
0.119047619048 0.00713266761769 7.384385 0.104815864023
0.111111111111 0.00713266761769 7.329079 0.113314447592
0.130434782609 0.00855920114123 7.306724 0.113314447592
0.127659574468 0.00855920114123 7.265501 0.116147308782
0.125 0.00855920114123 7.173276 0.118980169972
0.12 0.00855920114123 7.153769 0.124645892351
0.137254901961 0.00998573466476 7.120998 0.124645892351
0.134615384615 0.00998573466476 7.085692 0.127478753541
0.132075471698 0.00998573466476 7.079572 0.130311614731
0.12962962963 0.00998573466476 7.078343 0.133144475921
0.145454545455 0.0114122681883 7.066289 0.133144475921
0.133333333333 0.0114122681883 7.045356 0.14730878187
0.131147540984 0.0114122681883 7.0344 0.150141643059
0.131147540984 0.0114122681883 7.0344 0.150141643059
0.129032258065 0.0114122681883 7.031717 0.152974504249
0.129032258065 0.0114122681883 7.031717 0.152974504249
0.142857142857 0.0128388017118 7.026341 0.152974504249
0.140625 0.0128388017118 7.008968 0.155807365439
0.138461538462 0.0128388017118 6.997505 0.158640226629
0.136363636364 0.0128388017118 6.981792 0.161473087819
0.134328358209 0.0128388017118 6.962113 0.164305949008
0.134328358209 0.0128388017118 6.962113 0.164305949008
0.132352941176 0.0128388017118 6.958733 0.167138810198
0.132352941176 0.0128388017118 6.958733 0.167138810198
0.130434782609 0.0128388017118 6.95715 0.169971671388
0.125 0.0128388017118 6.932358 0.178470254958
0.13698630137 0.0142653352354 6.927991 0.178470254958
0.126582278481 0.0142653352354 6.894303 0.195467422096
0.125 0.0142653352354 6.893587 0.198300283286
0.112359550562 0.0142653352354 6.863621 0.223796033994
0.111111111111 0.0142653352354 6.854418 0.226628895184
0.111111111111 0.0142653352354 6.854418 0.226628895184
0.120879120879 0.0156918687589 6.853734 0.226628895184
0.120879120879 0.0156918687589 6.853734 0.226628895184
0.119565217391 0.0156918687589 6.851959 0.229461756374
0.115789473684 0.0156918687589 6.827461 0.237960339943
0.125 0.0171184022825 6.820295 0.237960339943
0.122448979592 0.0171184022825 6.818699 0.243626062323
0.121212121212 0.0171184022825 6.816178 0.246458923513
0.12 0.0171184022825 6.816095 0.249291784703
0.118811881188 0.0171184022825 6.809471 0.252124645892
0.114285714286 0.0171184022825 6.747945 0.263456090652
0.11320754717 0.0171184022825 6.742696 0.266288951841
0.11320754717 0.0171184022825 6.742696 0.266288951841
0.11214953271 0.0171184022825 6.740051 0.269121813031
0.111111111111 0.0171184022825 6.735159 0.271954674221
0.119266055046 0.018544935806 6.715129 0.271954674221
0.114035087719 0.018544935806 6.682347 0.28611898017
0.113043478261 0.018544935806 6.671617 0.28895184136
0.113043478261 0.018544935806 6.671617 0.28895184136
0.112068965517 0.018544935806 6.664794 0.29178470255
0.112068965517 0.018544935806 6.664794 0.29178470255
0.111111111111 0.018544935806 6.659772 0.294617563739
0.107438016529 0.018544935806 6.623291 0.305949008499
0.106557377049 0.018544935806 6.594196 0.308781869688
0.105691056911 0.018544935806 6.592971 0.311614730878
0.112903225806 0.0199714693295 6.579891 0.311614730878
0.112 0.0199714693295 6.574907 0.314447592068
0.119047619048 0.0213980028531 6.569338 0.314447592068
0.11811023622 0.0213980028531 6.567574 0.317280453258
0.1171875 0.0213980028531 6.566294 0.320113314448
0.116279069767 0.0213980028531 6.565088 0.322946175637
0.115384615385 0.0213980028531 6.559652 0.325779036827
0.114503816794 0.0213980028531 6.554375 0.328611898017
0.113636363636 0.0213980028531 6.551537 0.331444759207
0.112781954887 0.0213980028531 6.548235 0.334277620397
0.119402985075 0.0228245363766 6.529197 0.334277620397
0.119402985075 0.0228245363766 6.529197 0.334277620397
0.118518518519 0.0228245363766 6.528398 0.337110481586
0.118518518519 0.0228245363766 6.528398 0.337110481586
0.125 0.0242510699001 6.525265 0.337110481586
0.125 0.0242510699001 6.525265 0.337110481586
0.124087591241 0.0242510699001 6.522581 0.339943342776
0.118881118881 0.0242510699001 6.503788 0.356940509915
0.118055555556 0.0242510699001 6.492454 0.359773371105
0.11724137931 0.0242510699001 6.487401 0.362606232295
0.116438356164 0.0242510699001 6.485345 0.365439093484
0.116438356164 0.0242510699001 6.485345 0.365439093484
0.115646258503 0.0242510699001 6.482169 0.368271954674
0.114864864865 0.0242510699001 6.472153 0.371104815864
0.114093959732 0.0242510699001 6.469196 0.373937677054
0.113333333333 0.0242510699001 6.467722 0.376770538244
0.112582781457 0.0242510699001 6.461318 0.379603399433
0.111842105263 0.0242510699001 6.445805 0.382436260623
0.111111111111 0.0242510699001 6.442827 0.385269121813
0.108974358974 0.0242510699001 6.440032 0.393767705382
0.108280254777 0.0242510699001 6.418893 0.396600566572
0.107594936709 0.0242510699001 6.417323 0.399433427762
0.11320754717 0.0256776034237 6.409009 0.399433427762
0.11320754717 0.0256776034237 6.409009 0.399433427762
0.1125 0.0256776034237 6.407683 0.402266288952
0.110429447853 0.0256776034237 6.402777 0.410764872521
0.109756097561 0.0256776034237 6.402267 0.413597733711
0.10843373494 0.0256776034237 6.396921 0.419263456091
0.107784431138 0.0256776034237 6.394212 0.42209631728
0.107142857143 0.0256776034237 6.392566 0.42492917847
0.10650887574 0.0256776034237 6.387722 0.42776203966
0.10650887574 0.0256776034237 6.387722 0.42776203966
0.111764705882 0.0271041369472 6.385274 0.42776203966
0.111111111111 0.0271041369472 6.379103 0.43059490085
0.110465116279 0.0271041369472 6.377388 0.43342776204
0.109826589595 0.0271041369472 6.375211 0.436260623229
0.109195402299 0.0271041369472 6.3652 0.439093484419
0.106741573034 0.0271041369472 6.32787 0.450424929178
0.111731843575 0.0285306704708 6.327548 0.450424929178
0.108108108108 0.0285306704708 6.301183 0.467422096317
0.10752688172 0.0285306704708 6.297796 0.470254957507
0.10752688172 0.0285306704708 6.297796 0.470254957507
0.106951871658 0.0285306704708 6.297236 0.473087818697
0.10582010582 0.0285306704708 6.289186 0.478753541076
0.105263157895 0.0285306704708 6.288799 0.481586402266
0.1 0.0285306704708 6.264064 0.509915014164
0.0995024875622 0.0285306704708 6.256859 0.512747875354
0.0990099009901 0.0285306704708 6.253242 0.515580736544
0.0985221674877 0.0285306704708 6.253197 0.518413597734
0.0975609756098 0.0285306704708 6.250404 0.524079320113
0.0970873786408 0.0285306704708 6.230328 0.526912181303
0.0966183574879 0.0285306704708 6.228244 0.529745042493
0.0961538461538 0.0285306704708 6.226061 0.532577903683
0.0952380952381 0.0285306704708 6.219319 0.538243626062
0.0995260663507 0.0299572039943 6.215609 0.538243626062
0.0967741935484 0.0299572039943 6.179982 0.555240793201
0.100917431193 0.0313837375178 6.174925 0.555240793201
0.0944206008584 0.0313837375178 6.120286 0.597733711048
0.0940170940171 0.0313837375178 6.108129 0.600566572238
0.0932203389831 0.0313837375178 6.100595 0.606232294618
0.0928270042194 0.0313837375178 6.100504 0.609065155807
0.0912863070539 0.0313837375178 6.075566 0.620396600567
0.0909090909091 0.0313837375178 6.075034 0.623229461756
0.0901639344262 0.0313837375178 6.062234 0.628895184136
0.0897959183673 0.0313837375178 6.06089 0.631728045326
0.0890688259109 0.0313837375178 6.058575 0.637393767705
0.0887096774194 0.0313837375178 6.057078 0.640226628895
0.0876494023904 0.0313837375178 6.045817 0.648725212465
0.0912698412698 0.0328102710414 6.038332 0.648725212465
0.0905511811024 0.0328102710414 6.028984 0.654390934844
0.0901960784314 0.0328102710414 6.027798 0.657223796034
0.0891472868217 0.0328102710414 6.019999 0.665722379603
0.0888030888031 0.0328102710414 6.016278 0.668555240793
0.0871212121212 0.0328102710414 5.995688 0.682719546742
0.0905660377358 0.0342368045649 5.98666 0.682719546742
0.0885608856089 0.0342368045649 5.963295 0.699716713881
0.0882352941176 0.0342368045649 5.956417 0.702549575071
0.0869565217391 0.0342368045649 5.925453 0.71388101983
0.0902527075812 0.0356633380884 5.924299 0.71388101983
0.089605734767 0.0356633380884 5.921857 0.71954674221
0.0892857142857 0.0356633380884 5.91178 0.722379603399
0.0892857142857 0.0356633380884 5.91178 0.722379603399
0.0889679715302 0.0356633380884 5.907869 0.725212464589
0.0874125874126 0.0356633380884 5.893109 0.739376770538
0.0871080139373 0.0356633380884 5.891491 0.742209631728
0.0847457627119 0.0356633380884 5.870919 0.764872521246
0.0844594594595 0.0356633380884 5.870206 0.767705382436
0.0841750841751 0.0356633380884 5.862561 0.770538243626
0.0838926174497 0.0356633380884 5.862397 0.773371104816
0.0819672131148 0.0356633380884 5.833143 0.793201133144
0.0816993464052 0.0356633380884 5.829911 0.796033994334
0.0811688311688 0.0356633380884 5.82224 0.801699716714
0.0809061488673 0.0356633380884 5.820442 0.804532577904
0.0788643533123 0.0356633380884 5.745807 0.827195467422
0.0786163522013 0.0356633380884 5.732076 0.830028328612
0.0786163522013 0.0356633380884 5.732076 0.830028328612
0.0815047021944 0.037089871612 5.728032 0.830028328612
0.0815047021944 0.037089871612 5.728032 0.830028328612
0.08125 0.037089871612 5.727324 0.832861189802
0.0792682926829 0.037089871612 5.703144 0.85552407932
0.0820668693009 0.0385164051355 5.698773 0.85552407932
0.0815709969789 0.0385164051355 5.695018 0.8611898017
0.0813253012048 0.0385164051355 5.694095 0.86402266289
0.0789473684211 0.0385164051355 5.664172 0.892351274788
0.0787172011662 0.0385164051355 5.663469 0.895184135977
0.0787172011662 0.0385164051355 5.663469 0.895184135977
0.078488372093 0.0385164051355 5.661188 0.898016997167
0.078488372093 0.0385164051355 5.661188 0.898016997167
0.0782608695652 0.0385164051355 5.654953 0.900849858357
0.0775862068966 0.0385164051355 5.622062 0.909348441926
0.0773638968481 0.0385164051355 5.619606 0.912181303116
0.0769230769231 0.0385164051355 5.613279 0.917847025496
0.0767045454545 0.0385164051355 5.610716 0.920679886686
0.0741758241758 0.0385164051355 5.556247 0.954674220963
0.0767123287671 0.0399429386591 5.552503 0.954674220963
0.0762942779292 0.0399429386591 5.546806 0.960339943343
0.0760869565217 0.0399429386591 5.532256 0.963172804533
0.0760869565217 0.0399429386591 5.532256 0.963172804533
0.0758807588076 0.0399429386591 5.531204 0.966005665722
0.0754716981132 0.0399429386591 5.528003 0.971671388102
0.0752688172043 0.0399429386591 5.527621 0.974504249292
0.0750670241287 0.0399429386591 5.526257 0.977337110482
0.0748663101604 0.0399429386591 5.525671 0.980169971671
0.0738786279683 0.0399429386591 5.511866 0.99433427762
0.0763157894737 0.0413694721826 5.510045 0.99433427762
0.0749354005168 0.0413694721826 5.451711 1.01416430595
0.0747422680412 0.0413694721826 5.437938 1.01699716714
0.0747422680412 0.0413694721826 5.437938 1.01699716714
0.0771208226221 0.0427960057061 5.43077 1.01699716714
0.0759493670886 0.0427960057061 5.412862 1.03399433428
0.0782828282828 0.0442225392297 5.409906 1.03399433428
0.0775 0.0442225392297 5.397455 1.04532577904
0.0798004987531 0.0456490727532 5.395216 1.04532577904
0.0788177339901 0.0456490727532 5.377749 1.05949008499
0.0810810810811 0.0470756062767 5.377635 1.05949008499
0.0791366906475 0.0470756062767 5.358159 1.08781869688
0.0789473684211 0.0470756062767 5.356532 1.09065155807
0.0776470588235 0.0470756062767 5.323714 1.1104815864
0.0774647887324 0.0470756062767 5.318186 1.11331444759
0.0769230769231 0.0470756062767 5.305315 1.12181303116
0.0767441860465 0.0470756062767 5.302891 1.12464589235
0.0762124711316 0.0470756062767 5.296866 1.13314447592
0.0760368663594 0.0470756062767 5.290943 1.13597733711
0.0760368663594 0.0470756062767 5.290943 1.13597733711
0.0758620689655 0.0470756062767 5.28429 1.1388101983
0.0758620689655 0.0470756062767 5.28429 1.1388101983
0.0779816513761 0.0485021398003 5.270657 1.1388101983
0.0772727272727 0.0485021398003 5.253737 1.15014164306
0.0793650793651 0.0499286733238 5.245121 1.15014164306
0.0774336283186 0.0499286733238 5.208309 1.18130311615
0.0772626931567 0.0499286733238 5.205129 1.18413597734
0.0769230769231 0.0499286733238 5.203798 1.18980169972
0.0767543859649 0.0499286733238 5.201861 1.19263456091
0.0764192139738 0.0499286733238 5.196868 1.19830028329
0.0762527233115 0.0499286733238 5.194704 1.20113314448
0.0760869565217 0.0499286733238 5.191051 1.20396600567
0.0759219088937 0.0499286733238 5.190064 1.20679886686
0.0752688172043 0.0499286733238 5.178957 1.21813031161
0.0751072961373 0.0499286733238 5.178932 1.2209631728
0.0746268656716 0.0499286733238 5.174363 1.22946175637
0.0765957446809 0.0513552068474 5.168798 1.22946175637
0.0762711864407 0.0513552068474 5.166462 1.23512747875
0.0761099365751 0.0513552068474 5.16475 1.23796033994
0.0759493670886 0.0513552068474 5.164443 1.24079320113
0.0757894736842 0.0513552068474 5.161036 1.24362606232
0.0742268041237 0.0513552068474 5.140183 1.27195467422
0.0740740740741 0.0513552068474 5.140069 1.27478753541
0.0724346076459 0.0513552068474 5.104255 1.3059490085
0.074297188755 0.0527817403709 5.103874 1.3059490085
0.074297188755 0.0527817403709 5.103874 1.3059490085
0.0761523046092 0.0542082738944 5.102046 1.3059490085
0.076 0.0542082738944 5.099552 1.30878186969
0.0758483033932 0.0542082738944 5.098799 1.31161473088
0.0753968253968 0.0542082738944 5.087384 1.32011331445
0.0752475247525 0.0542082738944 5.085574 1.32294617564
0.0736434108527 0.0542082738944 5.061539 1.35410764873
0.0754352030948 0.055634807418 5.053993 1.35410764873
0.0747126436782 0.055634807418 5.032844 1.36827195467
0.074569789675 0.055634807418 5.030048 1.37110481586
0.0742857142857 0.055634807418 5.02407 1.37677053824
0.074144486692 0.055634807418 5.023913 1.37960339943
0.0737240075614 0.055634807418 5.020906 1.388101983
0.0735849056604 0.055634807418 5.018116 1.39093484419
0.0724907063197 0.055634807418 4.984985 1.41359773371
0.0742115027829 0.0570613409415 4.973387 1.41359773371
0.0742115027829 0.0570613409415 4.973387 1.41359773371
0.0740740740741 0.0570613409415 4.972786 1.4164305949
0.0718132854578 0.0570613409415 4.938028 1.46458923513
0.0716845878136 0.0570613409415 4.935122 1.46742209632
0.0704225352113 0.0570613409415 4.913683 1.49575070822
0.0720562390158 0.058487874465 4.9127 1.49575070822
0.0719298245614 0.058487874465 4.910668 1.49858356941
0.0718038528897 0.058487874465 4.908606 1.50141643059
0.0709342560554 0.058487874465 4.89213 1.52124645892
0.0708117443869 0.058487874465 4.888613 1.52407932011
0.0705679862306 0.058487874465 4.881431 1.52974504249
0.0721649484536 0.0599144079886 4.88021 1.52974504249
0.0715502555366 0.0599144079886 4.863734 1.54390934844
0.0731292517007 0.0613409415121 4.863692 1.54390934844
0.0717863105175 0.0613409415121 4.837835 1.57507082153
0.0733333333333 0.0627674750357 4.835129 1.57507082153
0.0724876441516 0.0627674750357 4.826434 1.59490084986
0.0740131578947 0.0641940085592 4.825532 1.59490084986
0.0734094616639 0.0641940085592 4.814645 1.60906515581
0.0732899022801 0.0641940085592 4.814219 1.611898017
0.0724637681159 0.0641940085592 4.791895 1.63172804533
0.072347266881 0.0641940085592 4.790421 1.63456090652
0.0721153846154 0.0641940085592 4.789999 1.6402266289
0.0736 0.0656205420827 4.789929 1.6402266289
0.0727848101266 0.0656205420827 4.780082 1.66005665722
0.0742496050553 0.0670470756063 4.778501 1.66005665722
0.0741324921136 0.0670470756063 4.778332 1.66288951841
0.0755905511811 0.0684736091298 4.775769 1.66288951841
0.0753532182104 0.0684736091298 4.770137 1.66855524079
0.0752351097179 0.0684736091298 4.761674 1.67138810198
0.0747663551402 0.0684736091298 4.756231 1.68271954674
0.0746500777605 0.0684736091298 4.755165 1.68555240793
0.0744186046512 0.0684736091298 4.754395 1.69121813031
0.0743034055728 0.0684736091298 4.750404 1.6940509915
0.0733944954128 0.0684736091298 4.73367 1.71671388102
0.0748091603053 0.0699001426534 4.729172 1.71671388102
0.0748091603053 0.0699001426534 4.729172 1.71671388102
0.0746951219512 0.0699001426534 4.726093 1.71954674221
0.0741301059002 0.0699001426534 4.713708 1.73371104816
0.0740181268882 0.0699001426534 4.713061 1.73654390935
0.0733532934132 0.0699001426534 4.702786 1.75354107649
0.0732436472347 0.0699001426534 4.698337 1.75637393768
0.0724852071006 0.0699001426534 4.683941 1.77620396601
0.0723781388479 0.0699001426534 4.682527 1.7790368272
0.0721649484536 0.0699001426534 4.67999 1.78470254958
0.0720588235294 0.0699001426534 4.678802 1.78753541076
0.0717423133236 0.0699001426534 4.677485 1.79603399433
0.0716374269006 0.0699001426534 4.676584 1.79886685552
0.0716374269006 0.0699001426534 4.676584 1.79886685552
0.0715328467153 0.0699001426534 4.675388 1.80169971671
0.0703012912482 0.0699001426534 4.642705 1.83569405099
0.0702005730659 0.0699001426534 4.640958 1.83852691218
0.0702005730659 0.0699001426534 4.640958 1.83852691218
0.0701001430615 0.0699001426534 4.640257 1.84135977337
0.0698005698006 0.0699001426534 4.635531 1.84985835694
0.0711237553343 0.0713266761769 4.625826 1.84985835694
0.070821529745 0.0713266761769 4.618017 1.85835694051
0.0707213578501 0.0713266761769 4.616899 1.8611898017
0.0704225352113 0.0713266761769 4.610162 1.86968838527
0.070323488045 0.0713266761769 4.609312 1.87252124646
0.070323488045 0.0713266761769 4.609312 1.87252124646
0.0702247191011 0.0713266761769 4.608787 1.87535410765
0.0692520775623 0.0713266761769 4.600454 1.90368271955
0.0691562932227 0.0713266761769 4.598575 1.90651558074
0.0685871056241 0.0713266761769 4.58936 1.92351274788
0.0684931506849 0.0713266761769 4.589227 1.92634560907
0.0675675675676 0.0713266761769 4.579737 1.95467422096
0.0688259109312 0.0727532097004 4.578656 1.95467422096
0.0688259109312 0.0727532097004 4.578656 1.95467422096
0.0687331536388 0.0727532097004 4.575777 1.95750708215
0.0684563758389 0.0727532097004 4.574049 1.96600566572
0.0697050938338 0.074179743224 4.571564 1.96600566572
0.0695187165775 0.074179743224 4.569977 1.9716713881
0.0694259012016 0.074179743224 4.567425 1.97450424929
0.0686922060766 0.074179743224 4.557489 1.99716713881
0.0699208443272 0.0756062767475 4.55656 1.99716713881
0.0698287220026 0.0756062767475 4.554513 2.0
0.0697368421053 0.0756062767475 4.554166 2.00283286119
0.0695538057743 0.0756062767475 4.548067 2.00849858357
0.0694626474443 0.0756062767475 4.543872 2.01133144476
0.0690104166667 0.0756062767475 4.534503 2.02549575071
0.0702210663199 0.077032810271 4.534005 2.02549575071
0.0676691729323 0.077032810271 4.490724 2.10764872521
0.0688360450563 0.0784593437946 4.490467 2.10764872521
0.0688360450563 0.0784593437946 4.490467 2.10764872521
0.06875 0.0784593437946 4.488624 2.1104815864
0.0680693069307 0.0784593437946 4.478128 2.13314447592
0.0679851668727 0.0784593437946 4.477279 2.13597733711
0.0677339901478 0.0784593437946 4.472391 2.14447592068
0.0676506765068 0.0784593437946 4.471666 2.14730878187
0.066265060241 0.0784593437946 4.451073 2.1954674221
0.0661853188929 0.0784593437946 4.450235 2.19830028329
0.0657108721625 0.0784593437946 4.439342 2.21529745042
0.0668257756563 0.0798858773181 4.436486 2.21529745042
0.0658823529412 0.0798858773181 4.41505 2.2492917847
0.0658049353702 0.0798858773181 4.414732 2.25212464589
0.0652680652681 0.0798858773181 4.397424 2.27195467422
0.0651920838184 0.0798858773181 4.394568 2.27478753541
0.0649651972158 0.0798858773181 4.389223 2.28328611898
0.0660486674392 0.0813124108417 4.387282 2.28328611898
0.064406779661 0.0813124108417 4.348484 2.34560906516
0.0643340857788 0.0813124108417 4.348307 2.34844192635
0.063687150838 0.0813124108417 4.339876 2.37393767705
0.0647321428571 0.0827389443652 4.336722 2.37393767705
0.0638063806381 0.0827389443652 4.313835 2.41076487252
0.0637362637363 0.0827389443652 4.311217 2.41359773371
0.0633879781421 0.0827389443652 4.30729 2.42776203966
0.0644104803493 0.0841654778887 4.306485 2.42776203966
0.0642002176279 0.0841654778887 4.300252 2.43626062323
0.0641304347826 0.0841654778887 4.299574 2.43909348442
0.061780104712 0.0841654778887 4.24492 2.53824362606
0.0617154811715 0.0841654778887 4.244208 2.54107648725
0.0615866388309 0.0841654778887 4.237008 2.54674220963
0.0625651720542 0.0855920114123 4.235743 2.54674220963
0.0625651720542 0.0855920114123 4.235743 2.54674220963
0.0625 0.0855920114123 4.235328 2.54957507082
0.0609756097561 0.0855920114123 4.197954 2.61756373938
0.0609137055838 0.0855920114123 4.197019 2.62039660057
0.0608519269777 0.0855920114123 4.196463 2.62322946176
0.0607902735562 0.0855920114123 4.194521 2.62606232295
0.0607287449393 0.0855920114123 4.194149 2.62889518414
0.0606673407482 0.0855920114123 4.192234 2.63172804533
0.0605449041372 0.0855920114123 4.191085 2.63739376771
0.0614919354839 0.0870185449358 4.187893 2.63739376771
0.0610610610611 0.0870185449358 4.179652 2.65722379603
0.062 0.0884450784593 4.179008 2.65722379603
0.061876247505 0.0884450784593 4.175928 2.66288951841
0.061814556331 0.0884450784593 4.175232 2.6657223796
0.0615079365079 0.0884450784593 4.169801 2.67988668555
0.0624380574827 0.0898716119829 4.16657 2.67988668555
0.0619469026549 0.0898716119829 4.161571 2.70254957507
0.0618860510806 0.0898716119829 4.161146 2.70538243626
0.0617042115573 0.0898716119829 4.158698 2.71388101983
0.0616438356164 0.0898716119829 4.157595 2.71671388102
0.0611650485437 0.0898716119829 4.147002 2.73937677054
0.0620756547042 0.0912981455064 4.145245 2.73937677054
0.0617164898746 0.0912981455064 4.139179 2.75637393768
0.0616570327553 0.0912981455064 4.139164 2.75920679887
0.0614203454894 0.0912981455064 4.131935 2.77053824363
0.0613614573346 0.0912981455064 4.130165 2.77337110482
0.0586617781852 0.0912981455064 4.054774 2.90934844193
0.0586080586081 0.0912981455064 4.053313 2.91218130312
0.0583941605839 0.0912981455064 4.04777 2.92351274788
0.0583409298086 0.0912981455064 4.047601 2.92634560907
0.0569395017794 0.0912981455064 4.010102 3.00283286119
0.0577777777778 0.09272467903 4.008842 3.00283286119
0.0570676031607 0.09272467903 3.997164 3.04249291785
0.0578947368421 0.0941512125535 3.996528 3.04249291785
0.0575916230366 0.0941512125535 3.984899 3.05949008499
0.0584132519616 0.095577746077 3.984872 3.05949008499
0.058362369338 0.095577746077 3.984769 3.06232294618
0.0583115752829 0.095577746077 3.983504 3.06515580737
0.0581597222222 0.095577746077 3.981906 3.07365439093
0.0581092801388 0.095577746077 3.979379 3.07648725212
0.0576592082616 0.095577746077 3.973439 3.10198300283
0.0584694754944 0.0970042796006 3.973342 3.10198300283
0.0578723404255 0.0970042796006 3.963656 3.13597733711
0.0586734693878 0.0984308131241 3.96266 3.13597733711
0.0584745762712 0.0984308131241 3.958225 3.14730878187
0.0592718035563 0.0998573466476 3.957278 3.14730878187
0.0585774058577 0.0998573466476 3.947784 3.18696883853
0.0585284280936 0.0998573466476 3.947133 3.18980169972
0.0581395348837 0.0998573466476 3.936919 3.21246458924
0.0580912863071 0.0998573466476 3.933722 3.21529745042
0.0577081615829 0.0998573466476 3.92862 3.23796033994
0.0576606260297 0.0998573466476 3.927505 3.24079320113
0.0570962479608 0.0998573466476 3.919794 3.27478753541
0.0578647106764 0.101283880171 3.916801 3.27478753541
0.0578175895765 0.101283880171 3.916641 3.2776203966
0.0585842148088 0.102710413695 3.914868 3.2776203966
0.0581583198708 0.102710413695 3.908477 3.30311614731
0.0589184826473 0.104136947218 3.907902 3.30311614731
0.0587761674718 0.104136947218 3.905628 3.31161473088
0.0587288817377 0.104136947218 3.902064 3.31444759207
0.0580286168521 0.104136947218 3.888791 3.35694050992
0.0579825258141 0.104136947218 3.886561 3.3597733711
0.0576619273302 0.104136947218 3.881518 3.37960339943
0.0576164167324 0.104136947218 3.879838 3.38243626062
0.0573899371069 0.104136947218 3.872113 3.39660056657
0.057344854674 0.104136947218 3.870707 3.39943342776
0.0568978955573 0.104136947218 3.852924 3.42776203966
0.0568535825545 0.104136947218 3.851882 3.43059490085
0.0566770186335 0.104136947218 3.846946 3.44192634561
0.0574088440652 0.105563480742 3.84637 3.44192634561
0.0571428571429 0.105563480742 3.837196 3.45892351275
0.0570987654321 0.105563480742 3.836862 3.46175637394
0.0570107858243 0.105563480742 3.834894 3.46742209632
0.0577367205543 0.106990014265 3.8335 3.46742209632
0.0576923076923 0.106990014265 3.833336 3.47025495751
0.0576479631053 0.106990014265 3.833144 3.4730878187
0.0570342205323 0.106990014265 3.818845 3.51274787535
0.0577507598784 0.108416547789 3.816511 3.51274787535
0.0574886535552 0.108416547789 3.804361 3.52974504249
0.0574452003023 0.108416547789 3.80389 3.53257790368
0.0568436798803 0.108416547789 3.78816 3.57223796034
0.0568011958146 0.108416547789 3.787966 3.57507082153
0.056129985229 0.108416547789 3.760643 3.62039660057
0.0560885608856 0.108416547789 3.760235 3.62322946176
0.0557593543654 0.108416547789 3.750413 3.64589235127
0.0557184750733 0.108416547789 3.74932 3.64872521246
0.0552727272727 0.108416547789 3.737064 3.67988668555
0.0552325581395 0.108416547789 3.732139 3.68271954674
0.055152394775 0.108416547789 3.729135 3.68838526912
0.0558375634518 0.109843081312 3.728731 3.68838526912
0.0548823948681 0.109843081312 3.69676 3.75637393768
0.0548433048433 0.109843081312 3.695991 3.75920679887
0.0545712260808 0.109843081312 3.691688 3.7790368272
0.0545325779037 0.109843081312 3.69101 3.78186968839
0.0540730337079 0.109843081312 3.679912 3.81586402266
0.0540350877193 0.109843081312 3.679524 3.81869688385
0.0536211699164 0.109843081312 3.67022 3.84985835694
0.053583855254 0.109843081312 3.669838 3.85269121813
0.0535465924896 0.109843081312 3.66975 3.85552407932
0.0542043085476 0.111269614836 3.66636 3.85552407932
0.0541290770298 0.111269614836 3.663747 3.8611898017
0.0540915395284 0.111269614836 3.663341 3.86402266289
0.0539419087137 0.111269614836 3.659433 3.87535410765
0.0539046302695 0.111269614836 3.65625 3.87818696884
0.0537931034483 0.111269614836 3.651836 3.88668555241
0.0537560303239 0.111269614836 3.650913 3.8895184136
0.0536082474227 0.111269614836 3.648841 3.90084985836
0.0535714285714 0.111269614836 3.648054 3.90368271955
0.0532423208191 0.111269614836 3.64274 3.92917847025
0.0532060027285 0.111269614836 3.641681 3.93201133144
0.0524193548387 0.111269614836 3.619922 3.99433427762
0.0530557421088 0.112696148359 3.619584 3.99433427762
0.0529845741113 0.112696148359 3.618547 4.0
0.0529490616622 0.112696148359 3.616532 4.00283286119
0.0525615435795 0.112696148359 3.603518 4.03399433428
0.0531914893617 0.114122681883 3.60259 4.03399433428
0.0527356624918 0.114122681883 3.588274 4.07082152975
0.0527009222661 0.114122681883 3.588148 4.07365439093
0.0522534291313 0.114122681883 3.57082 4.1104815864
0.0522193211488 0.114122681883 3.570317 4.11331444759
0.0521852576647 0.114122681883 3.569446 4.11614730878
0.0521512385919 0.114122681883 3.568856 4.11898016997
0.0521512385919 0.114122681883 3.568856 4.11898016997
0.0521172638436 0.114122681883 3.56787 4.12181303116
0.0520833333333 0.114122681883 3.56657 4.12464589235
0.0520494469746 0.114122681883 3.566537 4.12747875354
0.0519143413368 0.114122681883 3.563255 4.1388101983
0.0525291828794 0.115549215407 3.56233 4.1388101983
0.0520565552699 0.115549215407 3.550278 4.17847025496
0.0526653821452 0.11697574893 3.549138 4.17847025496
0.0526653821452 0.11697574893 3.549138 4.17847025496
0.0526315789474 0.11697574893 3.546911 4.18130311615
0.0526315789474 0.11697574893 3.546911 4.18130311615
0.0525978191148 0.11697574893 3.544304 4.18413597734
0.0525978191148 0.11697574893 3.544304 4.18413597734
0.0532051282051 0.118402282454 3.542414 4.18413597734
0.0527318932656 0.118402282454 3.532863 4.22379603399
0.0526984126984 0.118402282454 3.531989 4.22662889518
0.0525649145028 0.118402282454 3.527071 4.23796033994
0.053164556962 0.119828815977 3.524103 4.23796033994
0.0531309297913 0.119828815977 3.523225 4.24079320113
0.0537294563843 0.121255349501 3.521713 4.24079320113
0.0536955148452 0.121255349501 3.521653 4.24362606232
0.0536616161616 0.121255349501 3.521517 4.24645892351
0.053391959799 0.121255349501 3.514939 4.26912181303
0.053358443189 0.121255349501 3.513433 4.27195467422
0.0533249686324 0.121255349501 3.510896 4.27478753541
0.0532915360502 0.121255349501 3.508111 4.2776203966
0.0527950310559 0.121255349501 3.499649 4.32011331445
0.0527622594662 0.121255349501 3.498612 4.32294617564
0.0522433927474 0.121255349501 3.479055 4.36827195467
0.0522113022113 0.121255349501 3.478566 4.37110481586
0.0519242516799 0.121255349501 3.471412 4.39660056657
0.0518925518926 0.121255349501 3.466468 4.39943342776
0.0518925518926 0.121255349501 3.466468 4.39943342776
0.0518608907871 0.121255349501 3.464669 4.40226628895
0.0515151515152 0.121255349501 3.457828 4.43342776204
0.0514839491217 0.121255349501 3.457671 4.43626062323
0.0514527845036 0.121255349501 3.455559 4.43909348442
0.0520266182698 0.122681883024 3.455408 4.43909348442
0.0517137702946 0.122681883024 3.446226 4.46742209632
0.0516826923077 0.122681883024 3.445605 4.47025495751
0.0515278609946 0.122681883024 3.439476 4.48441926346
0.051497005988 0.122681883024 3.436884 4.48725212465
0.051497005988 0.122681883024 3.436884 4.48725212465
0.0514661879114 0.122681883024 3.43487 4.49008498584
0.0514661879114 0.122681883024 3.43487 4.49008498584
0.052033492823 0.124108416548 3.434711 4.49008498584
0.0519093078759 0.124108416548 3.432423 4.50141643059
0.0518783542039 0.124108416548 3.431631 4.50424929178
0.0518474374255 0.124108416548 3.430894 4.50708215297
0.0518165574747 0.124108416548 3.430685 4.50991501416
0.0510263929619 0.124108416548 3.407439 4.5835694051
0.0515826494725 0.125534950071 3.403879 4.5835694051
0.0509849362688 0.125534950071 3.388128 4.6402266289
0.0509554140127 0.125534950071 3.387666 4.64305949008
0.050837666089 0.125534950071 3.384036 4.65439093484
0.0508083140878 0.125534950071 3.383165 4.65722379603
0.0508083140878 0.125534950071 3.383165 4.65722379603
0.0507789959608 0.125534950071 3.383158 4.66005665722
0.0506329113924 0.125534950071 3.379462 4.67422096317
0.0506037952846 0.125534950071 3.379164 4.67705382436
0.0503720663995 0.125534950071 3.37465 4.69971671388
0.0509153318078 0.126961483595 3.374488 4.69971671388
0.0506257110353 0.126961483595 3.36512 4.72804532578
0.0505969300739 0.126961483595 3.364451 4.73087818697
0.0500562429696 0.126961483595 3.349772 4.78470254958
0.0500281056773 0.126961483595 3.347971 4.78753541076
0.0499158721256 0.126961483595 3.343801 4.79886685552
0.0498878923767 0.126961483595 3.342653 4.80169971671
0.0498599439776 0.126961483595 3.342187 4.8045325779
0.0498320268757 0.126961483595 3.340915 4.80736543909
0.0497484628284 0.126961483595 3.337325 4.81586402266
0.0502793296089 0.128388017118 3.337056 4.81586402266
0.0500556173526 0.128388017118 3.329888 4.83852691218
0.0505836575875 0.129814550642 3.329382 4.83852691218
0.0503318584071 0.129814550642 3.3192 4.86402266289
0.0508568269762 0.131241084165 3.319111 4.86402266289
0.0507726269316 0.131241084165 3.317392 4.87252124646
0.0507446221732 0.131241084165 3.316956 4.87535410765
0.0506887052342 0.131241084165 3.316719 4.88101983003
0.0506607929515 0.131241084165 3.316034 4.88385269122
0.0504109589041 0.131241084165 3.306092 4.90934844193
0.0509309967141 0.132667617689 3.304719 4.90934844193
0.0506811989101 0.132667617689 3.298374 4.93484419263
0.0506535947712 0.132667617689 3.294888 4.93767705382
0.0504885993485 0.132667617689 3.293344 4.95467422096
0.0510037981552 0.134094151213 3.291627 4.95467422096
0.0500266098989 0.134094151213 3.251055 5.0566572238
0.05 0.134094151213 3.249447 5.05949008499
0.0498145204028 0.134094151213 3.239916 5.07932011331
0.0497881355932 0.134094151213 3.23793 5.0821529745
0.0497354497354 0.134094151213 3.235642 5.08781869688
0.0497091485986 0.134094151213 3.23445 5.09065155807
0.0495519240907 0.134094151213 3.228038 5.10764872521
0.050052687039 0.135520684736 3.227681 5.10764872521
0.0498426023085 0.135520684736 3.221649 5.13031161473
0.0503408495018 0.13694721826 3.220819 5.13031161473
0.0500260552371 0.13694721826 3.208399 5.16430594901
0.05 0.13694721826 3.207733 5.1671388102
0.0490797546012 0.13694721826 3.164482 5.26912181303
0.0490546755238 0.13694721826 3.164071 5.27195467422
0.0490296220633 0.13694721826 3.16405 5.27478753541
0.0490045941807 0.13694721826 3.163544 5.2776203966
0.0485584218513 0.13694721826 3.146665 5.32861189802
0.0490394337715 0.138373751783 3.145328 5.32861189802
0.0487682252388 0.138373751783 3.131935 5.3597733711
0.0492462311558 0.139800285307 3.130546 5.3597733711
0.0491721023583 0.139800285307 3.12476 5.36827195467
0.049147442327 0.139800285307 3.124289 5.37110481586
0.049 0.139800285307 3.115583 5.388101983
0.0494752623688 0.14122681883 3.115191 5.388101983
0.0494505494505 0.14122681883 3.113564 5.39093484419
0.0499251123315 0.142653352354 3.113396 5.39093484419
0.0497760079642 0.142653352354 3.105298 5.40793201133
0.0497512437811 0.142653352354 3.105094 5.41076487252
0.0496770988574 0.142653352354 3.101313 5.41926345609
0.0496524329692 0.142653352354 3.100121 5.42209631728
0.0494804552202 0.142653352354 3.088124 5.44192634561
0.0494559841741 0.142653352354 3.087969 5.4447592068
0.04914004914 0.142653352354 3.075768 5.48158640227
0.049115913556 0.142653352354 3.075047 5.48441926346
0.0481695568401 0.142653352354 3.043484 5.59773371105
0.0481463649494 0.142653352354 3.041947 5.60056657224
0.0481463649494 0.142653352354 3.041947 5.60056657224
0.048604427334 0.144079885877 3.039381 5.60056657224
0.0481870229008 0.144079885877 3.024788 5.65155807365
0.0481640438722 0.144079885877 3.022171 5.65439093484
0.0481640438722 0.144079885877 3.022171 5.65439093484
0.0486177311725 0.145506419401 3.022003 5.65439093484
0.0482954545455 0.145506419401 3.013306 5.6940509915
0.0487458589683 0.146932952924 3.012877 5.6940509915
0.0485391140434 0.146932952924 3.003992 5.71954674221
0.0485162505888 0.146932952924 3.003697 5.7223796034
0.0485162505888 0.146932952924 3.003697 5.7223796034
0.0484934086629 0.146932952924 3.002546 5.72521246459
0.048243559719 0.146932952924 2.99162 5.75637393768
0.0482209737828 0.146932952924 2.991057 5.75920679887
0.0479292694276 0.146932952924 2.98123 5.79603399433
0.0483720930233 0.148359486448 2.980835 5.79603399433
0.0483271375465 0.148359486448 2.980697 5.80169971671
0.0487691593126 0.149786019971 2.97959 5.80169971671
0.0486787204451 0.149786019971 2.976845 5.81303116147
0.048656163114 0.149786019971 2.975955 5.81586402266
0.048032936871 0.149786019971 2.941307 5.89518413598
0.0480109739369 0.149786019971 2.941167 5.89801699717
0.0478359908884 0.149786019971 2.934544 5.92067988669
0.0478142076503 0.149786019971 2.933356 5.92351274788
0.0473826714801 0.149786019971 2.913167 5.98016997167
0.0473612990528 0.149786019971 2.912887 5.98300283286
0.0472122302158 0.149786019971 2.911612 6.00283286119
0.047191011236 0.149786019971 2.910857 6.00566572238
0.0468959356856 0.149786019971 2.900946 6.04532577904
0.046875 0.149786019971 2.90038 6.04815864023
0.046875 0.149786019971 2.90038 6.04815864023
0.0468540829987 0.149786019971 2.900015 6.05099150142
0.0468331846566 0.149786019971 2.899594 6.05382436261
0.0468123049487 0.149786019971 2.899323 6.0566572238
0.046749777382 0.149786019971 2.896682 6.06515580737
0.0467289719626 0.149786019971 2.895057 6.06798866856
0.0466045272969 0.149786019971 2.888281 6.08498583569
0.0470275066548 0.151212553495 2.88767 6.08498583569
0.0469234174413 0.151212553495 2.884018 6.09915014164
0.0469026548673 0.151212553495 2.883258 6.10198300283
0.0467991169978 0.151212553495 2.877532 6.11614730878
0.0467784642542 0.151212553495 2.876708 6.11898016997
0.0466138962181 0.151212553495 2.866988 6.14164305949
0.047032967033 0.152639087019 2.866784 6.14164305949
0.0467044958533 0.152639087019 2.855232 6.18696883853
0.0471204188482 0.154065620542 2.854799 6.18696883853
0.0469361147327 0.154065620542 2.84387 6.21246458924
0.0469157254561 0.154065620542 2.843837 6.21529745042
0.0468343451865 0.154065620542 2.842021 6.22662889518
0.0468140442133 0.154065620542 2.840008 6.22946175637
0.0461933276305 0.154065620542 2.807796 6.31728045326
0.0466011115861 0.155492154066 2.807766 6.31728045326
0.0463041631266 0.155492154066 2.786603 6.3597733711
0.0462845010616 0.155492154066 2.786595 6.36260623229
0.0460498521335 0.155492154066 2.77446 6.39660056657
0.0460304054054 0.155492154066 2.774403 6.39943342776
0.0458175704077 0.155492154066 2.757784 6.43059490085
0.0457983193277 0.155492154066 2.756898 6.43342776204
0.0457598656591 0.155492154066 2.755956 6.43909348442
0.0457406630298 0.155492154066 2.751152 6.44192634561
0.0457214765101 0.155492154066 2.751129 6.4447592068
0.0457023060797 0.155492154066 2.75005 6.44759206799
0.0455876202426 0.155492154066 2.743185 6.46458923513
0.0455685618729 0.155492154066 2.742687 6.46742209632
0.0453788509575 0.155492154066 2.726288 6.49575070822
0.0457761131918 0.156918687589 2.721851 6.49575070822
0.0455864069623 0.156918687589 2.705518 6.52407932011
0.0459817729909 0.158345221113 2.704819 6.52407932011
0.0458298926507 0.158345221113 2.701134 6.54674220963
0.0458109781263 0.158345221113 2.701022 6.54957507082
0.0455104551046 0.158345221113 2.681211 6.59490084986
0.0459016393443 0.159771754636 2.680793 6.59490084986
0.0444091990484 0.159771754636 2.597476 6.82719546742
0.0443915973048 0.159771754636 2.597013 6.83002832861
0.0443740095087 0.159771754636 2.594724 6.8328611898
0.0443564356436 0.159771754636 2.59067 6.83569405099
0.0443388756928 0.159771754636 2.589887 6.83852691218
0.0443213296399 0.159771754636 2.589592 6.84135977337
0.0442687747036 0.159771754636 2.583844 6.84985835694
0.0446463848281 0.16119828816 2.582784 6.84985835694
0.0442616529573 0.16119828816 2.558103 6.91218130312
0.0442443226312 0.16119828816 2.558103 6.91501416431
0.044140625 0.16119828816 2.555175 6.93201133144
0.0445138617727 0.162624821683 2.554851 6.93201133144
0.0444964871194 0.162624821683 2.554177 6.93484419263
0.0444791260242 0.162624821683 2.553048 6.93767705382
0.0440835266821 0.162624821683 2.538225 7.00283286119
0.0444530344028 0.164051355207 2.536826 7.00283286119
0.0439266615737 0.164051355207 2.51288 7.09065155807
0.0439098892707 0.164051355207 2.512438 7.09348441926
0.0438429279451 0.164051355207 2.504048 7.10481586402
0.0442073170732 0.16547788873 2.501141 7.10481586402
0.0437405731523 0.16547788873 2.47061 7.18413597734
0.0441010177158 0.166904422254 2.470288 7.18413597734
0.043984962406 0.166904422254 2.465094 7.20396600567
0.0443442314919 0.168330955777 2.464102 7.20396600567
0.044227886057 0.168330955777 2.455447 7.22379603399
0.0442113150993 0.168330955777 2.455388 7.22662889518
0.0441451552563 0.168330955777 2.450328 7.23796033994
0.044502617801 0.169757489301 2.449805 7.23796033994
0.0442543696541 0.169757489301 2.430931 7.28045325779
0.0442379182156 0.169757489301 2.430931 7.28328611898
0.0442379182156 0.169757489301 2.430931 7.28328611898
0.0445930880713 0.171184022825 2.428755 7.28328611898
0.0440852314475 0.171184022825 2.387663 7.37110481586
0.0440690414983 0.171184022825 2.384484 7.37393767705
0.043956043956 0.171184022825 2.376124 7.39376770538
0.0443061149762 0.172610556348 2.375269 7.39376770538
0.044208987943 0.172610556348 2.361508 7.41076487252
0.0441928414901 0.172610556348 2.360743 7.41359773371
0.0440640932265 0.172610556348 2.34699 7.43626062323
0.0444120859119 0.174037089872 2.345642 7.43626062323
0.0443152924083 0.174037089872 2.341464 7.45325779037
0.0446623093682 0.175463623395 2.339596 7.45325779037
0.0445329471398 0.175463623395 2.331566 7.47592067989
0.0448787549765 0.176890156919 2.330872 7.47592067989
0.044301536263 0.176890156919 2.296199 7.57790368272
0.0446428571429 0.178316690442 2.295788 7.57790368272
0.0443577004968 0.178316690442 2.27125 7.62889518414
0.0446967009578 0.179743223966 2.270233 7.62889518414
0.0445702157764 0.179743223966 2.259605 7.65155807365
0.0445544554455 0.179743223966 2.259448 7.65439093484
0.0444758206848 0.179743223966 2.254074 7.66855524079
0.04481298518 0.181169757489 2.252844 7.66855524079
0.0444522226111 0.181169757489 2.223869 7.73371104816
0.0444366689993 0.181169757489 2.223032 7.73654390935
0.0442508710801 0.181169757489 2.209956 7.77053824363
0.0442354580286 0.181169757489 2.208981 7.77337110482
0.0441739130435 0.181169757489 2.19946 7.78470254958
0.0441585535466 0.181169757489 2.199304 7.78753541076
0.0439903013509 0.181169757489 2.187027 7.81869688385
0.0443213296399 0.182596291013 2.185777 7.81869688385
0.0442447286554 0.182596291013 2.174849 7.8328611898
0.0442294402211 0.182596291013 2.173968 7.83569405099
0.0442294402211 0.182596291013 2.173968 7.83569405099
0.0442141623489 0.182596291013 2.173907 7.83852691218
0.0440923182914 0.182596291013 2.165444 7.8611898017
0.0440771349862 0.182596291013 2.162616 7.86402266289
0.0437457279563 0.182596291013 2.149916 7.92634560907
0.043730782371 0.182596291013 2.147663 7.92917847025
0.043656207367 0.182596291013 2.140552 7.9433427762
0.0439822707126 0.184022824536 2.140088 7.9433427762
0.0438924804355 0.184022824536 2.130341 7.96033994334
0.0438775510204 0.184022824536 2.128794 7.96317280453
0.0436400541272 0.184022824536 2.111622 8.00849858357
0.043625295908 0.184022824536 2.110216 8.01133144476
0.0435369557881 0.184022824536 2.105078 8.0283286119
0.0435222672065 0.184022824536 2.103288 8.03116147309
0.0435222672065 0.184022824536 2.103288 8.03116147309
0.0435075885329 0.184022824536 2.100998 8.03399433428
0.0431582469053 0.184022824536 2.073505 8.10198300283
0.043143812709 0.184022824536 2.070021 8.10481586402
0.0430861723447 0.184022824536 2.061567 8.11614730878
0.0434056761269 0.18544935806 2.058153 8.11614730878
0.0433622414943 0.18544935806 2.056883 8.12464589235
0.0433477825942 0.18544935806 2.047031 8.12747875354
0.0433477825942 0.18544935806 2.047031 8.12747875354
0.0433333333333 0.18544935806 2.046622 8.13031161473
0.0431750249087 0.18544935806 2.033948 8.16147308782
0.0434926958831 0.186875891583 2.033544 8.16147308782
0.043191559512 0.186875891583 2.009126 8.2209631728
0.0435069215557 0.188302425107 2.009019 8.2209631728
0.0435069215557 0.188302425107 2.009019 8.2209631728
0.0438220757825 0.189728958631 2.007135 8.2209631728
0.0435779816514 0.189728958631 1.967771 8.26912181303
0.0438912545038 0.191155492154 1.967395 8.26912181303
0.0438768827767 0.191155492154 1.967297 8.27195467422
0.0438625204583 0.191155492154 1.964893 8.27478753541
0.0438481675393 0.191155492154 1.964267 8.2776203966
0.0438338240105 0.191155492154 1.963892 8.28045325779
0.0437194127243 0.191155492154 1.956127 8.30311614731
0.0437051532942 0.191155492154 1.953629 8.3059490085
0.0434923726063 0.191155492154 1.935291 8.34844192635
0.0438027255029 0.192582025678 1.932862 8.34844192635
0.0435343437601 0.192582025678 1.906134 8.40226628895
0.0435203094778 0.192582025678 1.905909 8.40509915014
0.0434502735758 0.192582025678 1.902815 8.41926345609
0.0434362934363 0.192582025678 1.900035 8.42209631728
0.0434223222901 0.192582025678 1.898998 8.42492917847
0.0434083601286 0.192582025678 1.897481 8.42776203966
0.0430347465732 0.192582025678 1.835718 8.50424929178
0.0433397068196 0.194008559201 1.834861 8.50424929178
0.0427807486631 0.194008559201 1.784609 8.62039660057
0.0430817610063 0.195435092725 1.781346 8.62039660057
0.0430817610063 0.195435092725 1.781346 8.62039660057
0.0433825840931 0.196861626248 1.779575 8.62039660057
0.0431924882629 0.196861626248 1.748686 8.66005665722
0.043491864831 0.198288159772 1.747649 8.66005665722
0.0433562071117 0.198288159772 1.73169 8.68838526912
0.0433426878703 0.198288159772 1.731548 8.69121813031
0.043234836703 0.198288159772 1.719741 8.71388101983
0.0435323383085 0.199714693295 1.718868 8.71388101983
0.04329004329 0.199714693295 1.694944 8.76487252125
0.0435857805255 0.201141226819 1.693268 8.76487252125
0.0435319543069 0.201141226819 1.688494 8.77620396601
0.0435185185185 0.201141226819 1.68816 8.7790368272
0.0434648581998 0.201141226819 1.685532 8.79036827195
0.0437596302003 0.202567760342 1.684914 8.79036827195
0.0434915773354 0.202567760342 1.659588 8.84702549575
0.0434782608696 0.202567760342 1.658263 8.84985835694
0.0433720219914 0.202567760342 1.646396 8.87252124646
0.043358778626 0.202567760342 1.646026 8.87535410765
0.0431873479319 0.202567760342 1.623576 8.91218130312
0.0434782608696 0.203994293866 1.621614 8.91218130312
0.0434122647237 0.203994293866 1.611704 8.92634560907
0.0433990895296 0.203994293866 1.610843 8.92917847025
0.043359611886 0.203994293866 1.609351 8.93767705382
0.0433464686269 0.203994293866 1.609351 8.94050991501
0.0429558425954 0.203994293866 1.570913 9.02549575071
0.0429429429429 0.203994293866 1.570813 9.0283286119
0.0427759497457 0.203994293866 1.542823 9.06515580737
0.0427631578947 0.203994293866 1.539873 9.06798866856
0.042610250298 0.203994293866 1.519258 9.10198300283
0.0425975573429 0.203994293866 1.512827 9.10481586402
0.042445829623 0.203994293866 1.491658 9.1388101983
0.0427299703264 0.205420827389 1.491315 9.1388101983
0.0426035502959 0.205420827389 1.476503 9.1671388102
0.0425909494232 0.205420827389 1.473518 9.16997167139
0.0425783560024 0.205420827389 1.473295 9.17280453258
0.0425657700266 0.205420827389 1.472193 9.17563739377
0.042427813789 0.205420827389 1.44815 9.20679886686
0.0424153166421 0.205420827389 1.446602 9.20963172805
0.042303172738 0.205420827389 1.415656 9.23512747875
0.0422907488987 0.205420827389 1.41519 9.23796033994
0.0421669106881 0.205420827389 1.398643 9.26628895184
0.0424473067916 0.206847360913 1.394943 9.26628895184
0.0420777713291 0.206847360913 1.34523 9.35127478754
0.0423556715985 0.208273894437 1.341312 9.35127478754
0.0421965317919 0.208273894437 1.32071 9.388101983
0.0424732736203 0.20970042796 1.320538 9.388101983
0.042375324301 0.20970042796 1.301685 9.41076487252
0.0423631123919 0.20970042796 1.297063 9.41359773371
0.04222924447 0.20970042796 1.28413 9.4447592068
0.0422171165997 0.20970042796 1.281824 9.44759206799
0.0415488976823 0.20970042796 1.169928 9.60623229462
0.0418197230856 0.211126961484 1.168692 9.60623229462
0.0396570203644 0.211126961484 0.685368 10.1529745042
0.0399142780605 0.212553495007 0.68328 10.1529745042
0.0391590013141 0.212553495007 0.147964 10.3569405099
0.0391487125591 0.212553495007 0.082133 10.3597733711
