1.0 0.0 inf 0.0
1.0 0.00142653352354 8.291371 0.0
1.0 0.00142653352354 8.291371 0.0
1.0 0.00285306704708 8.219538 0.0
1.0 0.00285306704708 8.219538 0.0
0.666666666667 0.00285306704708 8.070675 0.0028328611898
0.666666666667 0.00285306704708 8.070675 0.0028328611898
0.75 0.00427960057061 7.964972 0.0028328611898
0.75 0.00427960057061 7.964972 0.0028328611898
0.6 0.00427960057061 7.876225 0.0056657223796
0.5 0.00427960057061 7.796017 0.00849858356941
0.428571428571 0.00427960057061 7.693444 0.0113314447592
0.428571428571 0.00427960057061 7.693444 0.0113314447592
0.375 0.00427960057061 7.690177 0.014164305949
0.375 0.00427960057061 7.690177 0.014164305949
0.333333333333 0.00427960057061 7.563789 0.0169971671388
0.333333333333 0.00427960057061 7.563789 0.0169971671388
0.3 0.00427960057061 7.555832 0.0198300283286
0.3 0.00427960057061 7.555832 0.0198300283286
0.272727272727 0.00427960057061 7.407397 0.0226628895184
0.25 0.00427960057061 7.272249 0.0254957507082
0.230769230769 0.00427960057061 7.1048 0.028328611898
0.230769230769 0.00427960057061 7.1048 0.028328611898
0.285714285714 0.00570613409415 7.079572 0.028328611898
0.285714285714 0.00570613409415 7.079572 0.028328611898
0.266666666667 0.00570613409415 7.06015 0.0311614730878
0.25 0.00570613409415 7.000637 0.0339943342776
0.294117647059 0.00713266761769 6.927991 0.0339943342776
0.294117647059 0.00713266761769 6.927991 0.0339943342776
0.277777777778 0.00713266761769 6.908783 0.0368271954674
0.277777777778 0.00713266761769 6.908783 0.0368271954674
0.315789473684 0.00855920114123 6.887176 0.0368271954674
0.315789473684 0.00855920114123 6.887176 0.0368271954674
0.35 0.00998573466476 6.88369 0.0368271954674
0.333333333333 0.00998573466476 6.867106 0.0396600566572
0.363636363636 0.0114122681883 6.854418 0.0396600566572
0.363636363636 0.0114122681883 6.854418 0.0396600566572
0.391304347826 0.0128388017118 6.819952 0.0396600566572
0.391304347826 0.0128388017118 6.819952 0.0396600566572
0.375 0.0128388017118 6.816095 0.042492917847
0.375 0.0128388017118 6.816095 0.042492917847
0.4 0.0142653352354 6.754408 0.042492917847
0.4 0.0142653352354 6.754408 0.042492917847
0.384615384615 0.0142653352354 6.747945 0.0453257790368
0.384615384615 0.0142653352354 6.747945 0.0453257790368
0.37037037037 0.0142653352354 6.737105 0.0481586402266
0.37037037037 0.0142653352354 6.737105 0.0481586402266
0.392857142857 0.0156918687589 6.735159 0.0481586402266
0.392857142857 0.0156918687589 6.735159 0.0481586402266
0.413793103448 0.0171184022825 6.715129 0.0481586402266
0.413793103448 0.0171184022825 6.715129 0.0481586402266
0.4 0.0171184022825 6.688231 0.0509915014164
0.4 0.0171184022825 6.688231 0.0509915014164
0.387096774194 0.0171184022825 6.6828 0.0538243626062
0.387096774194 0.0171184022825 6.6828 0.0538243626062
0.375 0.0171184022825 6.624092 0.056657223796
0.375 0.0171184022825 6.624092 0.056657223796
0.393939393939 0.018544935806 6.569338 0.056657223796
0.393939393939 0.018544935806 6.569338 0.056657223796
0.411764705882 0.0199714693295 6.559652 0.056657223796
0.378378378378 0.0199714693295 6.487401 0.0651558073654
0.368421052632 0.0199714693295 6.485345 0.0679886685552
0.341463414634 0.0199714693295 6.417323 0.0764872521246
0.333333333333 0.0199714693295 6.407683 0.0793201133144
0.333333333333 0.0199714693295 6.407683 0.0793201133144
0.348837209302 0.0213980028531 6.402267 0.0793201133144
0.348837209302 0.0213980028531 6.402267 0.0793201133144
0.340909090909 0.0213980028531 6.400698 0.0821529745042
0.340909090909 0.0213980028531 6.400698 0.0821529745042
0.355555555556 0.0228245363766 6.394212 0.0821529745042
0.355555555556 0.0228245363766 6.394212 0.0821529745042
0.347826086957 0.0228245363766 6.393093 0.0849858356941
0.347826086957 0.0228245363766 6.393093 0.0849858356941
0.340425531915 0.0228245363766 6.387722 0.0878186968839
0.340425531915 0.0228245363766 6.387722 0.0878186968839
0.333333333333 0.0228245363766 6.375211 0.0906515580737
0.333333333333 0.0228245363766 6.375211 0.0906515580737
0.34693877551 0.0242510699001 6.345255 0.0906515580737
0.34693877551 0.0242510699001 6.345255 0.0906515580737
0.36 0.0256776034237 6.322835 0.0906515580737
0.36 0.0256776034237 6.322835 0.0906515580737
0.372549019608 0.0271041369472 6.289186 0.0906515580737
0.372549019608 0.0271041369472 6.289186 0.0906515580737
0.365384615385 0.0271041369472 6.288799 0.0934844192635
0.365384615385 0.0271041369472 6.288799 0.0934844192635
0.377358490566 0.0285306704708 6.269044 0.0934844192635
0.37037037037 0.0285306704708 6.264436 0.0963172804533
0.363636363636 0.0285306704708 6.256859 0.0991501416431
0.363636363636 0.0285306704708 6.256859 0.0991501416431
0.357142857143 0.0285306704708 6.252108 0.101983002833
0.350877192982 0.0285306704708 6.250404 0.104815864023
0.344827586207 0.0285306704708 6.233 0.107648725212
0.344827586207 0.0285306704708 6.233 0.107648725212
0.338983050847 0.0285306704708 6.226061 0.110481586402
0.338983050847 0.0285306704708 6.226061 0.110481586402
0.333333333333 0.0285306704708 6.221665 0.113314447592
0.333333333333 0.0285306704708 6.221665 0.113314447592
0.327868852459 0.0285306704708 6.219319 0.116147308782
0.327868852459 0.0285306704708 6.219319 0.116147308782
0.322580645161 0.0285306704708 6.201356 0.118980169972
0.31746031746 0.0285306704708 6.200216 0.121813031161
0.3125 0.0285306704708 6.186824 0.124645892351
0.3125 0.0285306704708 6.186824 0.124645892351
0.307692307692 0.0285306704708 6.152752 0.127478753541
0.307692307692 0.0285306704708 6.152752 0.127478753541
0.30303030303 0.0285306704708 6.144224 0.130311614731
0.285714285714 0.0285306704708 6.120784 0.14164305949
0.295774647887 0.0299572039943 6.105542 0.14164305949
0.295774647887 0.0299572039943 6.105542 0.14164305949
0.291666666667 0.0299572039943 6.092681 0.14447592068
0.283783783784 0.0299572039943 6.090047 0.150141643059
0.28 0.0299572039943 6.075034 0.152974504249
0.28 0.0299572039943 6.075034 0.152974504249
0.276315789474 0.0299572039943 6.064007 0.155807365439
0.276315789474 0.0299572039943 6.064007 0.155807365439
0.285714285714 0.0313837375178 6.062234 0.155807365439
0.285714285714 0.0313837375178 6.062234 0.155807365439
0.282051282051 0.0313837375178 6.061408 0.158640226629
0.282051282051 0.0313837375178 6.061408 0.158640226629
0.291139240506 0.0328102710414 6.06089 0.158640226629
0.280487804878 0.0328102710414 6.045817 0.167138810198
0.289156626506 0.0342368045649 6.038332 0.167138810198
0.289156626506 0.0342368045649 6.038332 0.167138810198
0.285714285714 0.0342368045649 6.029336 0.169971671388
0.285714285714 0.0342368045649 6.029336 0.169971671388
0.282352941176 0.0342368045649 6.028984 0.172804532578
0.282352941176 0.0342368045649 6.028984 0.172804532578
0.279069767442 0.0342368045649 6.027798 0.175637393768
0.275862068966 0.0342368045649 6.019999 0.178470254958
0.272727272727 0.0342368045649 6.019601 0.181303116147
0.272727272727 0.0342368045649 6.019601 0.181303116147
0.280898876404 0.0356633380884 6.016278 0.181303116147
0.277777777778 0.0356633380884 6.006755 0.184135977337
0.274725274725 0.0356633380884 5.995688 0.186968838527
0.274725274725 0.0356633380884 5.995688 0.186968838527
0.282608695652 0.037089871612 5.98666 0.186968838527
0.273684210526 0.037089871612 5.964782 0.195467422096
0.28125 0.0385164051355 5.956417 0.195467422096
0.278350515464 0.0385164051355 5.925453 0.198300283286
0.275510204082 0.0385164051355 5.924299 0.201133144476
0.275510204082 0.0385164051355 5.924299 0.201133144476
0.282828282828 0.0399429386591 5.924083 0.201133144476
0.282828282828 0.0399429386591 5.924083 0.201133144476
0.28 0.0399429386591 5.907869 0.203966005666
0.277227722772 0.0399429386591 5.897809 0.206798866856
0.274509803922 0.0399429386591 5.894444 0.209631728045
0.274509803922 0.0399429386591 5.894444 0.209631728045
0.271844660194 0.0399429386591 5.89427 0.212464589235
0.271844660194 0.0399429386591 5.89427 0.212464589235
0.269230769231 0.0399429386591 5.888272 0.215297450425
0.266666666667 0.0399429386591 5.884876 0.218130311615
0.264150943396 0.0399429386591 5.877064 0.220963172805
0.264150943396 0.0399429386591 5.877064 0.220963172805
0.261682242991 0.0399429386591 5.862397 0.223796033994
0.261682242991 0.0399429386591 5.862397 0.223796033994
0.259259259259 0.0399429386591 5.856148 0.226628895184
0.254545454545 0.0399429386591 5.84696 0.232294617564
0.252252252252 0.0399429386591 5.828026 0.235127478754
0.252252252252 0.0399429386591 5.828026 0.235127478754
0.258928571429 0.0413694721826 5.82692 0.235127478754
0.258928571429 0.0413694721826 5.82692 0.235127478754
0.256637168142 0.0413694721826 5.823781 0.237960339943
0.254385964912 0.0413694721826 5.82224 0.240793201133
0.252173913043 0.0413694721826 5.810566 0.243626062323
0.247863247863 0.0413694721826 5.794894 0.249291784703
0.245762711864 0.0413694721826 5.762937 0.252124645892
0.243697478992 0.0413694721826 5.745807 0.254957507082
0.241666666667 0.0413694721826 5.744599 0.257790368272
0.241666666667 0.0413694721826 5.744599 0.257790368272
0.239669421488 0.0413694721826 5.737673 0.260623229462
0.239669421488 0.0413694721826 5.737673 0.260623229462
0.237704918033 0.0413694721826 5.736649 0.263456090652
0.237704918033 0.0413694721826 5.736649 0.263456090652
0.243902439024 0.0427960057061 5.732076 0.263456090652
0.243902439024 0.0427960057061 5.732076 0.263456090652
0.25 0.0442225392297 5.728032 0.263456090652
0.248 0.0442225392297 5.720938 0.266288951841
0.253968253968 0.0456490727532 5.719661 0.266288951841
0.253968253968 0.0456490727532 5.719661 0.266288951841
0.259842519685 0.0470756062767 5.713117 0.266288951841
0.259842519685 0.0470756062767 5.713117 0.266288951841
0.2578125 0.0470756062767 5.70949 0.269121813031
0.25 0.0470756062767 5.695018 0.28045325779
0.248120300752 0.0470756062767 5.694095 0.28328611898
0.248120300752 0.0470756062767 5.694095 0.28328611898
0.246268656716 0.0470756062767 5.692473 0.28611898017
0.242647058824 0.0470756062767 5.684096 0.29178470255
0.240875912409 0.0470756062767 5.661188 0.294617563739
0.240875912409 0.0470756062767 5.661188 0.294617563739
0.239130434783 0.0470756062767 5.65931 0.297450424929
0.234042553191 0.0470756062767 5.639139 0.305949008499
0.232394366197 0.0470756062767 5.622062 0.308781869688
0.232394366197 0.0470756062767 5.622062 0.308781869688
0.230769230769 0.0470756062767 5.617164 0.311614730878
0.229166666667 0.0470756062767 5.616542 0.314447592068
0.234482758621 0.0485021398003 5.613279 0.314447592068
0.234482758621 0.0485021398003 5.613279 0.314447592068
0.232876712329 0.0485021398003 5.610716 0.317280453258
0.232876712329 0.0485021398003 5.610716 0.317280453258
0.231292517007 0.0485021398003 5.610582 0.320113314448
0.231292517007 0.0485021398003 5.610582 0.320113314448
0.22972972973 0.0485021398003 5.604775 0.322946175637
0.22972972973 0.0485021398003 5.604775 0.322946175637
0.228187919463 0.0485021398003 5.601561 0.325779036827
0.228187919463 0.0485021398003 5.601561 0.325779036827
0.226666666667 0.0485021398003 5.599768 0.328611898017
0.220779220779 0.0485021398003 5.570975 0.339943342776
0.225806451613 0.0499286733238 5.556247 0.339943342776
0.224358974359 0.0499286733238 5.552276 0.342776203966
0.222929936306 0.0499286733238 5.532256 0.345609065156
0.222929936306 0.0499286733238 5.532256 0.345609065156
0.221518987342 0.0499286733238 5.531204 0.348441926346
0.216049382716 0.0499286733238 5.511866 0.359773371105
0.21472392638 0.0499286733238 5.510045 0.362606232295
0.21472392638 0.0499286733238 5.510045 0.362606232295
0.219512195122 0.0513552068474 5.483197 0.362606232295
0.218181818182 0.0513552068474 5.474093 0.365439093484
0.21686746988 0.0513552068474 5.472769 0.368271954674
0.21686746988 0.0513552068474 5.472769 0.368271954674
0.215568862275 0.0513552068474 5.462282 0.371104815864
0.215568862275 0.0513552068474 5.462282 0.371104815864
0.220238095238 0.0527817403709 5.458563 0.371104815864
0.218934911243 0.0527817403709 5.451711 0.373937677054
0.217647058824 0.0527817403709 5.437938 0.376770538244
0.216374269006 0.0527817403709 5.429698 0.379603399433
0.21511627907 0.0527817403709 5.409029 0.382436260623
0.21387283237 0.0527817403709 5.398086 0.385269121813
0.212643678161 0.0527817403709 5.396433 0.388101983003
0.212643678161 0.0527817403709 5.396433 0.388101983003
0.217142857143 0.0542082738944 5.395216 0.388101983003
0.215909090909 0.0542082738944 5.393498 0.390934844193
0.214689265537 0.0542082738944 5.382966 0.393767705382
0.213483146067 0.0542082738944 5.377749 0.396600566572
0.217877094972 0.055634807418 5.377635 0.396600566572
0.216666666667 0.055634807418 5.372107 0.399433427762
0.220994475138 0.0570613409415 5.372085 0.399433427762
0.218579234973 0.0570613409415 5.36331 0.405099150142
0.222826086957 0.058487874465 5.358857 0.405099150142
0.222826086957 0.058487874465 5.358857 0.405099150142
0.221621621622 0.058487874465 5.358159 0.407932011331
0.221621621622 0.058487874465 5.358159 0.407932011331
0.220430107527 0.058487874465 5.356532 0.410764872521
0.220430107527 0.058487874465 5.356532 0.410764872521
0.219251336898 0.058487874465 5.356451 0.413597733711
0.218085106383 0.058487874465 5.350152 0.416430594901
0.222222222222 0.0599144079886 5.343637 0.416430594901
0.221052631579 0.0599144079886 5.335126 0.419263456091
0.219895287958 0.0599144079886 5.335098 0.42209631728
0.219895287958 0.0599144079886 5.335098 0.42209631728
0.21875 0.0599144079886 5.328309 0.42492917847
0.215384615385 0.0599144079886 5.25569 0.43342776204
0.219387755102 0.0613409415121 5.242216 0.43342776204
0.219387755102 0.0613409415121 5.242216 0.43342776204
0.218274111675 0.0613409415121 5.238825 0.436260623229
0.218274111675 0.0613409415121 5.238825 0.436260623229
0.222222222222 0.0627674750357 5.233159 0.436260623229
0.222222222222 0.0627674750357 5.233159 0.436260623229
0.221105527638 0.0627674750357 5.228734 0.439093484419
0.221105527638 0.0627674750357 5.228734 0.439093484419
0.22 0.0627674750357 5.221837 0.441926345609
0.22 0.0627674750357 5.221837 0.441926345609
0.218905472637 0.0627674750357 5.216179 0.444759206799
0.214634146341 0.0627674750357 5.195689 0.456090651558
0.218446601942 0.0641940085592 5.191051 0.456090651558
0.215311004785 0.0641940085592 5.175591 0.464589235127
0.219047619048 0.0656205420827 5.168798 0.464589235127
0.219047619048 0.0656205420827 5.168798 0.464589235127
0.222748815166 0.0670470756063 5.158311 0.464589235127
0.222748815166 0.0670470756063 5.158311 0.464589235127
0.221698113208 0.0670470756063 5.157761 0.467422096317
0.220657276995 0.0670470756063 5.151902 0.470254957507
0.224299065421 0.0684736091298 5.147794 0.470254957507
0.222222222222 0.0684736091298 5.139813 0.475920679887
0.221198156682 0.0684736091298 5.139175 0.478753541076
0.221198156682 0.0684736091298 5.139175 0.478753541076
0.224770642202 0.0699001426534 5.133389 0.478753541076
0.224770642202 0.0699001426534 5.133389 0.478753541076
0.223744292237 0.0699001426534 5.121076 0.481586402266
0.223744292237 0.0699001426534 5.121076 0.481586402266
0.222727272727 0.0699001426534 5.106531 0.484419263456
0.221719457014 0.0699001426534 5.104505 0.487252124646
0.220720720721 0.0699001426534 5.103874 0.490084985836
0.220720720721 0.0699001426534 5.103874 0.490084985836
0.219730941704 0.0699001426534 5.101797 0.492917847025
0.219730941704 0.0699001426534 5.101797 0.492917847025
0.21875 0.0699001426534 5.096367 0.495750708215
0.21875 0.0699001426534 5.096367 0.495750708215
0.217777777778 0.0699001426534 5.093149 0.498583569405
0.215859030837 0.0699001426534 5.077454 0.504249291785
0.214912280702 0.0699001426534 5.076005 0.507082152975
0.213973799127 0.0699001426534 5.075753 0.509915014164
0.217391304348 0.0713266761769 5.070544 0.509915014164
0.217391304348 0.0713266761769 5.070544 0.509915014164
0.21645021645 0.0713266761769 5.068052 0.512747875354
0.215517241379 0.0713266761769 5.067905 0.515580736544
0.214592274678 0.0713266761769 5.067389 0.518413597734
0.214592274678 0.0713266761769 5.067389 0.518413597734
0.213675213675 0.0713266761769 5.061699 0.521246458924
0.213675213675 0.0713266761769 5.061699 0.521246458924
0.212765957447 0.0713266761769 5.051741 0.524079320113
0.212765957447 0.0713266761769 5.051741 0.524079320113
0.21186440678 0.0713266761769 5.044106 0.526912181303
0.210970464135 0.0713266761769 5.028778 0.529745042493
0.210084033613 0.0713266761769 5.020906 0.532577903683
0.209205020921 0.0713266761769 5.011837 0.535410764873
0.208333333333 0.0713266761769 5.011616 0.538243626062
0.208333333333 0.0713266761769 5.011616 0.538243626062
0.211618257261 0.0727532097004 5.008893 0.538243626062
0.20987654321 0.0727532097004 4.993182 0.543909348442
0.209016393443 0.0727532097004 4.986746 0.546742209632
0.209016393443 0.0727532097004 4.986746 0.546742209632
0.208163265306 0.0727532097004 4.977897 0.549575070822
0.20564516129 0.0727532097004 4.966829 0.558073654391
0.204819277108 0.0727532097004 4.966801 0.560906515581
0.204 0.0727532097004 4.946583 0.563739376771
0.203187250996 0.0727532097004 4.944506 0.56657223796
0.202380952381 0.0727532097004 4.938028 0.56940509915
0.201581027668 0.0727532097004 4.935122 0.57223796034
0.200787401575 0.0727532097004 4.934893 0.57507082153
0.2 0.0727532097004 4.93171 0.57790368272
0.2 0.0727532097004 4.93171 0.57790368272
0.19921875 0.0727532097004 4.922493 0.580736543909
0.197674418605 0.0727532097004 4.914765 0.586402266289
0.200772200772 0.074179743224 4.9127 0.586402266289
0.200772200772 0.074179743224 4.9127 0.586402266289
0.2 0.074179743224 4.905573 0.589235127479
0.199233716475 0.074179743224 4.896851 0.592067988669
0.198473282443 0.074179743224 4.896461 0.594900849858
0.198473282443 0.074179743224 4.896461 0.594900849858
0.197718631179 0.074179743224 4.892778 0.597733711048
0.19696969697 0.074179743224 4.892328 0.600566572238
0.196226415094 0.074179743224 4.888613 0.603399433428
0.196226415094 0.074179743224 4.888613 0.603399433428
0.195488721805 0.074179743224 4.886931 0.606232294618
0.195488721805 0.074179743224 4.886931 0.606232294618
0.198501872659 0.0756062767475 4.88021 0.606232294618
0.198501872659 0.0756062767475 4.88021 0.606232294618
0.19776119403 0.0756062767475 4.876541 0.609065155807
0.19776119403 0.0756062767475 4.876541 0.609065155807
0.200743494424 0.077032810271 4.866752 0.609065155807
0.2 0.077032810271 4.858504 0.611898016997
0.19926199262 0.077032810271 4.855028 0.614730878187
0.19926199262 0.077032810271 4.855028 0.614730878187
0.202205882353 0.0784593437946 4.853056 0.614730878187
0.202205882353 0.0784593437946 4.853056 0.614730878187
0.201465201465 0.0784593437946 4.850674 0.617563739377
0.201465201465 0.0784593437946 4.850674 0.617563739377
0.200729927007 0.0784593437946 4.849672 0.620396600567
0.200729927007 0.0784593437946 4.849672 0.620396600567
0.2 0.0784593437946 4.848712 0.623229461756
0.199275362319 0.0784593437946 4.845655 0.626062322946
0.202166064982 0.0798858773181 4.829668 0.626062322946
0.202166064982 0.0798858773181 4.829668 0.626062322946
0.201438848921 0.0798858773181 4.829265 0.628895184136
0.201438848921 0.0798858773181 4.829265 0.628895184136
0.204301075269 0.0813124108417 4.827268 0.628895184136
0.204301075269 0.0813124108417 4.827268 0.628895184136
0.207142857143 0.0827389443652 4.826434 0.628895184136
0.207142857143 0.0827389443652 4.826434 0.628895184136
0.209964412811 0.0841654778887 4.825532 0.628895184136
0.209964412811 0.0841654778887 4.825532 0.628895184136
0.212765957447 0.0855920114123 4.822018 0.628895184136
0.212765957447 0.0855920114123 4.822018 0.628895184136
0.212014134276 0.0855920114123 4.821144 0.631728045326
0.212014134276 0.0855920114123 4.821144 0.631728045326
0.211267605634 0.0855920114123 4.818174 0.634560906516
0.211267605634 0.0855920114123 4.818174 0.634560906516
0.210526315789 0.0855920114123 4.810177 0.637393767705
0.20979020979 0.0855920114123 4.806392 0.640226628895
0.209059233449 0.0855920114123 4.805226 0.643059490085
0.207612456747 0.0855920114123 4.79368 0.648725212465
0.206896551724 0.0855920114123 4.791895 0.651558073654
0.206896551724 0.0855920114123 4.791895 0.651558073654
0.209621993127 0.0870185449358 4.789999 0.651558073654
0.209621993127 0.0870185449358 4.789999 0.651558073654
0.208904109589 0.0870185449358 4.780691 0.654390934844
0.208904109589 0.0870185449358 4.780691 0.654390934844
0.20819112628 0.0870185449358 4.778714 0.657223796034
0.20819112628 0.0870185449358 4.778714 0.657223796034
0.210884353741 0.0884450784593 4.772845 0.657223796034
0.210884353741 0.0884450784593 4.772845 0.657223796034
0.210169491525 0.0884450784593 4.761674 0.660056657224
0.210169491525 0.0884450784593 4.761674 0.660056657224
0.209459459459 0.0884450784593 4.760997 0.662889518414
0.209459459459 0.0884450784593 4.760997 0.662889518414
0.208754208754 0.0884450784593 4.757118 0.665722379603
0.208754208754 0.0884450784593 4.757118 0.665722379603
0.208053691275 0.0884450784593 4.756681 0.668555240793
0.208053691275 0.0884450784593 4.756681 0.668555240793
0.210702341137 0.0898716119829 4.756231 0.668555240793
0.210702341137 0.0898716119829 4.756231 0.668555240793
0.21 0.0898716119829 4.746759 0.671388101983
0.21 0.0898716119829 4.746759 0.671388101983
0.209302325581 0.0898716119829 4.743453 0.674220963173
0.209302325581 0.0898716119829 4.743453 0.674220963173
0.211920529801 0.0912981455064 4.740794 0.674220963173
0.211920529801 0.0912981455064 4.740794 0.674220963173
0.214521452145 0.09272467903 4.729172 0.674220963173
0.214521452145 0.09272467903 4.729172 0.674220963173
0.213815789474 0.09272467903 4.726093 0.677053824363
0.213815789474 0.09272467903 4.726093 0.677053824363
0.216393442623 0.0941512125535 4.720172 0.677053824363
0.216393442623 0.0941512125535 4.720172 0.677053824363
0.21568627451 0.0941512125535 4.715037 0.679886685552
0.21568627451 0.0941512125535 4.715037 0.679886685552
0.214983713355 0.0941512125535 4.714053 0.682719546742
0.214285714286 0.0941512125535 4.713749 0.685552407932
0.216828478964 0.095577746077 4.713708 0.685552407932
0.216828478964 0.095577746077 4.713708 0.685552407932
0.216129032258 0.095577746077 4.712801 0.688385269122
0.215434083601 0.095577746077 4.703435 0.691218130312
0.214743589744 0.095577746077 4.702786 0.694050991501
0.214057507987 0.095577746077 4.696043 0.696883852691
0.213375796178 0.095577746077 4.695491 0.699716713881
0.212698412698 0.095577746077 4.68724 0.702549575071
0.215189873418 0.0970042796006 4.684259 0.702549575071
0.214511041009 0.0970042796006 4.683941 0.705382436261
0.213836477987 0.0970042796006 4.678027 0.70821529745
0.213836477987 0.0970042796006 4.678027 0.70821529745
0.213166144201 0.0970042796006 4.676584 0.71104815864
0.2125 0.0970042796006 4.657128 0.71388101983
0.211838006231 0.0970042796006 4.652642 0.71671388102
0.210526315789 0.0970042796006 4.64706 0.722379603399
0.212962962963 0.0984308131241 4.637122 0.722379603399
0.212962962963 0.0984308131241 4.637122 0.722379603399
0.212307692308 0.0984308131241 4.635531 0.725212464589
0.211656441718 0.0984308131241 4.622141 0.728045325779
0.211009174312 0.0984308131241 4.618017 0.730878186969
0.211009174312 0.0984308131241 4.618017 0.730878186969
0.210365853659 0.0984308131241 4.615955 0.733711048159
0.210365853659 0.0984308131241 4.615955 0.733711048159
0.209726443769 0.0984308131241 4.615618 0.736543909348
0.209726443769 0.0984308131241 4.615618 0.736543909348
0.209090909091 0.0984308131241 4.611108 0.739376770538
0.208459214502 0.0984308131241 4.610162 0.742209631728
0.207831325301 0.0984308131241 4.608847 0.745042492918
0.207207207207 0.0984308131241 4.607657 0.747875354108
0.209580838323 0.0998573466476 4.607058 0.747875354108
0.209580838323 0.0998573466476 4.607058 0.747875354108
0.208955223881 0.0998573466476 4.604207 0.750708215297
0.207715133531 0.0998573466476 4.601923 0.756373937677
0.210059171598 0.101283880171 4.598575 0.756373937677
0.209439528024 0.101283880171 4.594089 0.759206798867
0.208823529412 0.101283880171 4.58936 0.762039660057
0.208823529412 0.101283880171 4.58936 0.762039660057
0.211143695015 0.102710413695 4.586843 0.762039660057
0.211143695015 0.102710413695 4.586843 0.762039660057
0.210526315789 0.102710413695 4.585751 0.764872521246
0.210526315789 0.102710413695 4.585751 0.764872521246
0.209912536443 0.102710413695 4.583241 0.767705382436
0.209302325581 0.102710413695 4.581316 0.770538243626
0.208695652174 0.102710413695 4.578656 0.773371104816
0.208695652174 0.102710413695 4.578656 0.773371104816
0.21098265896 0.104136947218 4.575622 0.773371104816
0.21098265896 0.104136947218 4.575622 0.773371104816
0.210374639769 0.104136947218 4.567425 0.776203966006
0.210374639769 0.104136947218 4.567425 0.776203966006
0.209770114943 0.104136947218 4.565058 0.779036827195
0.209770114943 0.104136947218 4.565058 0.779036827195
0.212034383954 0.105563480742 4.561612 0.779036827195
0.210826210826 0.105563480742 4.55804 0.784702549575
0.210227272727 0.105563480742 4.554513 0.787535410765
0.210227272727 0.105563480742 4.554513 0.787535410765
0.212464589235 0.106990014265 4.55169 0.787535410765
0.212464589235 0.106990014265 4.55169 0.787535410765
0.21186440678 0.106990014265 4.543872 0.790368271955
0.21186440678 0.106990014265 4.543872 0.790368271955
0.211267605634 0.106990014265 4.542033 0.793201133144
0.210084033613 0.106990014265 4.539537 0.798866855524
0.209497206704 0.106990014265 4.535231 0.801699716714
0.209497206704 0.106990014265 4.535231 0.801699716714
0.208913649025 0.106990014265 4.534005 0.804532577904
0.207756232687 0.106990014265 4.526001 0.810198300283
0.207182320442 0.106990014265 4.522038 0.813031161473
0.207182320442 0.106990014265 4.522038 0.813031161473
0.206611570248 0.106990014265 4.512169 0.815864022663
0.206043956044 0.106990014265 4.509887 0.818696883853
0.205479452055 0.106990014265 4.507179 0.821529745042
0.204918032787 0.106990014265 4.506058 0.824362606232
0.204359673025 0.106990014265 4.502546 0.827195467422
0.204359673025 0.106990014265 4.502546 0.827195467422
0.20652173913 0.108416547789 4.499281 0.827195467422
0.205962059621 0.108416547789 4.493357 0.830028328612
0.205405405405 0.108416547789 4.490467 0.832861189802
0.204851752022 0.108416547789 4.485847 0.835694050992
0.204301075269 0.108416547789 4.483846 0.838526912181
0.204301075269 0.108416547789 4.483846 0.838526912181
0.206434316354 0.109843081312 4.483235 0.838526912181
0.205882352941 0.109843081312 4.482715 0.841359773371
0.208 0.111269614836 4.481683 0.841359773371
0.207446808511 0.111269614836 4.480489 0.844192634561
0.206896551724 0.111269614836 4.475493 0.847025495751
0.206349206349 0.111269614836 4.474899 0.849858356941
0.20580474934 0.111269614836 4.471666 0.85269121813
0.20580474934 0.111269614836 4.471666 0.85269121813
0.207894736842 0.112696148359 4.471466 0.85269121813
0.207894736842 0.112696148359 4.471466 0.85269121813
0.207349081365 0.112696148359 4.469515 0.85552407932
0.205194805195 0.112696148359 4.459638 0.866855524079
0.204663212435 0.112696148359 4.459047 0.869688385269
0.204663212435 0.112696148359 4.459047 0.869688385269
0.206718346253 0.114122681883 4.45606 0.869688385269
0.20618556701 0.114122681883 4.453285 0.872521246459
0.205655526992 0.114122681883 4.450235 0.875354107649
0.205655526992 0.114122681883 4.450235 0.875354107649
0.205128205128 0.114122681883 4.444843 0.878186968839
0.205128205128 0.114122681883 4.444843 0.878186968839
0.204603580563 0.114122681883 4.443816 0.881019830028
0.203562340967 0.114122681883 4.439342 0.886685552408
0.205583756345 0.115549215407 4.431594 0.886685552408
0.2040302267 0.115549215407 4.427176 0.895184135977
0.206030150754 0.11697574893 4.425071 0.895184135977
0.206030150754 0.11697574893 4.425071 0.895184135977
0.205513784461 0.11697574893 4.417182 0.898016997167
0.205 0.11697574893 4.41505 0.900849858357
0.204488778055 0.11697574893 4.414732 0.903682719547
0.20297029703 0.11697574893 4.400822 0.912181303116
0.202469135802 0.11697574893 4.392717 0.915014164306
0.200980392157 0.11697574893 4.382547 0.923512747875
0.200488997555 0.11697574893 4.381434 0.926345609065
0.200488997555 0.11697574893 4.381434 0.926345609065
0.20243902439 0.118402282454 4.376371 0.926345609065
0.20243902439 0.118402282454 4.376371 0.926345609065
0.201946472019 0.118402282454 4.36826 0.929178470255
0.201946472019 0.118402282454 4.36826 0.929178470255
0.20145631068 0.118402282454 4.361254 0.932011331445
0.20145631068 0.118402282454 4.361254 0.932011331445
0.200968523002 0.118402282454 4.359547 0.934844192635
0.200968523002 0.118402282454 4.359547 0.934844192635
0.200483091787 0.118402282454 4.358778 0.937677053824
0.200483091787 0.118402282454 4.358778 0.937677053824
0.202409638554 0.119828815977 4.353463 0.937677053824
0.201923076923 0.119828815977 4.339876 0.940509915014
0.201438848921 0.119828815977 4.336722 0.943342776204
0.200477326969 0.119828815977 4.330321 0.949008498584
0.202380952381 0.121255349501 4.323232 0.949008498584
0.202380952381 0.121255349501 4.323232 0.949008498584
0.20190023753 0.121255349501 4.320813 0.951841359773
0.200945626478 0.121255349501 4.318286 0.957507082153
0.200471698113 0.121255349501 4.317845 0.960339943343
0.200471698113 0.121255349501 4.317845 0.960339943343
0.2 0.121255349501 4.311217 0.963172804533
0.2 0.121255349501 4.311217 0.963172804533
0.199530516432 0.121255349501 4.30729 0.966005665722
0.199530516432 0.121255349501 4.30729 0.966005665722
0.19906323185 0.121255349501 4.306002 0.968838526912
0.19906323185 0.121255349501 4.306002 0.968838526912
0.200934579439 0.122681883024 4.29415 0.968838526912
0.199535962877 0.122681883024 4.291036 0.977337110482
0.199074074074 0.122681883024 4.290981 0.980169971671
0.199074074074 0.122681883024 4.290981 0.980169971671
0.200923787529 0.124108416548 4.289337 0.980169971671
0.200923787529 0.124108416548 4.289337 0.980169971671
0.200460829493 0.124108416548 4.286326 0.983002832861
0.199084668192 0.124108416548 4.276205 0.991501416431
0.198630136986 0.124108416548 4.270345 0.99433427762
0.198630136986 0.124108416548 4.270345 0.99433427762
0.200455580866 0.125534950071 4.265343 0.99433427762
0.200455580866 0.125534950071 4.265343 0.99433427762
0.2 0.125534950071 4.25811 0.99716713881
0.2 0.125534950071 4.25811 0.99716713881
0.201814058957 0.126961483595 4.255419 0.99716713881
0.200902934537 0.126961483595 4.24866 1.00283286119
0.20045045045 0.126961483595 4.24507 1.00566572238
0.199551569507 0.126961483595 4.232697 1.01133144476
0.201342281879 0.128388017118 4.218696 1.01133144476
0.200445434298 0.128388017118 4.217436 1.01699716714
0.2 0.128388017118 4.210662 1.01983002833
0.19955654102 0.128388017118 4.209986 1.02266288952
0.199115044248 0.128388017118 4.209366 1.02549575071
0.197802197802 0.128388017118 4.191085 1.03399433428
0.197368421053 0.128388017118 4.187893 1.03682719547
0.196506550218 0.128388017118 4.187479 1.04249291785
0.19825708061 0.129814550642 4.174846 1.04249291785
0.19825708061 0.129814550642 4.174846 1.04249291785
0.197826086957 0.129814550642 4.174526 1.04532577904
0.197826086957 0.129814550642 4.174526 1.04532577904
0.199566160521 0.131241084165 4.173911 1.04532577904
0.198704103672 0.131241084165 4.17045 1.05099150142
0.200431034483 0.132667617689 4.169801 1.05099150142
0.200431034483 0.132667617689 4.169801 1.05099150142
0.2 0.132667617689 4.16593 1.05382436261
0.2 0.132667617689 4.16593 1.05382436261
0.201716738197 0.134094151213 4.161801 1.05382436261
0.201716738197 0.134094151213 4.161801 1.05382436261
0.201284796574 0.134094151213 4.161146 1.0566572238
0.201284796574 0.134094151213 4.161146 1.0566572238
0.200854700855 0.134094151213 4.160034 1.05949008499
0.200854700855 0.134094151213 4.160034 1.05949008499
0.200426439232 0.134094151213 4.159729 1.06232294618
0.198731501057 0.134094151213 4.147002 1.07365439093
0.200421940928 0.135520684736 4.145245 1.07365439093
0.200421940928 0.135520684736 4.145245 1.07365439093
0.2 0.135520684736 4.143867 1.07648725212
0.2 0.135520684736 4.143867 1.07648725212
0.199579831933 0.135520684736 4.139164 1.07932011331
0.198329853862 0.135520684736 4.130148 1.08781869688
0.197916666667 0.135520684736 4.1274 1.09065155807
0.197095435685 0.135520684736 4.12095 1.09631728045
0.1966873706 0.135520684736 4.115332 1.09915014164
0.1966873706 0.135520684736 4.115332 1.09915014164
0.198347107438 0.13694721826 4.114303 1.09915014164
0.197530864198 0.13694721826 4.113587 1.10481586402
0.197125256674 0.13694721826 4.109108 1.10764872521
0.197125256674 0.13694721826 4.109108 1.10764872521
0.198770491803 0.138373751783 4.104737 1.10764872521
0.198770491803 0.138373751783 4.104737 1.10764872521
0.19836400818 0.138373751783 4.103059 1.1104815864
0.197959183673 0.138373751783 4.101325 1.11331444759
0.197556008147 0.138373751783 4.100767 1.11614730878
0.197154471545 0.138373751783 4.099872 1.11898016997
0.196754563895 0.138373751783 4.098633 1.12181303116
0.196754563895 0.138373751783 4.098633 1.12181303116
0.198380566802 0.139800285307 4.094247 1.12181303116
0.19797979798 0.139800285307 4.090913 1.12464589235
0.197580645161 0.139800285307 4.090878 1.12747875354
0.197183098592 0.139800285307 4.090457 1.13031161473
0.196787148594 0.139800285307 4.088547 1.13314447592
0.196392785571 0.139800285307 4.085585 1.13597733711
0.196 0.139800285307 4.080525 1.1388101983
0.195608782435 0.139800285307 4.077149 1.14164305949
0.195219123506 0.139800285307 4.076483 1.14447592068
0.194059405941 0.139800285307 4.072255 1.15297450425
0.193675889328 0.139800285307 4.067383 1.15580736544
0.193293885602 0.139800285307 4.06653 1.15864022663
0.192913385827 0.139800285307 4.058653 1.16147308782
0.192913385827 0.139800285307 4.058653 1.16147308782
0.192534381139 0.139800285307 4.058134 1.16430594901
0.192534381139 0.139800285307 4.058134 1.16430594901
0.192156862745 0.139800285307 4.055255 1.1671388102
0.19140625 0.139800285307 4.051313 1.17280453258
0.19298245614 0.14122681883 4.05081 1.17280453258
0.192607003891 0.14122681883 4.048323 1.17563739377
0.192233009709 0.14122681883 4.047601 1.17847025496
0.191489361702 0.14122681883 4.042861 1.18413597734
0.19111969112 0.14122681883 4.040037 1.18696883853
0.189292543021 0.14122681883 4.027182 1.20113314448
0.190839694656 0.142653352354 4.02517 1.20113314448
0.190476190476 0.142653352354 4.025126 1.20396600567
0.190114068441 0.142653352354 4.024709 1.20679886686
0.190114068441 0.142653352354 4.024709 1.20679886686
0.19165085389 0.144079885877 4.022571 1.20679886686
0.191287878788 0.144079885877 4.017588 1.20963172805
0.190926275992 0.144079885877 4.015458 1.21246458924
0.188432835821 0.144079885877 4.001363 1.23229461756
0.189944134078 0.145506419401 4.001241 1.23229461756
0.189944134078 0.145506419401 4.001241 1.23229461756
0.191449814126 0.146932952924 4.000971 1.23229461756
0.190740740741 0.146932952924 3.997944 1.23796033994
0.190388170055 0.146932952924 3.997164 1.24079320113
0.190036900369 0.146932952924 3.994526 1.24362606232
0.189686924494 0.146932952924 3.993235 1.24645892351
0.189338235294 0.146932952924 3.990951 1.2492917847
0.190825688073 0.148359486448 3.989781 1.2492917847
0.190476190476 0.148359486448 3.984899 1.25212464589
0.19012797075 0.148359486448 3.984872 1.25495750708
0.19012797075 0.148359486448 3.984872 1.25495750708
0.189781021898 0.148359486448 3.984769 1.25779036827
0.189781021898 0.148359486448 3.984769 1.25779036827
0.189435336976 0.148359486448 3.982994 1.26062322946
0.189435336976 0.148359486448 3.982994 1.26062322946
0.189090909091 0.148359486448 3.979492 1.26345609065
0.189090909091 0.148359486448 3.979492 1.26345609065
0.188747731397 0.148359486448 3.978662 1.26628895184
0.188065099458 0.148359486448 3.973444 1.27195467422
0.187725631769 0.148359486448 3.973439 1.27478753541
0.187387387387 0.148359486448 3.970141 1.2776203966
0.187050359712 0.148359486448 3.964345 1.28045325779
0.18671454219 0.148359486448 3.963665 1.28328611898
0.188172043011 0.149786019971 3.96266 1.28328611898
0.188172043011 0.149786019971 3.96266 1.28328611898
0.187835420394 0.149786019971 3.960602 1.28611898017
0.187835420394 0.149786019971 3.960602 1.28611898017
0.1875 0.149786019971 3.954751 1.28895184136
0.185840707965 0.149786019971 3.947784 1.30311614731
0.185512367491 0.149786019971 3.947133 1.3059490085
0.185512367491 0.149786019971 3.947133 1.3059490085
0.185185185185 0.149786019971 3.947108 1.30878186969
0.18485915493 0.149786019971 3.942658 1.31161473088
0.18453427065 0.149786019971 3.942653 1.31444759207
0.184210526316 0.149786019971 3.942252 1.31728045326
0.185639229422 0.151212553495 3.941528 1.31728045326
0.184991273997 0.151212553495 3.936919 1.32294617564
0.184668989547 0.151212553495 3.9337 1.32577903683
0.184027777778 0.151212553495 3.92862 1.33144475921
0.183708838821 0.151212553495 3.927505 1.3342776204
0.183708838821 0.151212553495 3.927505 1.3342776204
0.185121107266 0.152639087019 3.927196 1.3342776204
0.185121107266 0.152639087019 3.927196 1.3342776204
0.184801381693 0.152639087019 3.926908 1.33711048159
0.184165232358 0.152639087019 3.921173 1.34277620397
0.185567010309 0.154065620542 3.916801 1.34277620397
0.185567010309 0.154065620542 3.916801 1.34277620397
0.186963979417 0.155492154066 3.913489 1.34277620397
0.186006825939 0.155492154066 3.911079 1.35127478754
0.185689948893 0.155492154066 3.908477 1.35410764873
0.185689948893 0.155492154066 3.908477 1.35410764873
0.18537414966 0.155492154066 3.906792 1.35694050992
0.18537414966 0.155492154066 3.906792 1.35694050992
0.18505942275 0.155492154066 3.905903 1.3597733711
0.18505942275 0.155492154066 3.905903 1.3597733711
0.184745762712 0.155492154066 3.902064 1.36260623229
0.184433164129 0.155492154066 3.9018 1.36543909348
0.184121621622 0.155492154066 3.901528 1.36827195467
0.183811129848 0.155492154066 3.899552 1.37110481586
0.185185185185 0.156918687589 3.897405 1.37110481586
0.184563758389 0.156918687589 3.895348 1.37677053824
0.185929648241 0.158345221113 3.895193 1.37677053824
0.185618729097 0.158345221113 3.887698 1.37960339943
0.18530884808 0.158345221113 3.885224 1.38243626062
0.18530884808 0.158345221113 3.885224 1.38243626062
0.185 0.158345221113 3.883651 1.38526912181
0.18438538206 0.158345221113 3.881557 1.39093484419
0.18407960199 0.158345221113 3.879838 1.39376770538
0.183774834437 0.158345221113 3.87657 1.39660056657
0.185123966942 0.159771754636 3.876564 1.39660056657
0.185123966942 0.159771754636 3.876564 1.39660056657
0.184818481848 0.159771754636 3.876058 1.39943342776
0.184514003295 0.159771754636 3.872721 1.40226628895
0.184210526316 0.159771754636 3.863666 1.40509915014
0.184210526316 0.159771754636 3.863666 1.40509915014
0.183908045977 0.159771754636 3.862437 1.40793201133
0.182410423453 0.159771754636 3.843912 1.42209631728
0.182113821138 0.159771754636 3.838862 1.42492917847
0.182113821138 0.159771754636 3.838862 1.42492917847
0.181818181818 0.159771754636 3.837196 1.42776203966
0.181229773463 0.159771754636 3.834894 1.43342776204
0.182552504039 0.16119828816 3.8335 1.43342776204
0.182552504039 0.16119828816 3.8335 1.43342776204
0.182258064516 0.16119828816 3.833336 1.43626062323
0.181964573269 0.16119828816 3.832845 1.43909348442
0.181672025723 0.16119828816 3.825934 1.44192634561
0.18108974359 0.16119828816 3.824836 1.44759206799
0.1824 0.162624821683 3.816511 1.44759206799
0.182108626198 0.162624821683 3.815328 1.45042492918
0.181818181818 0.162624821683 3.805814 1.45325779037
0.181818181818 0.162624821683 3.805814 1.45325779037
0.183121019108 0.164051355207 3.79847 1.45325779037
0.181674565561 0.164051355207 3.789647 1.46742209632
0.181388012618 0.164051355207 3.78816 1.47025495751
0.181102362205 0.164051355207 3.787316 1.4730878187
0.180817610063 0.164051355207 3.783677 1.47592067989
0.179968701095 0.164051355207 3.769426 1.48441926346
0.1796875 0.164051355207 3.76914 1.48725212465
0.1796875 0.164051355207 3.76914 1.48725212465
0.179407176287 0.164051355207 3.768818 1.49008498584
0.179407176287 0.164051355207 3.768818 1.49008498584
0.180685358255 0.16547788873 3.762638 1.49008498584
0.180404354588 0.16547788873 3.761748 1.49291784703
0.181677018634 0.166904422254 3.760865 1.49291784703
0.181114551084 0.166904422254 3.760089 1.49858356941
0.182380216383 0.168330955777 3.758694 1.49858356941
0.182098765432 0.168330955777 3.75525 1.50141643059
0.181818181818 0.168330955777 3.750436 1.50424929178
0.181818181818 0.168330955777 3.750436 1.50424929178
0.181538461538 0.168330955777 3.74932 1.50708215297
0.181259600614 0.168330955777 3.748854 1.50991501416
0.180981595092 0.168330955777 3.748592 1.51274787535
0.180981595092 0.168330955777 3.748592 1.51274787535
0.182235834609 0.169757489301 3.746349 1.51274787535
0.181126331811 0.169757489301 3.729135 1.52407932011
0.182370820669 0.171184022825 3.728731 1.52407932011
0.182094081942 0.171184022825 3.726297 1.5269121813
0.181818181818 0.171184022825 3.720725 1.52974504249
0.180995475113 0.171184022825 3.708398 1.53824362606
0.180722891566 0.171184022825 3.708142 1.54107648725
0.180722891566 0.171184022825 3.708142 1.54107648725
0.18045112782 0.171184022825 3.707541 1.54390934844
0.18018018018 0.171184022825 3.706844 1.54674220963
0.179910044978 0.171184022825 3.705433 1.54957507082
0.179910044978 0.171184022825 3.705433 1.54957507082
0.179640718563 0.171184022825 3.699557 1.55240793201
0.179372197309 0.171184022825 3.698936 1.5552407932
0.180597014925 0.172610556348 3.695908 1.5552407932
0.180327868852 0.172610556348 3.695115 1.55807365439
0.181547619048 0.174037089872 3.693948 1.55807365439
0.181277860327 0.174037089872 3.693881 1.56090651558
0.181008902077 0.174037089872 3.691911 1.56373937677
0.181008902077 0.174037089872 3.691911 1.56373937677
0.180740740741 0.174037089872 3.69101 1.56657223796
0.180740740741 0.174037089872 3.69101 1.56657223796
0.181952662722 0.175463623395 3.689045 1.56657223796
0.181952662722 0.175463623395 3.689045 1.56657223796
0.181683899557 0.175463623395 3.688165 1.56940509915
0.181415929204 0.175463623395 3.687587 1.57223796034
0.181148748159 0.175463623395 3.68688 1.57507082153
0.180882352941 0.175463623395 3.686015 1.57790368272
0.180616740088 0.175463623395 3.679524 1.58073654391
0.180087847731 0.175463623395 3.670623 1.58640226629
0.179824561404 0.175463623395 3.66917 1.58923512748
0.179824561404 0.175463623395 3.66917 1.58923512748
0.18102189781 0.176890156919 3.66636 1.58923512748
0.180758017493 0.176890156919 3.665046 1.59206798867
0.181950509461 0.178316690442 3.663747 1.59206798867
0.181950509461 0.178316690442 3.663747 1.59206798867
0.183139534884 0.179743223966 3.661246 1.59206798867
0.183139534884 0.179743223966 3.661246 1.59206798867
0.182873730044 0.179743223966 3.655691 1.59490084986
0.182608695652 0.179743223966 3.655512 1.59773371105
0.182344428365 0.179743223966 3.653798 1.60056657224
0.182344428365 0.179743223966 3.653798 1.60056657224
0.183526011561 0.181169757489 3.651836 1.60056657224
0.182471264368 0.181169757489 3.649285 1.611898017
0.182209469154 0.181169757489 3.648651 1.61473087819
0.180911680912 0.181169757489 3.640314 1.62889518414
0.180654338549 0.181169757489 3.638586 1.63172804533
0.180654338549 0.181169757489 3.638586 1.63172804533
0.180397727273 0.181169757489 3.637339 1.63456090652
0.179886685552 0.181169757489 3.635137 1.6402266289
0.179632248939 0.181169757489 3.632931 1.64305949008
0.179125528914 0.181169757489 3.632832 1.64872521246
0.178873239437 0.181169757489 3.628916 1.65155807365
0.178370786517 0.181169757489 3.620177 1.65722379603
0.178120617111 0.181169757489 3.619503 1.66005665722
0.178120617111 0.181169757489 3.619503 1.66005665722
0.179271708683 0.182596291013 3.618624 1.66005665722
0.179271708683 0.182596291013 3.618624 1.66005665722
0.18041958042 0.184022824536 3.61625 1.66005665722
0.18041958042 0.184022824536 3.61625 1.66005665722
0.18156424581 0.18544935806 3.615217 1.66005665722
0.180806675939 0.18544935806 3.608439 1.66855524079
0.180555555556 0.18544935806 3.607817 1.67138810198
0.180555555556 0.18544935806 3.607817 1.67138810198
0.180305131761 0.18544935806 3.60259 1.67422096317
0.180055401662 0.18544935806 3.601216 1.67705382436
0.179806362379 0.18544935806 3.600823 1.67988668555
0.17955801105 0.18544935806 3.599059 1.68271954674
0.180689655172 0.186875891583 3.594058 1.68271954674
0.180192572215 0.186875891583 3.589222 1.68838526912
0.181318681319 0.188302425107 3.585657 1.68838526912
0.181069958848 0.188302425107 3.578449 1.69121813031
0.182191780822 0.189728958631 3.574307 1.69121813031
0.18194254446 0.189728958631 3.571242 1.6940509915
0.181693989071 0.189728958631 3.570317 1.69688385269
0.181693989071 0.189728958631 3.570317 1.69688385269
0.181446111869 0.189728958631 3.569446 1.69971671388
0.181198910082 0.189728958631 3.56402 1.70254957507
0.180952380952 0.189728958631 3.563255 1.70538243626
0.180952380952 0.189728958631 3.563255 1.70538243626
0.182065217391 0.191155492154 3.56233 1.70538243626
0.181571815718 0.191155492154 3.559799 1.71104815864
0.182679296346 0.192582025678 3.558935 1.71104815864
0.182679296346 0.192582025678 3.558935 1.71104815864
0.183783783784 0.194008559201 3.558766 1.71104815864
0.18255033557 0.194008559201 3.546959 1.72521246459
0.182305630027 0.194008559201 3.544304 1.72804532578
0.182305630027 0.194008559201 3.544304 1.72804532578
0.182061579652 0.194008559201 3.543382 1.73087818697
0.182061579652 0.194008559201 3.543382 1.73087818697
0.181818181818 0.194008559201 3.542414 1.73371104816
0.181818181818 0.194008559201 3.542414 1.73371104816
0.182910547397 0.195435092725 3.541996 1.73371104816
0.182910547397 0.195435092725 3.541996 1.73371104816
0.182666666667 0.195435092725 3.539516 1.73654390935
0.182180851064 0.195435092725 3.537764 1.74220963173
0.181938911023 0.195435092725 3.536542 1.74504249292
0.181938911023 0.195435092725 3.536542 1.74504249292
0.183023872679 0.196861626248 3.536468 1.74504249292
0.182781456954 0.196861626248 3.535107 1.74787535411
0.183862433862 0.198288159772 3.532863 1.74787535411
0.183377308707 0.198288159772 3.529646 1.75354107649
0.183135704875 0.198288159772 3.529144 1.75637393768
0.183135704875 0.198288159772 3.529144 1.75637393768
0.184210526316 0.199714693295 3.521713 1.75637393768
0.184210526316 0.199714693295 3.521713 1.75637393768
0.183968462549 0.199714693295 3.521653 1.75920679887
0.183727034121 0.199714693295 3.52123 1.76203966006
0.184796854522 0.201141226819 3.518114 1.76203966006
0.184796854522 0.201141226819 3.518114 1.76203966006
0.184554973822 0.201141226819 3.516795 1.76487252125
0.18431372549 0.201141226819 3.511501 1.76770538244
0.185378590078 0.202567760342 3.510896 1.76770538244
0.1834625323 0.202567760342 3.501688 1.79036827195
0.183225806452 0.202567760342 3.498612 1.79320113314
0.183225806452 0.202567760342 3.498612 1.79320113314
0.184278350515 0.203994293866 3.489635 1.79320113314
0.184041184041 0.203994293866 3.483784 1.79603399433
0.183804627249 0.203994293866 3.48083 1.79886685552
0.183333333333 0.203994293866 3.479055 1.8045325779
0.183098591549 0.203994293866 3.478566 1.80736543909
0.182630906769 0.203994293866 3.475448 1.81303116147
0.183673469388 0.205420827389 3.471462 1.81303116147
0.183673469388 0.205420827389 3.471462 1.81303116147
0.184713375796 0.206847360913 3.466468 1.81303116147
0.184478371501 0.206847360913 3.460658 1.81586402266
0.185514612452 0.208273894437 3.457942 1.81586402266
0.185279187817 0.208273894437 3.455559 1.81869688385
0.185044359949 0.208273894437 3.455408 1.82152974504
0.183647798742 0.208273894437 3.446226 1.83852691218
0.183417085427 0.208273894437 3.445605 1.84135977337
0.182957393484 0.208273894437 3.439476 1.84702549575
0.182728410513 0.208273894437 3.436884 1.84985835694
0.182728410513 0.208273894437 3.436884 1.84985835694
0.18375 0.20970042796 3.434711 1.84985835694
0.183520599251 0.20970042796 3.434254 1.85269121813
0.184538653367 0.211126961484 3.432423 1.85269121813
0.184308841843 0.211126961484 3.426137 1.85552407932
0.18407960199 0.211126961484 3.423734 1.85835694051
0.183622828784 0.211126961484 3.416677 1.86402266289
0.183395291202 0.211126961484 3.415784 1.86685552408
0.183395291202 0.211126961484 3.415784 1.86685552408
0.183168316832 0.211126961484 3.4151 1.86968838527
0.182941903585 0.211126961484 3.412203 1.87252124646
0.182716049383 0.211126961484 3.409433 1.87535410765
0.181818181818 0.211126961484 3.400232 1.88668555241
0.181595092025 0.211126961484 3.396411 1.8895184136
0.180487804878 0.211126961484 3.389498 1.90368271955
0.180267965895 0.211126961484 3.386002 1.90651558074
0.1800486618 0.211126961484 3.382126 1.90934844193
0.179829890644 0.211126961484 3.379462 1.91218130312
0.179829890644 0.211126961484 3.379462 1.91218130312
0.179611650485 0.211126961484 3.379164 1.91501416431
0.178960096735 0.211126961484 3.376766 1.92351274788
0.178743961353 0.211126961484 3.376691 1.92634560907
0.178098676294 0.211126961484 3.37551 1.93484419263
0.177884615385 0.211126961484 3.374488 1.93767705382
0.177884615385 0.211126961484 3.374488 1.93767705382
0.177671068427 0.211126961484 3.37238 1.94050991501
0.177458033573 0.211126961484 3.371581 1.9433427762
0.177245508982 0.211126961484 3.369856 1.94617563739
0.177033492823 0.211126961484 3.36512 1.94900849858
0.176821983274 0.211126961484 3.3646 1.95184135977
0.17619047619 0.211126961484 3.36355 1.96033994334
0.177170035672 0.212553495007 3.360718 1.96033994334
0.177170035672 0.212553495007 3.360718 1.96033994334
0.178147268409 0.213980028531 3.357577 1.96033994334
0.177725118483 0.213980028531 3.355685 1.96600566572
0.177514792899 0.213980028531 3.352063 1.96883852691
0.177514792899 0.213980028531 3.352063 1.96883852691
0.177304964539 0.213980028531 3.351727 1.9716713881
0.177095631641 0.213980028531 3.349772 1.97450424929
0.176886792453 0.213980028531 3.347971 1.97733711048
0.176886792453 0.213980028531 3.347971 1.97733711048
0.17667844523 0.213980028531 3.346714 1.98016997167
0.17667844523 0.213980028531 3.346714 1.98016997167
0.176470588235 0.213980028531 3.345226 1.98300283286
0.176263219741 0.213980028531 3.34516 1.98583569405
0.176056338028 0.213980028531 3.342187 1.98866855524
0.175849941383 0.213980028531 3.340115 1.99150141643
0.175644028103 0.213980028531 3.339265 1.99433427762
0.175644028103 0.213980028531 3.339265 1.99433427762
0.175438596491 0.213980028531 3.333656 1.99716713881
0.175438596491 0.213980028531 3.333656 1.99716713881
0.17523364486 0.213980028531 3.331378 2.0
0.17523364486 0.213980028531 3.331378 2.0
0.175029171529 0.213980028531 3.330813 2.00283286119
0.175029171529 0.213980028531 3.330813 2.00283286119
0.175990675991 0.215406562054 3.330714 2.00283286119
0.175990675991 0.215406562054 3.330714 2.00283286119
0.175785797439 0.215406562054 3.330403 2.00566572238
0.175785797439 0.215406562054 3.330403 2.00566572238
0.175581395349 0.215406562054 3.329276 2.00849858357
0.17537746806 0.215406562054 3.32847 2.01133144476
0.175174013921 0.215406562054 3.326456 2.01416430595
0.174566473988 0.215406562054 3.317392 2.02266288952
0.174364896074 0.215406562054 3.316956 2.02549575071
0.173963133641 0.215406562054 3.314733 2.03116147309
0.173762945915 0.215406562054 3.312924 2.03399433428
0.173563218391 0.215406562054 3.312181 2.03682719547
0.173363949483 0.215406562054 3.311921 2.03966005666
0.173363949483 0.215406562054 3.311921 2.03966005666
0.173165137615 0.215406562054 3.310207 2.04249291785
0.172768878719 0.215406562054 3.308198 2.04815864023
0.173714285714 0.216833095578 3.304719 2.04815864023
0.173515981735 0.216833095578 3.302351 2.05099150142
0.173318129989 0.216833095578 3.302078 2.05382436261
0.173318129989 0.216833095578 3.302078 2.05382436261
0.173120728929 0.216833095578 3.300427 2.0566572238
0.172531214529 0.216833095578 3.292919 2.06515580737
0.173469387755 0.218259629101 3.291627 2.06515580737
0.172686230248 0.218259629101 3.278612 2.07648725212
0.172491544532 0.218259629101 3.278253 2.07932011331
0.17094972067 0.218259629101 3.265944 2.10198300283
0.170758928571 0.218259629101 3.26569 2.10481586402
0.170758928571 0.218259629101 3.26569 2.10481586402
0.170568561873 0.218259629101 3.264398 2.10764872521
0.170189098999 0.218259629101 3.262978 2.11331444759
0.171111111111 0.219686162625 3.261761 2.11331444759
0.170165745856 0.219686162625 3.254337 2.12747875354
0.169977924945 0.219686162625 3.253959 2.13031161473
0.169977924945 0.219686162625 3.253959 2.13031161473
0.170893054024 0.221112696148 3.253776 2.13031161473
0.170893054024 0.221112696148 3.253776 2.13031161473
0.170704845815 0.221112696148 3.249192 2.13314447592
0.17032967033 0.221112696148 3.24713 2.1388101983
0.170142700329 0.221112696148 3.242523 2.14164305949
0.170142700329 0.221112696148 3.242523 2.14164305949
0.169956140351 0.221112696148 3.241814 2.14447592068
0.169584245077 0.221112696148 3.239916 2.15014164306
0.169398907104 0.221112696148 3.23793 2.15297450425
0.169398907104 0.221112696148 3.23793 2.15297450425
0.170305676856 0.222539229672 3.235642 2.15297450425
0.170119956379 0.222539229672 3.232679 2.15580736544
0.171023965142 0.223965763195 3.232203 2.15580736544
0.171023965142 0.223965763195 3.232203 2.15580736544
0.171926006529 0.225392296719 3.229837 2.15580736544
0.171926006529 0.225392296719 3.229837 2.15580736544
0.171739130435 0.225392296719 3.228781 2.15864022663
0.171739130435 0.225392296719 3.228781 2.15864022663
0.171552660152 0.225392296719 3.226865 2.16147308782
0.171180931744 0.225392296719 3.224462 2.1671388102
0.170995670996 0.225392296719 3.223349 2.16997167139
0.170995670996 0.225392296719 3.223349 2.16997167139
0.170810810811 0.225392296719 3.222675 2.17280453258
0.170626349892 0.225392296719 3.221649 2.17563739377
0.171521035599 0.226818830243 3.220435 2.17563739377
0.170600858369 0.226818830243 3.215753 2.18980169972
0.170418006431 0.226818830243 3.215266 2.19263456091
0.170235546039 0.226818830243 3.212749 2.1954674221
0.170053475936 0.226818830243 3.210427 2.19830028329
0.170053475936 0.226818830243 3.210427 2.19830028329
0.169871794872 0.226818830243 3.208399 2.20113314448
0.169871794872 0.226818830243 3.208399 2.20113314448
0.169690501601 0.226818830243 3.20197 2.20396600567
0.169690501601 0.226818830243 3.20197 2.20396600567
0.169509594883 0.226818830243 3.199974 2.20679886686
0.168969181722 0.226818830243 3.195699 2.21529745042
0.168789808917 0.226818830243 3.194653 2.21813031161
0.168789808917 0.226818830243 3.194653 2.21813031161
0.16967126193 0.228245363766 3.193552 2.21813031161
0.169312169312 0.228245363766 3.192422 2.22379603399
0.169133192389 0.228245363766 3.190496 2.22662889518
0.168954593453 0.228245363766 3.189961 2.22946175637
0.169831223629 0.22967189729 3.189484 2.22946175637
0.169652265543 0.22967189729 3.18506 2.23229461756
0.170526315789 0.231098430813 3.183091 2.23229461756
0.170347003155 0.231098430813 3.181908 2.23512747875
0.171218487395 0.232524964337 3.167233 2.23512747875
0.171218487395 0.232524964337 3.167233 2.23512747875
0.172088142707 0.23395149786 3.166603 2.23512747875
0.171907756813 0.23395149786 3.164482 2.23796033994
0.171727748691 0.23395149786 3.163818 2.24079320113
0.171368861024 0.23395149786 3.159432 2.24645892351
0.171189979123 0.23395149786 3.155103 2.2492917847
0.171189979123 0.23395149786 3.155103 2.2492917847
0.171011470282 0.23395149786 3.154458 2.25212464589
0.170478170478 0.23395149786 3.149767 2.26062322946
0.170301142264 0.23395149786 3.148994 2.26345609065
0.169948186528 0.23395149786 3.146507 2.26912181303
0.169772256729 0.23395149786 3.142413 2.27195467422
0.169772256729 0.23395149786 3.142413 2.27195467422
0.169596690796 0.23395149786 3.141467 2.27478753541
0.169596690796 0.23395149786 3.141467 2.27478753541
0.169421487603 0.23395149786 3.139416 2.2776203966
0.169421487603 0.23395149786 3.139416 2.2776203966
0.170278637771 0.235378031384 3.139369 2.2776203966
0.169230769231 0.235378031384 3.130774 2.29461756374
0.170081967213 0.236804564907 3.130546 2.29461756374
0.169907881269 0.236804564907 3.128228 2.29745042493
0.170756646217 0.238231098431 3.125597 2.29745042493
0.170756646217 0.238231098431 3.125597 2.29745042493
0.170582226762 0.238231098431 3.124289 2.30028328612
0.169715447154 0.238231098431 3.116792 2.31444759207
0.170558375635 0.239657631954 3.116326 2.31444759207
0.170558375635 0.239657631954 3.116326 2.31444759207
0.17139959432 0.241084165478 3.115583 2.31444759207
0.171052631579 0.241084165478 3.112085 2.32011331445
0.170879676441 0.241084165478 3.111226 2.32294617564
0.170020120724 0.241084165478 3.100324 2.33711048159
0.170854271357 0.242510699001 3.100121 2.33711048159
0.170340681363 0.242510699001 3.097794 2.34560906516
0.171171171171 0.243937232525 3.095978 2.34560906516
0.1703187251 0.243937232525 3.088746 2.3597733711
0.170149253731 0.243937232525 3.087969 2.36260623229
0.169139465875 0.243937232525 3.080011 2.37960339943
0.169960474308 0.245363766049 3.079781 2.37960339943
0.169625246548 0.245363766049 3.075768 2.38526912181
0.169458128079 0.245363766049 3.075047 2.388101983
0.169458128079 0.245363766049 3.075047 2.388101983
0.170275590551 0.246790299572 3.074826 2.388101983
0.170275590551 0.246790299572 3.074826 2.388101983
0.171091445428 0.248216833096 3.073452 2.388101983
0.170254403131 0.248216833096 3.065124 2.40226628895
0.17008797654 0.248216833096 3.064501 2.40509915014
0.17008797654 0.248216833096 3.064501 2.40509915014
0.169921875 0.248216833096 3.063905 2.40793201133
0.169260700389 0.248216833096 3.060799 2.41926345609
0.169096209913 0.248216833096 3.058758 2.42209631728
0.169096209913 0.248216833096 3.058758 2.42209631728
0.168932038835 0.248216833096 3.057794 2.42492917847
0.168604651163 0.248216833096 3.056438 2.43059490085
0.169409486931 0.249643366619 3.054973 2.43059490085
0.16859344894 0.249643366619 3.046316 2.4447592068
0.169393647738 0.251069900143 3.043484 2.4447592068
0.169393647738 0.251069900143 3.043484 2.4447592068
0.169230769231 0.251069900143 3.041947 2.44759206799
0.169230769231 0.251069900143 3.041947 2.44759206799
0.16906820365 0.251069900143 3.038591 2.45042492918
0.168905950096 0.251069900143 3.038398 2.45325779037
0.16874400767 0.251069900143 3.036664 2.45609065156
0.16874400767 0.251069900143 3.036664 2.45609065156
0.169540229885 0.252496433666 3.036416 2.45609065156
0.168571428571 0.252496433666 3.026057 2.4730878187
0.168411037108 0.252496433666 3.025248 2.47592067989
0.167613636364 0.252496433666 3.017616 2.49008498584
0.167455061495 0.252496433666 3.015409 2.49291784703
0.166509877705 0.252496433666 3.007797 2.50991501416
0.167293233083 0.25392296719 3.004149 2.50991501416
0.166822867854 0.25392296719 3.000854 2.51841359773
0.167602996255 0.255349500713 2.999139 2.51841359773
0.16697761194 0.255349500713 2.99162 2.52974504249
0.166821994408 0.255349500713 2.991057 2.53257790368
0.166202414113 0.255349500713 2.986616 2.54390934844
0.166048237477 0.255349500713 2.985508 2.54674220963
0.165894346617 0.255349500713 2.984139 2.54957507082
0.165740740741 0.255349500713 2.983876 2.55240793201
0.165434380776 0.255349500713 2.981917 2.55807365439
0.16620498615 0.256776034237 2.981486 2.55807365439
0.166051660517 0.256776034237 2.98123 2.56090651558
0.165898617512 0.256776034237 2.97959 2.56373937677
0.165898617512 0.256776034237 2.97959 2.56373937677
0.165745856354 0.256776034237 2.977992 2.56657223796
0.165593376265 0.256776034237 2.976845 2.56940509915
0.165441176471 0.256776034237 2.975955 2.57223796034
0.165441176471 0.256776034237 2.975955 2.57223796034
0.166207529844 0.25820256776 2.973888 2.57223796034
0.166055045872 0.25820256776 2.96857 2.57507082153
0.166819431714 0.259629101284 2.96226 2.57507082153
0.166819431714 0.259629101284 2.96226 2.57507082153
0.167582417582 0.261055634807 2.96047 2.57507082153
0.167123287671 0.261055634807 2.956972 2.5835694051
0.16697080292 0.261055634807 2.954664 2.58640226629
0.16621253406 0.261055634807 2.941307 2.60056657224
0.166969147005 0.262482168331 2.939034 2.60056657224
0.166666666667 0.262482168331 2.935066 2.60623229462
0.166515837104 0.262482168331 2.934544 2.60906515581
0.166365280289 0.262482168331 2.933311 2.611898017
0.16711833785 0.263908701854 2.932136 2.611898017
0.166816952209 0.263908701854 2.928485 2.61756373938
0.166666666667 0.263908701854 2.922409 2.62039660057
0.166666666667 0.263908701854 2.922409 2.62039660057
0.167416741674 0.265335235378 2.916511 2.62039660057
0.166666666667 0.265335235378 2.910072 2.63456090652
0.166517457475 0.265335235378 2.909421 2.63739376771
0.166071428571 0.265335235378 2.901253 2.64589235127
0.165923282783 0.265335235378 2.899594 2.64872521246
0.165923282783 0.265335235378 2.899594 2.64872521246
0.166666666667 0.266761768902 2.899323 2.64872521246
0.166518254675 0.266761768902 2.896682 2.65155807365
0.166370106762 0.266761768902 2.895057 2.65439093484
0.166222222222 0.266761768902 2.892988 2.65722379603
0.166962699822 0.268188302425 2.889856 2.65722379603
0.166666666667 0.268188302425 2.884018 2.66288951841
0.166519043401 0.268188302425 2.883258 2.6657223796
0.166519043401 0.268188302425 2.883258 2.6657223796
0.166371681416 0.268188302425 2.881514 2.66855524079
0.166224580018 0.268188302425 2.881181 2.67138810198
0.166077738516 0.268188302425 2.880133 2.67422096317
0.166077738516 0.268188302425 2.880133 2.67422096317
0.165931156222 0.268188302425 2.876708 2.67705382436
0.165202108963 0.268188302425 2.866988 2.69121813031
0.165057067603 0.268188302425 2.864306 2.6940509915
0.164912280702 0.268188302425 2.862932 2.69688385269
0.16476774759 0.268188302425 2.861228 2.69971671388
0.16476774759 0.268188302425 2.861228 2.69971671388
0.164623467601 0.268188302425 2.860973 2.70254957507
0.164335664336 0.268188302425 2.856573 2.70821529745
0.164192139738 0.268188302425 2.854799 2.71104815864
0.164192139738 0.268188302425 2.854799 2.71104815864
0.16404886562 0.268188302425 2.854129 2.71388101983
0.16404886562 0.268188302425 2.854129 2.71388101983
0.164777680907 0.269614835949 2.847562 2.71388101983
0.164777680907 0.269614835949 2.847562 2.71388101983
0.165505226481 0.271041369472 2.846096 2.71388101983
0.165505226481 0.271041369472 2.846096 2.71388101983
0.165361183638 0.271041369472 2.84387 2.71671388102
0.165217391304 0.271041369472 2.843697 2.71954674221
0.165073848827 0.271041369472 2.840008 2.7223796034
0.164644714038 0.271041369472 2.832564 2.73087818697
0.164502164502 0.271041369472 2.829965 2.73371104816
0.163652024117 0.271041369472 2.820285 2.7507082153
0.163511187608 0.271041369472 2.820228 2.75354107649
0.163511187608 0.271041369472 2.820228 2.75354107649
0.163370593293 0.271041369472 2.819394 2.75637393768
0.16295025729 0.271041369472 2.817416 2.76487252125
0.162810625536 0.271041369472 2.812996 2.76770538244
0.162810625536 0.271041369472 2.812996 2.76770538244
0.162671232877 0.271041369472 2.812013 2.77053824363
0.162393162393 0.271041369472 2.811251 2.77620396601
0.163108454313 0.272467902996 2.811031 2.77620396601
0.163108454313 0.272467902996 2.811031 2.77620396601
0.163822525597 0.273894436519 2.810969 2.77620396601
0.163543441227 0.273894436519 2.806596 2.78186968839
0.164255319149 0.275320970043 2.805546 2.78186968839
0.164255319149 0.275320970043 2.805546 2.78186968839
0.164965986395 0.276747503566 2.80529 2.78186968839
0.164685908319 0.276747503566 2.803267 2.78753541076
0.165394402036 0.27817403709 2.802631 2.78753541076
0.165394402036 0.27817403709 2.802631 2.78753541076
0.166101694915 0.279600570613 2.801575 2.78753541076
0.165122156698 0.279600570613 2.783402 2.80736543909
0.164983164983 0.279600570613 2.780952 2.81019830028
0.164429530201 0.279600570613 2.776697 2.82152974504
0.164291701593 0.279600570613 2.775696 2.82436260623
0.164154103853 0.279600570613 2.77446 2.82719546742
0.164016736402 0.279600570613 2.774449 2.83002832861
0.164016736402 0.279600570613 2.774449 2.83002832861
0.164715719064 0.281027104137 2.768287 2.83002832861
0.164715719064 0.281027104137 2.768287 2.83002832861
0.164578111947 0.281027104137 2.765601 2.8328611898
0.164303586322 0.281027104137 2.7589 2.83852691218
0.164166666667 0.281027104137 2.757784 2.84135977337
0.164166666667 0.281027104137 2.757784 2.84135977337
0.164029975021 0.281027104137 2.751152 2.84419263456
0.163621262458 0.281027104137 2.745687 2.85269121813
0.164315352697 0.28245363766 2.745299 2.85269121813
0.164179104478 0.28245363766 2.744815 2.85552407932
0.164043082022 0.28245363766 2.744709 2.85835694051
0.163907284768 0.28245363766 2.744402 2.8611898017
0.163771712159 0.28245363766 2.743037 2.86402266289
0.163636363636 0.28245363766 2.742903 2.86685552408
0.163501238646 0.28245363766 2.742687 2.86968838527
0.162962962963 0.28245363766 2.73519 2.88101983003
0.162828947368 0.28245363766 2.735135 2.88385269122
0.161500815661 0.28245363766 2.711536 2.91218130312
0.161369193154 0.28245363766 2.707212 2.91501416431
0.160975609756 0.28245363766 2.70135 2.92351274788
0.161657189277 0.283880171184 2.7012 2.92351274788
0.161394971614 0.283880171184 2.697596 2.92917847025
0.162074554295 0.285306704708 2.696105 2.92917847025
0.16168148747 0.285306704708 2.692358 2.93767705382
0.16155088853 0.285306704708 2.692063 2.94050991501
0.161290322581 0.285306704708 2.69079 2.94617563739
0.161966156326 0.286733238231 2.689281 2.94617563739
0.161966156326 0.286733238231 2.689281 2.94617563739
0.161835748792 0.286733238231 2.68303 2.94900849858
0.161316211878 0.286733238231 2.680945 2.96033994334
0.161186848436 0.286733238231 2.680793 2.96317280453
0.1608 0.286733238231 2.675217 2.9716713881
0.16067146283 0.286733238231 2.674552 2.97450424929
0.16028708134 0.286733238231 2.664259 2.98300283286
0.16015936255 0.286733238231 2.661243 2.98583569405
0.16015936255 0.286733238231 2.661243 2.98583569405
0.160031847134 0.286733238231 2.661069 2.98866855524
0.160031847134 0.286733238231 2.661069 2.98866855524
0.160700079554 0.288159771755 2.65963 2.98866855524
0.160572337043 0.288159771755 2.658633 2.99150141643
0.161239078634 0.289586305278 2.657122 2.99150141643
0.161111111111 0.289586305278 2.655521 2.99433427762
0.16098334655 0.289586305278 2.653794 2.99716713881
0.160728424386 0.289586305278 2.652171 3.00283286119
0.160601265823 0.289586305278 2.648565 3.00566572238
0.159340659341 0.289586305278 2.633178 3.03399433428
0.159215686275 0.289586305278 2.632371 3.03682719547
0.158841940532 0.289586305278 2.627516 3.04532577904
0.158717748241 0.289586305278 2.626989 3.04815864023
0.158717748241 0.289586305278 2.626989 3.04815864023
0.15859375 0.289586305278 2.625909 3.05099150142
0.15859375 0.289586305278 2.625909 3.05099150142
0.158469945355 0.289586305278 2.624969 3.05382436261
0.158346333853 0.289586305278 2.624291 3.0566572238
0.158222915043 0.289586305278 2.622483 3.05949008499
0.158099688474 0.289586305278 2.620834 3.06232294618
0.158754863813 0.291012838802 2.617129 3.06232294618
0.158754863813 0.291012838802 2.617129 3.06232294618
0.158631415241 0.291012838802 2.614565 3.06515580737
0.158139534884 0.291012838802 2.611676 3.07648725212
0.158017041053 0.291012838802 2.611198 3.07932011331
0.157894736842 0.291012838802 2.610557 3.0821529745
0.15777262181 0.291012838802 2.610445 3.08498583569
0.157286044719 0.291012838802 2.604215 3.09631728045
0.157164869029 0.291012838802 2.594724 3.09915014164
0.157164869029 0.291012838802 2.594724 3.09915014164
0.157043879908 0.291012838802 2.59067 3.10198300283
0.157043879908 0.291012838802 2.59067 3.10198300283
0.156923076923 0.291012838802 2.589887 3.10481586402
0.156923076923 0.291012838802 2.589887 3.10481586402
0.157571099154 0.292439372325 2.589131 3.10481586402
0.156727828746 0.292439372325 2.576682 3.12464589235
0.156608097785 0.292439372325 2.570146 3.12747875354
0.15625 0.292439372325 2.55885 3.13597733711
0.156130997715 0.292439372325 2.55876 3.1388101983
0.155893536122 0.292439372325 2.556959 3.14447592068
0.156534954407 0.293865905849 2.554851 3.14447592068
0.156178923427 0.293865905849 2.550849 3.15297450425
0.156818181818 0.295292439372 2.549909 3.15297450425
0.156462585034 0.295292439372 2.546854 3.16147308782
0.157099697885 0.296718972896 2.543988 3.16147308782
0.157099697885 0.296718972896 2.543988 3.16147308782
0.157735849057 0.298145506419 2.543881 3.16147308782
0.157498116051 0.298145506419 2.54306 3.1671388102
0.15813253012 0.299572039943 2.54276 3.1671388102
0.157894736842 0.299572039943 2.537438 3.17280453258
0.157776108189 0.299572039943 2.536826 3.17563739377
0.157303370787 0.299572039943 2.529557 3.18696883853
0.157185628743 0.299572039943 2.527376 3.18980169972
0.157185628743 0.299572039943 2.527376 3.18980169972
0.157816005984 0.300998573466 2.527195 3.18980169972
0.157698056801 0.300998573466 2.525376 3.19263456091
0.157580283794 0.300998573466 2.524579 3.1954674221
0.157580283794 0.300998573466 2.524579 3.1954674221
0.158208955224 0.30242510699 2.523328 3.1954674221
0.157973174367 0.30242510699 2.52065 3.20113314448
0.15860014892 0.303851640514 2.516729 3.20113314448
0.158482142857 0.303851640514 2.513803 3.20396600567
0.158364312268 0.303851640514 2.512438 3.20679886686
0.158364312268 0.303851640514 2.512438 3.20679886686
0.158989598811 0.305278174037 2.512243 3.20679886686
0.158753709199 0.305278174037 2.509996 3.21246458924
0.158636026686 0.305278174037 2.509535 3.21529745042
0.158636026686 0.305278174037 2.509535 3.21529745042
0.158518518519 0.305278174037 2.504048 3.21813031161
0.158518518519 0.305278174037 2.504048 3.21813031161
0.158401184308 0.305278174037 2.503081 3.2209631728
0.158284023669 0.305278174037 2.50146 3.22379603399
0.158167036216 0.305278174037 2.4965 3.22662889518
0.158050221566 0.305278174037 2.495807 3.22946175637
0.158671586716 0.306704707561 2.493202 3.22946175637
0.158554572271 0.306704707561 2.491663 3.23229461756
0.158437730287 0.306704707561 2.489605 3.23512747875
0.157972079353 0.306704707561 2.482627 3.24645892351
0.157856093979 0.306704707561 2.480886 3.2492917847
0.157856093979 0.306704707561 2.480886 3.2492917847
0.158473954512 0.308131241084 2.480279 3.2492917847
0.158125915081 0.308131241084 2.472992 3.25779036827
0.1587417703 0.309557774608 2.470288 3.25779036827
0.1587417703 0.309557774608 2.470288 3.25779036827
0.158625730994 0.309557774608 2.47002 3.26062322946
0.158163265306 0.309557774608 2.465094 3.27195467422
0.15804806992 0.309557774608 2.464102 3.27478753541
0.157018813314 0.309557774608 2.448663 3.30028328612
0.15690527838 0.309557774608 2.446984 3.30311614731
0.15690527838 0.309557774608 2.446984 3.30311614731
0.157514450867 0.310984308131 2.444047 3.30311614731
0.157400722022 0.310984308131 2.440983 3.3059490085
0.157287157287 0.310984308131 2.438207 3.30878186969
0.157173756309 0.310984308131 2.43766 3.31161473088
0.157060518732 0.310984308131 2.435503 3.31444759207
0.157060518732 0.310984308131 2.435503 3.31444759207
0.156947444204 0.310984308131 2.430931 3.31728045326
0.156834532374 0.310984308131 2.426945 3.32011331445
0.157440690151 0.312410841655 2.426105 3.32011331445
0.157327586207 0.312410841655 2.425283 3.32294617564
0.157214644652 0.312410841655 2.424287 3.32577903683
0.157101865136 0.312410841655 2.423798 3.32861189802
0.156989247312 0.312410841655 2.421293 3.33144475921
0.156876790831 0.312410841655 2.42049 3.3342776204
0.156764495347 0.312410841655 2.417792 3.33711048159
0.156764495347 0.312410841655 2.417792 3.33711048159
0.156652360515 0.312410841655 2.410823 3.33994334278
0.15654038599 0.312410841655 2.410452 3.34277620397
0.156428571429 0.312410841655 2.409368 3.34560906516
0.156094084105 0.312410841655 2.399544 3.35410764873
0.155982905983 0.312410841655 2.398651 3.35694050992
0.155650319829 0.312410841655 2.392738 3.36543909348
0.155539772727 0.312410841655 2.391357 3.36827195467
0.155539772727 0.312410841655 2.391357 3.36827195467
0.155429382541 0.312410841655 2.384484 3.37110481586
0.15520907158 0.312410841655 2.382278 3.37677053824
0.155099150142 0.312410841655 2.381903 3.37960339943
0.155099150142 0.312410841655 2.381903 3.37960339943
0.154989384289 0.312410841655 2.376715 3.38243626062
0.154989384289 0.312410841655 2.376715 3.38243626062
0.154879773692 0.312410841655 2.376124 3.38526912181
0.154770318021 0.312410841655 2.375914 3.388101983
0.155367231638 0.313837375178 2.375269 3.388101983
0.155367231638 0.313837375178 2.375269 3.388101983
0.15525758645 0.313837375178 2.362544 3.39093484419
0.15514809591 0.313837375178 2.362 3.39376770538
0.15503875969 0.313837375178 2.360743 3.39660056657
0.154820548909 0.313837375178 2.352853 3.40226628895
0.155414908579 0.315263908702 2.351674 3.40226628895
0.155414908579 0.315263908702 2.351674 3.40226628895
0.1553056922 0.315263908702 2.349221 3.40509915014
0.155196629213 0.315263908702 2.347429 3.40793201133
0.155087719298 0.315263908702 2.34699 3.41076487252
0.154761904762 0.315263908702 2.341823 3.41926345609
0.155353393982 0.316690442225 2.339596 3.41926345609
0.155244755245 0.316690442225 2.339182 3.42209631728
0.155835080363 0.318116975749 2.337116 3.42209631728
0.155835080363 0.318116975749 2.337116 3.42209631728
0.155726256983 0.318116975749 2.335274 3.42492917847
0.155726256983 0.318116975749 2.335274 3.42492917847
0.155617585485 0.318116975749 2.332631 3.42776203966
0.155617585485 0.318116975749 2.332631 3.42776203966
0.156206415621 0.319543509272 2.33253 3.42776203966
0.156097560976 0.319543509272 2.332261 3.43059490085
0.156685236769 0.320970042796 2.331566 3.43059490085
0.156467315716 0.320970042796 2.328886 3.43626062323
0.156358582349 0.320970042796 2.322548 3.43909348442
0.15625 0.320970042796 2.321087 3.44192634561
0.156141568355 0.320970042796 2.319774 3.4447592068
0.155279503106 0.320970042796 2.30935 3.46742209632
0.155862068966 0.32239657632 2.306087 3.46742209632
0.155862068966 0.32239657632 2.306087 3.46742209632
0.155754651964 0.32239657632 2.305918 3.47025495751
0.155754651964 0.32239657632 2.305918 3.47025495751
0.15564738292 0.32239657632 2.305562 3.4730878187
0.154688569473 0.32239657632 2.28796 3.49858356941
0.154582763338 0.32239657632 2.283895 3.50141643059
0.154055896387 0.32239657632 2.27125 3.51558073654
0.153950953678 0.32239657632 2.270233 3.51841359773
0.153950953678 0.32239657632 2.270233 3.51841359773
0.153846153846 0.32239657632 2.262802 3.52124645892
0.153846153846 0.32239657632 2.262802 3.52124645892
0.153741496599 0.32239657632 2.262649 3.52407932011
0.153741496599 0.32239657632 2.262649 3.52407932011
0.153636981645 0.32239657632 2.259448 3.5269121813
0.153532608696 0.32239657632 2.259016 3.52974504249
0.154107264087 0.323823109843 2.258386 3.52974504249
0.153689911984 0.323823109843 2.250652 3.54107648725
0.154262516915 0.325249643367 2.249097 3.54107648725
0.15415821501 0.325249643367 2.248524 3.54390934844
0.154054054054 0.325249643367 2.24358 3.54674220963
0.153742414026 0.325249643367 2.228065 3.5552407932
0.153638814016 0.325249643367 2.227148 3.55807365439
0.153535353535 0.325249643367 2.223869 3.56090651558
0.154104979812 0.32667617689 2.223032 3.56090651558
0.154104979812 0.32667617689 2.223032 3.56090651558
0.15400134499 0.32667617689 2.222613 3.56373937677
0.153588195842 0.32667617689 2.213446 3.57507082153
0.153485254692 0.32667617689 2.21274 3.57790368272
0.15338245144 0.32667617689 2.210612 3.58073654391
0.15327978581 0.32667617689 2.209956 3.5835694051
0.15297261189 0.32667617689 2.204645 3.59206798867
0.152870493992 0.32667617689 2.198529 3.59490084986
0.152870493992 0.32667617689 2.198529 3.59490084986
0.152768512342 0.32667617689 2.193666 3.59773371105
0.152768512342 0.32667617689 2.193666 3.59773371105
0.153333333333 0.328102710414 2.192777 3.59773371105
0.153231179214 0.328102710414 2.191963 3.60056657224
0.153129161119 0.328102710414 2.189987 3.60339943343
0.152823920266 0.328102710414 2.189197 3.611898017
0.152722443559 0.328102710414 2.188395 3.61473087819
0.152722443559 0.328102710414 2.188395 3.61473087819
0.152621101526 0.328102710414 2.183672 3.61756373938
0.152418820411 0.328102710414 2.174849 3.62322946176
0.152317880795 0.328102710414 2.173968 3.62606232295
0.152015862525 0.328102710414 2.170659 3.63456090652
0.151915455746 0.328102710414 2.169934 3.63739376771
0.151715039578 0.328102710414 2.159913 3.64305949008
0.152274225445 0.329529243937 2.159722 3.64305949008
0.152073732719 0.329529243937 2.154823 3.64872521246
0.151973684211 0.329529243937 2.153963 3.65155807365
0.15157480315 0.329529243937 2.144305 3.66288951841
0.151475409836 0.329529243937 2.144268 3.6657223796
0.151475409836 0.329529243937 2.144268 3.6657223796
0.151376146789 0.329529243937 2.140552 3.66855524079
0.151376146789 0.329529243937 2.140552 3.66855524079
0.1519318926 0.330955777461 2.140088 3.66855524079
0.151633986928 0.330955777461 2.130341 3.67705382436
0.151534944481 0.330955777461 2.128794 3.67988668555
0.151534944481 0.330955777461 2.128794 3.67988668555
0.151436031332 0.330955777461 2.124798 3.68271954674
0.151436031332 0.330955777461 2.124798 3.68271954674
0.151989562948 0.332382310984 2.124206 3.68271954674
0.151989562948 0.332382310984 2.124206 3.68271954674
0.151890482399 0.332382310984 2.12052 3.68555240793
0.151791530945 0.332382310984 2.115816 3.68838526912
0.15234375 0.333808844508 2.114045 3.68838526912
0.151554404145 0.333808844508 2.098932 3.71104815864
0.15145631068 0.333808844508 2.097319 3.71388101983
0.15145631068 0.333808844508 2.097319 3.71388101983
0.151358344114 0.333808844508 2.095921 3.71671388102
0.151358344114 0.333808844508 2.095921 3.71671388102
0.151260504202 0.333808844508 2.095263 3.71954674221
0.151162790698 0.333808844508 2.094546 3.7223796034
0.151065203357 0.333808844508 2.094343 3.72521246459
0.150579150579 0.333808844508 2.079723 3.73937677054
0.150482315113 0.333808844508 2.079458 3.74220963173
0.150289017341 0.333808844508 2.076884 3.74787535411
0.150192554557 0.333808844508 2.074668 3.7507082153
0.150192554557 0.333808844508 2.074668 3.7507082153
0.150096215523 0.333808844508 2.073991 3.75354107649
0.15 0.333808844508 2.073505 3.75637393768
0.149903907751 0.333808844508 2.072859 3.75920679887
0.149903907751 0.333808844508 2.072859 3.75920679887
0.14980793854 0.333808844508 2.070256 3.76203966006
0.149616368286 0.333808844508 2.058202 3.76770538244
0.150159744409 0.335235378031 2.058153 3.76770538244
0.149968091895 0.335235378031 2.047169 3.77337110482
0.14987244898 0.335235378031 2.044924 3.77620396601
0.14987244898 0.335235378031 2.044924 3.77620396601
0.14977692798 0.335235378031 2.041249 3.7790368272
0.14977692798 0.335235378031 2.041249 3.7790368272
0.149681528662 0.335235378031 2.040824 3.78186968839
0.149586250796 0.335235378031 2.040679 3.78470254958
0.150127226463 0.336661911555 2.040176 3.78470254958
0.149936467598 0.336661911555 2.03538 3.79036827195
0.149841269841 0.336661911555 2.033544 3.79320113314
0.149746192893 0.336661911555 2.030813 3.79603399433
0.150285351934 0.338088445078 2.029325 3.79603399433
0.150190114068 0.338088445078 2.028296 3.79886685552
0.150094996833 0.338088445078 2.025258 3.80169971671
0.149621212121 0.338088445078 2.009351 3.81586402266
0.14952681388 0.338088445078 2.009019 3.81869688385
0.149338374291 0.338088445078 1.998954 3.82436260623
0.149874055416 0.339514978602 1.99686 3.82436260623
0.149874055416 0.339514978602 1.99686 3.82436260623
0.149779735683 0.339514978602 1.99363 3.82719546742
0.149591451917 0.339514978602 1.988423 3.8328611898
0.149497487437 0.339514978602 1.987862 3.83569405099
0.149029430182 0.339514978602 1.967297 3.84985835694
0.148936170213 0.339514978602 1.963892 3.85269121813
0.148657089319 0.339514978602 1.956127 3.8611898017
0.148564294632 0.339514978602 1.954824 3.86402266289
0.148564294632 0.339514978602 1.954824 3.86402266289
0.148471615721 0.339514978602 1.953629 3.86685552408
0.148009950249 0.339514978602 1.944409 3.88101983003
0.148539465507 0.340941512126 1.943905 3.88101983003
0.148447204969 0.340941512126 1.943731 3.88385269122
0.14835505897 0.340941512126 1.942263 3.88668555241
0.147896039604 0.340941512126 1.935704 3.90084985836
0.147804576376 0.340941512126 1.932862 3.90368271955
0.147713226205 0.340941512126 1.930892 3.90651558074
0.147621988882 0.340941512126 1.92845 3.90934844193
0.147258163894 0.340941512126 1.911135 3.92067988669
0.147783251232 0.342368045649 1.909716 3.92067988669
0.147692307692 0.342368045649 1.908083 3.92351274788
0.147601476015 0.342368045649 1.903472 3.92634560907
0.147510755993 0.342368045649 1.902895 3.92917847025
0.148034398034 0.343794579173 1.902829 3.92917847025
0.147943523634 0.343794579173 1.902815 3.93201133144
0.147852760736 0.343794579173 1.898998 3.93484419263
0.147762109135 0.343794579173 1.898714 3.93767705382
0.147671568627 0.343794579173 1.897481 3.94050991501
0.147581139008 0.343794579173 1.897023 3.9433427762
0.147490820073 0.343794579173 1.895696 3.94617563739
0.147490820073 0.343794579173 1.895696 3.94617563739
0.148012232416 0.345221112696 1.880807 3.94617563739
0.148012232416 0.345221112696 1.880807 3.94617563739
0.147921760391 0.345221112696 1.879562 3.94900849858
0.147921760391 0.345221112696 1.879562 3.94900849858
0.1478313989 0.345221112696 1.877777 3.95184135977
0.1478313989 0.345221112696 1.877777 3.95184135977
0.147741147741 0.345221112696 1.875856 3.95467422096
0.147741147741 0.345221112696 1.875856 3.95467422096
0.148261134838 0.34664764622 1.875802 3.95467422096
0.148261134838 0.34664764622 1.875802 3.95467422096
0.148170731707 0.34664764622 1.872543 3.95750708215
0.147810218978 0.34664764622 1.84788 3.96883852691
0.147720364742 0.34664764622 1.843183 3.9716713881
0.147630619684 0.34664764622 1.840367 3.97450424929
0.148148148148 0.348074179743 1.83663 3.97450424929
0.148148148148 0.348074179743 1.83663 3.97450424929
0.148058252427 0.348074179743 1.835664 3.97733711048
0.148058252427 0.348074179743 1.835664 3.97733711048
0.148574893875 0.349500713267 1.834861 3.97733711048
0.147946859903 0.349500713267 1.819155 3.99716713881
0.147857573929 0.349500713267 1.81548 4.0
0.147768395657 0.349500713267 1.812061 4.00283286119
0.147679324895 0.349500713267 1.807891 4.00566572238
0.147412755716 0.349500713267 1.806935 4.01416430595
0.147324113049 0.349500713267 1.806342 4.01699716714
0.147324113049 0.349500713267 1.806342 4.01699716714
0.147836538462 0.35092724679 1.805488 4.01699716714
0.147747747748 0.35092724679 1.798252 4.01983002833
0.147659063625 0.35092724679 1.797145 4.02266288952
0.147659063625 0.35092724679 1.797145 4.02266288952
0.147570485903 0.35092724679 1.796876 4.02549575071
0.147570485903 0.35092724679 1.796876 4.02549575071
0.148081534772 0.352353780314 1.78841 4.02549575071
0.147992810066 0.352353780314 1.787418 4.0283286119
0.147904191617 0.352353780314 1.786982 4.03116147309
0.147462686567 0.352353780314 1.765578 4.04532577904
0.147374701671 0.352353780314 1.751833 4.04815864023
0.147286821705 0.352353780314 1.748686 4.05099150142
0.147794994041 0.353780313837 1.747649 4.05099150142
0.147794994041 0.353780313837 1.747649 4.05099150142
0.147706968434 0.353780313837 1.745432 4.05382436261
0.147706968434 0.353780313837 1.745432 4.05382436261
0.148214285714 0.355206847361 1.744248 4.05382436261
0.148214285714 0.355206847361 1.744248 4.05382436261
0.148126115407 0.355206847361 1.743547 4.0566572238
0.148126115407 0.355206847361 1.743547 4.0566572238
0.148038049941 0.355206847361 1.735441 4.05949008499
0.147862232779 0.355206847361 1.731715 4.06515580737
0.147774480712 0.355206847361 1.731548 4.06798866856
0.147337278107 0.355206847361 1.719741 4.0821529745
0.147250147842 0.355206847361 1.719741 4.08498583569
0.146816037736 0.355206847361 1.713254 4.09915014164
0.146729522687 0.355206847361 1.710506 4.10198300283
0.146556798117 0.355206847361 1.705582 4.10764872521
0.146470588235 0.355206847361 1.703274 4.1104815864
0.146384479718 0.355206847361 1.702611 4.11331444759
0.146298472385 0.355206847361 1.701595 4.11614730878
0.145699239321 0.355206847361 1.688494 4.13597733711
0.145614035088 0.355206847361 1.68816 4.1388101983
0.14552893045 0.355206847361 1.687107 4.14164305949
0.146028037383 0.356633380884 1.684914 4.14164305949
0.146028037383 0.356633380884 1.684914 4.14164305949
0.145942790426 0.356633380884 1.6784 4.14447592068
0.145687645688 0.356633380884 1.672361 4.15297450425
0.145602795574 0.356633380884 1.671623 4.15580736544
0.145602795574 0.356633380884 1.671623 4.15580736544
0.145518044237 0.356633380884 1.668235 4.15864022663
0.145180023229 0.356633380884 1.662361 4.16997167139
0.145676146257 0.358059914408 1.661614 4.16997167139
0.145676146257 0.358059914408 1.661614 4.16997167139
0.145591647332 0.358059914408 1.659588 4.17280453258
0.145591647332 0.358059914408 1.659588 4.17280453258
0.145507246377 0.358059914408 1.657822 4.17563739377
0.145507246377 0.358059914408 1.657822 4.17563739377
0.145422943221 0.358059914408 1.65343 4.17847025496
0.145338737695 0.358059914408 1.652199 4.18130311615
0.14525462963 0.358059914408 1.651141 4.18413597734
0.14525462963 0.358059914408 1.651141 4.18413597734
0.145170618855 0.358059914408 1.650289 4.18696883853
0.145170618855 0.358059914408 1.650289 4.18696883853
0.145664739884 0.359486447932 1.6472 4.18696883853
0.145412579342 0.359486447932 1.639853 4.1954674221
0.145328719723 0.359486447932 1.63838 4.19830028329
0.145328719723 0.359486447932 1.63838 4.19830028329
0.145821325648 0.360912981455 1.636054 4.19830028329
0.145737327189 0.360912981455 1.631973 4.20113314448
0.145653425446 0.360912981455 1.62874 4.20396600567
0.145152036718 0.360912981455 1.617257 4.2209631728
0.145068807339 0.360912981455 1.610843 4.22379603399
0.144902634593 0.360912981455 1.60989 4.22946175637
0.145392100744 0.362339514979 1.609351 4.22946175637
0.145225843339 0.362339514979 1.602195 4.23512747875
0.145142857143 0.362339514979 1.600867 4.23796033994
0.144729344729 0.362339514979 1.587711 4.25212464589
0.144646924829 0.362339514979 1.587699 4.25495750708
0.144646924829 0.362339514979 1.587699 4.25495750708
0.145133750711 0.363766048502 1.584166 4.25495750708
0.144804088586 0.363766048502 1.576897 4.26628895184
0.144721906924 0.363766048502 1.575964 4.26912181303
0.144639818491 0.363766048502 1.573893 4.27195467422
0.144557823129 0.363766048502 1.573147 4.27478753541
0.144557823129 0.363766048502 1.573147 4.27478753541
0.14447592068 0.363766048502 1.572361 4.2776203966
0.144149236857 0.363766048502 1.556754 4.28895184136
0.14406779661 0.363766048502 1.555946 4.29178470255
0.143986448334 0.363766048502 1.555342 4.29461756374
0.143905191874 0.363766048502 1.554963 4.29745042493
0.143581081081 0.363766048502 1.538137 4.30878186969
0.143500281373 0.363766048502 1.519258 4.31161473088
0.143419572553 0.363766048502 1.518873 4.31444759207
0.143338954469 0.363766048502 1.512827 4.31728045326
0.143017386427 0.363766048502 1.50038 4.32861189802
0.142937219731 0.363766048502 1.496574 4.33144475921
0.142777155655 0.363766048502 1.491658 4.33711048159
0.142697257974 0.363766048502 1.491315 4.33994334278
0.142537730576 0.363766048502 1.490238 4.34560906516
0.142458100559 0.363766048502 1.490009 4.34844192635
0.142140468227 0.363766048502 1.481789 4.3597733711
0.142061281337 0.363766048502 1.473295 4.36260623229
0.142061281337 0.363766048502 1.473295 4.36260623229
0.141982182628 0.363766048502 1.472193 4.36543909348
0.141745414119 0.363766048502 1.46126 4.37393767705
0.141666666667 0.363766048502 1.456658 4.37677053824
0.141274238227 0.363766048502 1.442868 4.39093484419
0.141196013289 0.363766048502 1.437897 4.39376770538
0.141196013289 0.363766048502 1.437897 4.39376770538
0.141117874931 0.363766048502 1.426283 4.39660056657
0.141117874931 0.363766048502 1.426283 4.39660056657
0.141039823009 0.363766048502 1.4258 4.39943342776
0.141039823009 0.363766048502 1.4258 4.39943342776
0.14096185738 0.363766048502 1.419405 4.40226628895
0.140883977901 0.363766048502 1.415552 4.40509915014
0.140806184428 0.363766048502 1.41519 4.40793201133
0.140341221794 0.363766048502 1.387894 4.42492917847
0.140264026403 0.363766048502 1.387387 4.42776203966
0.140264026403 0.363766048502 1.387387 4.42776203966
0.140186915888 0.363766048502 1.385701 4.43059490085
0.139116202946 0.363766048502 1.349779 4.47025495751
0.139585605234 0.365192582026 1.341312 4.47025495751
0.138753387534 0.365192582026 1.320711 4.50141643059
0.138678223185 0.365192582026 1.314431 4.50424929178
0.138528138528 0.365192582026 1.301685 4.50991501416
0.138453217956 0.365192582026 1.297063 4.51274787535
0.1380798274 0.365192582026 1.287639 4.5269121813
0.138544474394 0.366619115549 1.268617 4.5269121813
0.138544474394 0.366619115549 1.268617 4.5269121813
0.13900862069 0.368045649073 1.263456 4.5269121813
0.138933764136 0.368045649073 1.259102 4.52974504249
0.139397201292 0.369472182596 1.254069 4.52974504249
0.139397201292 0.369472182596 1.254069 4.52974504249
0.13986013986 0.37089871612 1.253256 4.52974504249
0.139784946237 0.37089871612 1.244649 4.53257790368
0.140247178936 0.372325249643 1.243266 4.53257790368
0.139796464917 0.372325249643 1.235154 4.54957507082
0.140256959315 0.373751783167 1.234585 4.54957507082
0.13921360255 0.373751783167 1.212806 4.58923512748
0.139670738184 0.37517831669 1.206514 4.58923512748
0.13856691254 0.37517831669 1.150217 4.63172804533
0.138493944181 0.37517831669 1.148874 4.63456090652
0.138421052632 0.37517831669 1.142171 4.63739376771
0.138874276696 0.376604850214 1.135855 4.63739376771
0.137859007833 0.376604850214 1.072509 4.67705382436
0.137787056367 0.376604850214 1.069886 4.67988668555
0.13728549142 0.376604850214 1.046173 4.69971671388
0.137733887734 0.378031383738 1.046031 4.69971671388
0.137163561077 0.378031383738 1.026347 4.7223796034
0.137609932747 0.379457917261 1.025255 4.7223796034
0.136690647482 0.379457917261 0.978754 4.75920679887
0.137134052388 0.380884450785 0.978441 4.75920679887
0.136085626911 0.380884450785 0.929286 4.80169971671
0.136016301579 0.380884450785 0.927731 4.8045325779
0.135877862595 0.380884450785 0.920148 4.81019830028
0.135808748728 0.380884450785 0.912377 4.81303116147
0.135053110774 0.380884450785 0.86295 4.84419263456
0.134984833165 0.380884450785 0.857764 4.84702549575
0.134848484848 0.380884450785 0.848233 4.85269121813
0.134780413932 0.380884450785 0.844452 4.85552407932
0.134576612903 0.380884450785 0.832627 4.86402266289
0.135012594458 0.382310984308 0.831485 4.86402266289
0.134673366834 0.382310984308 0.808752 4.87818696884
0.134605725766 0.382310984308 0.808226 4.88101983003
0.134 0.382310984308 0.773761 4.90651558074
0.134432783608 0.383737517832 0.770983 4.90651558074
0.134432783608 0.383737517832 0.770983 4.90651558074
0.134365634366 0.383737517832 0.755584 4.90934844193
0.133830845771 0.383737517832 0.72486 4.93201133144
0.13376429637 0.383737517832 0.724063 4.93484419263
0.133300297324 0.383737517832 0.685368 4.95467422096
0.133234274393 0.383737517832 0.68328 4.95750708215
0.131669114048 0.383737517832 0.545455 5.02549575071
0.132093933464 0.385164051355 0.537659 5.02549575071
0.132093933464 0.385164051355 0.537659 5.02549575071
0.132029339853 0.385164051355 0.510163 5.0283286119
0.130120481928 0.385164051355 0.082133 5.11331444759
0.130057803468 0.385164051355 0.032931 5.11614730878
0.130057803468 0.385164051355 0.032931 5.11614730878
0.129995185364 0.385164051355 0.000108 5.11898016997
