1.0 0.0 inf 0.0
1.0 0.00142653352354 8.291371 0.0
1.0 0.00142653352354 8.291371 0.0
1.0 0.00285306704708 8.219538 0.0
0.5 0.00285306704708 7.964972 0.0056657223796
0.4 0.00285306704708 7.876225 0.00849858356941
0.333333333333 0.00285306704708 7.796017 0.0113314447592
0.285714285714 0.00285306704708 7.693444 0.014164305949
0.285714285714 0.00285306704708 7.693444 0.014164305949
0.25 0.00285306704708 7.690177 0.0169971671388
0.25 0.00285306704708 7.690177 0.0169971671388
0.222222222222 0.00285306704708 7.563789 0.0198300283286
0.222222222222 0.00285306704708 7.563789 0.0198300283286
0.2 0.00285306704708 7.555832 0.0226628895184
0.142857142857 0.00285306704708 7.1048 0.0339943342776
0.2 0.00427960057061 7.079572 0.0339943342776
0.176470588235 0.00427960057061 7.06015 0.0396600566572
0.166666666667 0.00427960057061 7.01764 0.042492917847
0.157894736842 0.00427960057061 7.000637 0.0453257790368
0.2 0.00570613409415 6.927991 0.0453257790368
0.16 0.00570613409415 6.867106 0.0594900849858
0.192307692308 0.00713266761769 6.854418 0.0594900849858
0.151515151515 0.00713266761769 6.735159 0.0793201133144
0.176470588235 0.00855920114123 6.715129 0.0793201133144
0.162162162162 0.00855920114123 6.624092 0.0878186968839
0.184210526316 0.00998573466476 6.569338 0.0878186968839
0.184210526316 0.00998573466476 6.569338 0.0878186968839
0.205128205128 0.0114122681883 6.559652 0.0878186968839
0.190476190476 0.0114122681883 6.487401 0.0963172804533
0.186046511628 0.0114122681883 6.485345 0.0991501416431
0.173913043478 0.0114122681883 6.417323 0.107648725212
0.170212765957 0.0114122681883 6.407683 0.110481586402
0.170212765957 0.0114122681883 6.407683 0.110481586402
0.1875 0.0128388017118 6.402267 0.110481586402
0.183673469388 0.0128388017118 6.400698 0.113314447592
0.2 0.0142653352354 6.394212 0.113314447592
0.2 0.0142653352354 6.394212 0.113314447592
0.196078431373 0.0142653352354 6.393093 0.116147308782
0.196078431373 0.0142653352354 6.393093 0.116147308782
0.192307692308 0.0142653352354 6.387722 0.118980169972
0.178571428571 0.0142653352354 6.289186 0.130311614731
0.175438596491 0.0142653352354 6.288799 0.133144475921
0.169491525424 0.0142653352354 6.264436 0.1388101983
0.166666666667 0.0142653352354 6.256859 0.14164305949
0.15873015873 0.0142653352354 6.233 0.150141643059
0.15625 0.0142653352354 6.226061 0.152974504249
0.142857142857 0.0142653352354 6.152752 0.169971671388
0.140845070423 0.0142653352354 6.144224 0.172804532578
0.131578947368 0.0142653352354 6.120784 0.186968838527
0.142857142857 0.0156918687589 6.105542 0.186968838527
0.1375 0.0156918687589 6.090047 0.195467422096
0.135802469136 0.0156918687589 6.075034 0.198300283286
0.130952380952 0.0156918687589 6.061408 0.206798866856
0.141176470588 0.0171184022825 6.06089 0.206798866856
0.134831460674 0.0171184022825 6.041962 0.218130311615
0.144444444444 0.018544935806 6.038332 0.218130311615
0.141304347826 0.018544935806 6.031198 0.223796033994
0.139784946237 0.018544935806 6.029336 0.226628895184
0.13829787234 0.018544935806 6.028984 0.229461756374
0.136842105263 0.018544935806 6.027798 0.232294617564
0.135416666667 0.018544935806 6.019999 0.235127478754
0.134020618557 0.018544935806 6.019601 0.237960339943
0.134020618557 0.018544935806 6.019601 0.237960339943
0.142857142857 0.0199714693295 6.016278 0.237960339943
0.138613861386 0.0199714693295 5.995688 0.246458923513
0.147058823529 0.0213980028531 5.98666 0.246458923513
0.140186915888 0.0213980028531 5.963776 0.260623229462
0.148148148148 0.0228245363766 5.956417 0.260623229462
0.145454545455 0.0228245363766 5.925453 0.266288951841
0.153153153153 0.0242510699001 5.924299 0.266288951841
0.151785714286 0.0242510699001 5.924083 0.269121813031
0.150442477876 0.0242510699001 5.907869 0.271954674221
0.141666666667 0.0242510699001 5.877064 0.29178470255
0.140495867769 0.0242510699001 5.862397 0.294617563739
0.137096774194 0.0242510699001 5.84696 0.303116147309
0.136 0.0242510699001 5.829911 0.305949008499
0.122302158273 0.0242510699001 5.744599 0.345609065156
0.121428571429 0.0242510699001 5.737673 0.348441926346
0.121428571429 0.0242510699001 5.737673 0.348441926346
0.120567375887 0.0242510699001 5.736649 0.351274787535
0.120567375887 0.0242510699001 5.736649 0.351274787535
0.12676056338 0.0256776034237 5.732076 0.351274787535
0.12676056338 0.0256776034237 5.732076 0.351274787535
0.132867132867 0.0271041369472 5.728032 0.351274787535
0.12582781457 0.0271041369472 5.695018 0.373937677054
0.125 0.0271041369472 5.694095 0.376770538244
0.121794871795 0.0271041369472 5.684096 0.388101983003
0.12101910828 0.0271041369472 5.661188 0.390934844193
0.114457831325 0.0271041369472 5.613279 0.416430594901
0.11377245509 0.0271041369472 5.610716 0.419263456091
0.106145251397 0.0271041369472 5.552276 0.453257790368
0.105555555556 0.0271041369472 5.532256 0.456090651558
0.105555555556 0.0271041369472 5.532256 0.456090651558
0.104972375691 0.0271041369472 5.531204 0.458923512748
0.101604278075 0.0271041369472 5.511866 0.475920679887
0.106382978723 0.0285306704708 5.510045 0.475920679887
0.103092783505 0.0285306704708 5.451711 0.492917847025
0.102564102564 0.0285306704708 5.437938 0.495750708215
0.1 0.0285306704708 5.398086 0.509915014164
0.0995024875622 0.0285306704708 5.396433 0.512747875354
0.0995024875622 0.0285306704708 5.396433 0.512747875354
0.10396039604 0.0299572039943 5.395216 0.512747875354
0.103448275862 0.0299572039943 5.393498 0.515580736544
0.102941176471 0.0299572039943 5.382966 0.518413597734
0.10243902439 0.0299572039943 5.377749 0.521246458924
0.106796116505 0.0313837375178 5.377635 0.521246458924
0.103286384977 0.0313837375178 5.358159 0.541076487252
0.102803738318 0.0313837375178 5.356532 0.543909348442
0.100456621005 0.0313837375178 5.335116 0.558073654391
0.1 0.0313837375178 5.335098 0.560906515581
0.0986547085202 0.0313837375178 5.31356 0.56940509915
0.0982142857143 0.0313837375178 5.312061 0.57223796034
0.0969162995595 0.0313837375178 5.296866 0.580736543909
0.0964912280702 0.0313837375178 5.28429 0.583569405099
0.0866141732283 0.0313837375178 5.175591 0.657223796034
0.0901960784314 0.0328102710414 5.168798 0.657223796034
0.0867924528302 0.0328102710414 5.133389 0.685552407932
0.0864661654135 0.0328102710414 5.132024 0.688385269122
0.0848708487085 0.0328102710414 5.104505 0.702549575071
0.0882352941176 0.0342368045649 5.103874 0.702549575071
0.0797342192691 0.0342368045649 4.986963 0.784702549575
0.0794701986755 0.0342368045649 4.986746 0.787535410765
0.0764331210191 0.0342368045649 4.938028 0.821529745042
0.0761904761905 0.0342368045649 4.935122 0.824362606232
0.0745341614907 0.0342368045649 4.914765 0.844192634561
0.077399380805 0.0356633380884 4.9127 0.844192634561
0.0762195121951 0.0356633380884 4.892328 0.85835694051
0.0790273556231 0.037089871612 4.888613 0.85835694051
0.0790273556231 0.037089871612 4.888613 0.85835694051
0.0787878787879 0.037089871612 4.886931 0.8611898017
0.0787878787879 0.037089871612 4.886931 0.8611898017
0.0815709969789 0.0385164051355 4.88021 0.8611898017
0.0775862068966 0.0385164051355 4.826434 0.909348441926
0.080229226361 0.0399429386591 4.825532 0.909348441926
0.0779944289694 0.0399429386591 4.798657 0.937677053824
0.0777777777778 0.0399429386591 4.796872 0.940509915014
0.0758807588076 0.0399429386591 4.770048 0.966005665722
0.0756756756757 0.0399429386591 4.761674 0.968838526912
0.0729166666667 0.0399429386591 4.731367 1.00849858357
0.0753246753247 0.0413694721826 4.729172 1.00849858357
0.0753246753247 0.0413694721826 4.729172 1.00849858357
0.0777202072539 0.0427960057061 4.726093 1.00849858357
0.0737100737101 0.0427960057061 4.678027 1.06798866856
0.0735294117647 0.0427960057061 4.676584 1.07082152975
0.0717703349282 0.0427960057061 4.64706 1.09915014164
0.0715990453461 0.0427960057061 4.640257 1.10198300283
0.0715990453461 0.0427960057061 4.640257 1.10198300283
0.0738095238095 0.0442225392297 4.637122 1.10198300283
0.0717592592593 0.0442225392297 4.610162 1.13597733711
0.0715935334873 0.0442225392297 4.609312 1.1388101983
0.0706150341686 0.0442225392297 4.601923 1.15580736544
0.0727272727273 0.0456490727532 4.598575 1.15580736544
0.0711111111111 0.0456490727532 4.580197 1.18413597734
0.0731707317073 0.0470756062767 4.578656 1.18413597734
0.0723684210526 0.0470756062767 4.569135 1.19830028329
0.0722100656455 0.0470756062767 4.567425 1.20113314448
0.0708154506438 0.0470756062767 4.551664 1.22662889518
0.0706638115632 0.0470756062767 4.543872 1.22946175637
0.0699152542373 0.0470756062767 4.535231 1.24362606232
0.0718816067653 0.0485021398003 4.534005 1.24362606232
0.069387755102 0.0485021398003 4.493357 1.29178470255
0.071283095723 0.0499286733238 4.490467 1.29178470255
0.0698602794411 0.0499286733238 4.474899 1.32011331445
0.0697211155378 0.0499286733238 4.471666 1.32294617564
0.0678294573643 0.0499286733238 4.453285 1.36260623229
0.0676982591876 0.0499286733238 4.450235 1.36543909348
0.0654205607477 0.0499286733238 4.41505 1.4164305949
0.0652985074627 0.0499286733238 4.414732 1.41926345609
0.0649350649351 0.0499286733238 4.407828 1.42776203966
0.0648148148148 0.0499286733238 4.405307 1.43059490085
0.0622775800712 0.0499286733238 4.339876 1.49291784703
0.0639431616341 0.0513552068474 4.336722 1.49291784703
0.0626086956522 0.0513552068474 4.317128 1.5269121813
0.0625 0.0513552068474 4.311217 1.52974504249
0.0578778135048 0.0513552068474 4.191085 1.66005665722
0.0593900481541 0.0527817403709 4.187893 1.66005665722
0.0586370839937 0.0527817403709 4.174526 1.68271954674
0.0601265822785 0.0542082738944 4.173911 1.68271954674
0.059842519685 0.0542082738944 4.169801 1.69121813031
0.061320754717 0.055634807418 4.16657 1.69121813031
0.0609375 0.055634807418 4.161571 1.70254957507
0.0608424336973 0.055634807418 4.161146 1.70538243626
0.0602782071097 0.055634807418 4.15022 1.7223796034
0.0601851851852 0.055634807418 4.148297 1.72521246459
0.060092449923 0.055634807418 4.147002 1.72804532578
0.0615384615385 0.0570613409415 4.145245 1.72804532578
0.0611620795107 0.0570613409415 4.139179 1.73937677054
0.0610687022901 0.0570613409415 4.139164 1.74220963173
0.0590841949778 0.0570613409415 4.101325 1.8045325779
0.0589970501475 0.0570613409415 4.101279 1.80736543909
0.0580551523948 0.0570613409415 4.080152 1.83852691218
0.0579710144928 0.0570613409415 4.077337 1.84135977337
0.0564174894217 0.0570613409415 4.048323 1.89518413598
0.056338028169 0.0570613409415 4.047601 1.89801699717
0.053050397878 0.0570613409415 3.984899 2.02266288952
0.0543046357616 0.058487874465 3.984872 2.02266288952
0.05317769131 0.058487874465 3.963665 2.06798866856
0.0544041450777 0.0599144079886 3.96266 2.06798866856
0.0537084398977 0.0599144079886 3.947784 2.09631728045
0.0536398467433 0.0599144079886 3.947133 2.09915014164
0.0529634300126 0.0599144079886 3.92862 2.12747875354
0.0528967254408 0.0599144079886 3.927505 2.13031161473
0.0522388059701 0.0599144079886 3.920127 2.15864022663
0.0534161490683 0.0613409415121 3.916801 2.15864022663
0.0529556650246 0.0613409415121 3.905903 2.17847025496
0.0528905289053 0.0613409415121 3.902064 2.18130311615
0.0518072289157 0.0613409415121 3.881557 2.22946175637
0.0517448856799 0.0613409415121 3.879838 2.23229461756
0.0508274231678 0.0613409415121 3.841796 2.27478753541
0.0507674144038 0.0613409415121 3.84163 2.2776203966
0.0504694835681 0.0613409415121 3.834894 2.29178470255
0.0515826494725 0.0627674750357 3.8335 2.29178470255
0.0512223515716 0.0627674750357 3.824836 2.30878186969
0.0523255813953 0.0641940085592 3.824313 2.30878186969
0.0522041763341 0.0641940085592 3.817453 2.31444759207
0.053302433372 0.0656205420827 3.816511 2.31444759207
0.0512249443207 0.0656205420827 3.750436 2.41359773371
0.0511679644049 0.0656205420827 3.74932 2.4164305949
0.0504385964912 0.0656205420827 3.729135 2.45325779037
0.0514786418401 0.0670470756063 3.728731 2.45325779037
0.0498938428875 0.0670470756063 3.691911 2.53541076487
0.0498409331919 0.0670470756063 3.69101 2.53824362606
0.049421661409 0.0670470756063 3.684107 2.56090651558
0.0493697478992 0.0670470756063 3.679524 2.56373937677
0.0492146596859 0.0670470756063 3.66917 2.57223796034
0.0502092050209 0.0684736091298 3.66636 2.57223796034
0.0483870967742 0.0684736091298 3.613316 2.67422096317
0.0483383685801 0.0684736091298 3.612808 2.67705382436
0.0481444332999 0.0684736091298 3.604666 2.68838526912
0.0490981963928 0.0699001426534 3.60259 2.68838526912
0.0487562189055 0.0699001426534 3.593807 2.70821529745
0.0487077534791 0.0699001426534 3.592531 2.71104815864
0.0481809242871 0.0699001426534 3.571242 2.74220963173
0.0481335952849 0.0699001426534 3.570317 2.74504249292
0.0479921645446 0.0699001426534 3.563255 2.75354107649
0.0489236790607 0.0713266761769 3.56233 2.75354107649
0.0486854917235 0.0713266761769 3.558766 2.76770538244
0.0496108949416 0.0727532097004 3.557798 2.76770538244
0.0492277992278 0.0727532097004 3.544816 2.79036827195
0.0491803278689 0.0727532097004 3.544304 2.79320113314
0.0490384615385 0.0727532097004 3.542825 2.80169971671
0.0499519692603 0.074179743224 3.542414 2.80169971671
0.0492424242424 0.074179743224 3.521752 2.84419263456
0.0501419110691 0.0756062767475 3.521713 2.84419263456
0.0492107706592 0.0756062767475 3.500588 2.90084985836
0.0491651205937 0.0756062767475 3.498612 2.90368271955
0.048802946593 0.0756062767475 3.47863 2.92634560907
0.048758049678 0.0756062767475 3.478566 2.92917847025
0.0484903934126 0.0756062767475 3.471462 2.94617563739
0.0493601462523 0.077032810271 3.466468 2.94617563739
0.049001814882 0.077032810271 3.455559 2.96883852691
0.0498640072529 0.0784593437946 3.455408 2.96883852691
0.0494604316547 0.0784593437946 3.446226 2.99433427762
0.0494159928122 0.0784593437946 3.445605 2.99716713881
0.0492390331244 0.0784593437946 3.438812 3.00849858357
0.0491949910555 0.0784593437946 3.436884 3.01133144476
0.0491949910555 0.0784593437946 3.436884 3.01133144476
0.0500446827525 0.0798858773181 3.434711 3.01133144476
0.0485689505637 0.0798858773181 3.379462 3.10764872521
0.0485268630849 0.0798858773181 3.379164 3.1104815864
0.0482342807924 0.0798858773181 3.37551 3.13031161473
0.0490533562823 0.0813124108417 3.374488 3.13031161473
0.0483050847458 0.0813124108417 3.349772 3.18130311615
0.0482641828959 0.0813124108417 3.347971 3.18413597734
0.0480202190396 0.0813124108417 3.342844 3.20113314448
0.0479797979798 0.0813124108417 3.342653 3.20396600567
0.0472245236123 0.0813124108417 3.317392 3.25779036827
0.0471854304636 0.0813124108417 3.316956 3.26062322946
0.0467980295567 0.0813124108417 3.308198 3.28895184136
0.0475799835931 0.0827389443652 3.304719 3.28895184136
0.0472312703583 0.0827389443652 3.292919 3.31444759207
0.0480065093572 0.0841654778887 3.291627 3.31444759207
0.0462745098039 0.0841654778887 3.239498 3.4447592068
0.0462382445141 0.0841654778887 3.23793 3.44759206799
0.0455950540958 0.0841654778887 3.221649 3.49858356941
0.046332046332 0.0855920114123 3.220819 3.49858356941
0.0440852314475 0.0855920114123 3.158053 3.68555240793
0.0447870778267 0.0870185449358 3.157766 3.68555240793
0.0443313953488 0.0870185449358 3.143281 3.72521246459
0.0450254175744 0.0884450784593 3.142413 3.72521246459
0.0446685878963 0.0884450784593 3.130774 3.75637393768
0.0453563714903 0.0898716119829 3.130546 3.75637393768
0.0453237410072 0.0898716119829 3.128228 3.75920679887
0.0460100647017 0.0912981455064 3.128007 3.75920679887
0.0459770114943 0.0912981455064 3.127543 3.76203966006
0.0466618808327 0.09272467903 3.125597 3.76203966006
0.0466618808327 0.09272467903 3.125597 3.76203966006
0.0466284074605 0.09272467903 3.124289 3.76487252125
0.0460014154282 0.09272467903 3.100324 3.81869688385
0.046676096181 0.0941512125535 3.100121 3.81869688385
0.0462833099579 0.0941512125535 3.088746 3.85269121813
0.0462508759636 0.0941512125535 3.087969 3.85552407932
0.0458651841557 0.0941512125535 3.078857 3.8895184136
0.0458333333333 0.0941512125535 3.078676 3.89235127479
0.045643153527 0.0941512125535 3.075167 3.90934844193
0.0463026952315 0.095577746077 3.075047 3.90934844193
0.0450571620713 0.095577746077 3.043484 4.02266288952
0.0450268817204 0.095577746077 3.041947 4.02549575071
0.043534762833 0.095577746077 2.99162 4.16997167139
0.0435064935065 0.095577746077 2.991057 4.17280453258
0.0431423052157 0.095577746077 2.98123 4.20963172805
0.043758043758 0.0970042796006 2.97959 4.20963172805
0.043758043758 0.0970042796006 2.97959 4.20963172805
0.043729903537 0.0970042796006 2.977992 4.21246458924
0.0437017994859 0.0970042796006 2.976845 4.21529745042
0.043673731535 0.0970042796006 2.975955 4.21813031161
0.0417434008594 0.0970042796006 2.899594 4.42209631728
0.0423312883436 0.0984308131241 2.899323 4.42209631728
0.0422794117647 0.0984308131241 2.896682 4.42776203966
0.0422535211268 0.0984308131241 2.895057 4.43059490085
0.0422276621787 0.0984308131241 2.892988 4.43342776204
0.0422018348624 0.0984308131241 2.892606 4.43626062323
0.0421760391198 0.0984308131241 2.891525 4.43909348442
0.0427611484423 0.0998573466476 2.890284 4.43909348442
0.0426569165143 0.0998573466476 2.883336 4.45042492918
0.0426309378806 0.0998573466476 2.883258 4.45325779037
0.0425015179114 0.0998573466476 2.877532 4.46742209632
0.0424757281553 0.0998573466476 2.876708 4.47025495751
0.0419161676647 0.0998573466476 2.856573 4.53257790368
0.0424895272292 0.101283880171 2.854799 4.53257790368
0.0422619047619 0.101283880171 2.84387 4.55807365439
0.0422367638311 0.101283880171 2.843837 4.56090651558
0.0421865715983 0.101283880171 2.842612 4.56657223796
0.04216152019 0.101283880171 2.840008 4.56940509915
0.0421115065243 0.101283880171 2.837142 4.57507082153
0.0426793123889 0.102710413695 2.836933 4.57507082153
0.0422287390029 0.102710413695 2.819394 4.62606232295
0.042203985932 0.102710413695 2.819384 4.62889518414
0.0416425679584 0.102710413695 2.802631 4.6940509915
0.0416184971098 0.102710413695 2.80255 4.69688385269
0.0412135088724 0.102710413695 2.783402 4.74504249292
0.0411899313501 0.102710413695 2.782011 4.74787535411
0.0405862457723 0.102710413695 2.753631 4.82152974504
0.0405633802817 0.102710413695 2.752877 4.82436260623
0.0405405405405 0.102710413695 2.752334 4.82719546742
0.0405177265053 0.102710413695 2.751152 4.83002832861
0.0402234636872 0.102710413695 2.742903 4.86685552408
0.0402010050251 0.102710413695 2.742687 4.86968838527
0.0396257567419 0.102710413695 2.709229 4.9433427762
0.039603960396 0.102710413695 2.70901 4.94617563739
0.03951701427 0.102710413695 2.706724 4.95750708215
0.0400438837082 0.104136947218 2.704819 4.95750708215
0.0393530997305 0.104136947218 2.680945 5.04815864023
0.0398706896552 0.105563480742 2.680793 5.04815864023
0.0397422126745 0.105563480742 2.675925 5.06515580737
0.0397208803006 0.105563480742 2.67591 5.06798866856
0.0391741662255 0.105563480742 2.657122 5.14164305949
0.0396825396825 0.106990014265 2.656774 5.14164305949
0.0389812889813 0.106990014265 2.630206 5.23796033994
0.0394805194805 0.108416547789 2.628174 5.23796033994
0.0392359318534 0.108416547789 2.614729 5.27195467422
0.0392156862745 0.108416547789 2.614565 5.27478753541
0.03899435608 0.108416547789 2.609681 5.3059490085
0.0389743589744 0.108416547789 2.609389 5.30878186969
0.0387953037264 0.108416547789 2.598166 5.3342776204
0.0387755102041 0.108416547789 2.597287 5.33711048159
0.0387162506368 0.108416547789 2.592472 5.34560906516
0.0392057026477 0.109843081312 2.59067 5.34560906516
0.0391857506361 0.109843081312 2.589887 5.34844192635
0.0391658189217 0.109843081312 2.589592 5.35127478754
0.0385385385385 0.109843081312 2.555115 5.44192634561
0.0390195097549 0.111269614836 2.554851 5.44192634561
0.0385565991102 0.111269614836 2.537438 5.50991501416
0.0390316205534 0.112696148359 2.536826 5.50991501416
0.0389546351085 0.112696148359 2.530933 5.52124645892
0.0394282897979 0.114122681883 2.52986 5.52124645892
0.0389863547758 0.114122681883 2.513415 5.58640226629
0.038967364832 0.114122681883 2.512438 5.58923512748
0.0382043935053 0.114122681883 2.47723 5.70538243626
0.0386634844869 0.115549215407 2.476722 5.70538243626
0.0385347288297 0.115549215407 2.47061 5.72521246459
0.03899191631 0.11697574893 2.470288 5.72521246459
0.038807382868 0.11697574893 2.46421 5.75354107649
0.0392620624409 0.118402282454 2.464102 5.75354107649
0.0386585933861 0.118402282454 2.432223 5.84702549575
0.0391061452514 0.119828815977 2.430931 5.84702549575
0.0382862351869 0.119828815977 2.388419 5.97733711048
0.0382687927107 0.119828815977 2.386439 5.98016997167
0.0382687927107 0.119828815977 2.386439 5.98016997167
0.0382513661202 0.119828815977 2.384484 5.98300283286
0.0380607159039 0.119828815977 2.375914 6.01416430595
0.0384963768116 0.121255349501 2.375269 6.01416430595
0.038374717833 0.121255349501 2.368059 6.03399433428
0.0388086642599 0.122681883024 2.367904 6.03399433428
0.0387387387387 0.122681883024 2.362 6.04532577904
0.0387212967132 0.122681883024 2.360743 6.04815864023
0.0385650224215 0.122681883024 2.349221 6.07365439093
0.0389959659346 0.124108416548 2.347622 6.07365439093
0.038961038961 0.124108416548 2.34699 6.07932011331
0.0389435989257 0.124108416548 2.346424 6.0821529745
0.0388566324252 0.124108416548 2.340498 6.09631728045
0.0392857142857 0.125534950071 2.339596 6.09631728045
0.0387153541575 0.125534950071 2.307741 6.18980169972
0.0391380826737 0.126961483595 2.306087 6.18980169972
0.0389837932545 0.126961483595 2.296481 6.21529745042
0.0394045534151 0.128388017118 2.295788 6.21529745042
0.0394045534151 0.128388017118 2.295788 6.21529745042
0.0393873085339 0.128388017118 2.294306 6.21813031161
0.0390117035111 0.128388017118 2.27125 6.28045325779
0.0394280762565 0.129814550642 2.270233 6.28045325779
0.0392072382594 0.129814550642 2.259605 6.31728045326
0.0391903531438 0.129814550642 2.259448 6.32011331445
0.0388059701493 0.129814550642 2.228028 6.38526912181
0.038789428815 0.129814550642 2.227148 6.388101983
0.0387398893146 0.129814550642 2.223869 6.39660056657
0.0391489361702 0.131241084165 2.223032 6.39660056657
0.0389170896785 0.131241084165 2.207471 6.43626062323
0.0389006342495 0.131241084165 2.207137 6.43909348442
0.0383973288815 0.131241084165 2.174849 6.5269121813
0.0383813099708 0.131241084165 2.173968 6.52974504249
0.037797863599 0.131241084165 2.140552 6.63456090652
0.0381930184805 0.132667617689 2.140088 6.63456090652
0.0379901960784 0.132667617689 2.129698 6.67138810198
0.0379746835443 0.132667617689 2.128794 6.67422096317
0.0376518218623 0.132667617689 2.10256 6.73371104816
0.0376365843788 0.132667617689 2.100998 6.73654390935
0.0370075606844 0.132667617689 2.058202 6.85552407932
0.0373906125696 0.134094151213 2.058153 6.85552407932
0.0371541501976 0.134094151213 2.03538 6.90084985836
0.0375345713157 0.135520684736 2.033544 6.90084985836
0.0372257053292 0.135520684736 2.009023 6.96033994334
0.0376028202115 0.13694721826 2.009019 6.96033994334
0.0375293197811 0.13694721826 2.000196 6.97450424929
0.0375146541618 0.13694721826 1.999825 6.97733711048
0.0373540856031 0.13694721826 1.987862 7.00849858357
0.0373395565928 0.13694721826 1.98721 7.01133144476
0.0370799536501 0.13694721826 1.964049 7.06232294618
0.0370656370656 0.13694721826 1.963892 7.06515580737
0.0369657296881 0.13694721826 1.954824 7.08498583569
0.0369515011547 0.13694721826 1.953629 7.08781869688
0.0368522072937 0.13694721826 1.9468 7.10764872521
0.0372217958557 0.138373751783 1.945963 7.10764872521
0.0370653419947 0.138373751783 1.937193 7.1388101983
0.03705118411 0.138373751783 1.936855 7.14164305949
0.0370087752766 0.138373751783 1.935291 7.15014164306
0.0373760488177 0.139800285307 1.932862 7.15014164306
0.037037037037 0.139800285307 1.898714 7.21813031161
0.0370230449566 0.139800285307 1.897481 7.2209631728
0.0368559608876 0.139800285307 1.880807 7.25495750708
0.0372180451128 0.14122681883 1.880453 7.25495750708
0.0370093457944 0.14122681883 1.871441 7.29745042493
0.0369955156951 0.14122681883 1.869546 7.30028328612
0.0365988909427 0.14122681883 1.836065 7.38243626062
0.0365853658537 0.14122681883 1.835664 7.38526912181
0.0365853658537 0.14122681883 1.835664 7.38526912181
0.0369412633912 0.142653352354 1.834861 7.38526912181
0.036886757654 0.142653352354 1.831876 7.39660056657
0.0372418879056 0.144079885877 1.830716 7.39660056657
0.0369152046784 0.144079885877 1.806935 7.46458923513
0.0369017172086 0.144079885877 1.806342 7.46742209632
0.0368747718145 0.144079885877 1.798252 7.4730878187
0.0372262773723 0.145506419401 1.797145 7.4730878187
0.0369699166365 0.145506419401 1.781689 7.5269121813
0.0373188405797 0.146932952924 1.781346 7.5269121813
0.0371572871573 0.146932952924 1.765578 7.56090651558
0.0371438874865 0.146932952924 1.763322 7.56373937677
0.0371304974766 0.146932952924 1.763078 7.56657223796
0.0371171171171 0.146932952924 1.762298 7.56940509915
0.0370237239396 0.146932952924 1.748686 7.58923512748
0.0373697448796 0.148359486448 1.747649 7.58923512748
0.0371959942775 0.148359486448 1.731715 7.62606232295
0.0371826957454 0.148359486448 1.731548 7.62889518414
0.0366326171187 0.148359486448 1.688494 7.74787535411
0.0366197183099 0.148359486448 1.68816 7.7507082153
0.0365553602812 0.148359486448 1.685633 7.76487252125
0.036893886156 0.149786019971 1.684914 7.76487252125
0.0364330326162 0.149786019971 1.645956 7.86685552408
0.0367672563302 0.151212553495 1.644368 7.86685552408
0.0364637082903 0.151212553495 1.611704 7.93484419263
0.0364511691884 0.151212553495 1.610843 7.93767705382
0.0364010989011 0.151212553495 1.60989 7.94900849858
0.0367318915208 0.152639087019 1.609351 7.94900849858
0.0358819584172 0.152639087019 1.53311 8.14447592068
0.0358699296011 0.152639087019 1.531147 8.14730878187
0.0357142857143 0.152639087019 1.515035 8.18413597734
0.0357023690357 0.152639087019 1.512827 8.18696883853
0.0356666666667 0.152639087019 1.511312 8.1954674221
0.0356547817394 0.152639087019 1.510394 8.19830028329
0.0355127779622 0.152639087019 1.491658 8.23229461756
0.0358327803583 0.154065620542 1.491315 8.23229461756
0.0356671070013 0.154065620542 1.473295 8.27195467422
0.0356553317927 0.154065620542 1.472193 8.27478753541
0.0352825873897 0.154065620542 1.415552 8.36543909348
0.0352710646636 0.154065620542 1.41519 8.36827195467
0.0347714101739 0.154065620542 1.361006 8.49291784703
0.035082072739 0.155492154066 1.360781 8.49291784703
0.035082072739 0.155492154066 1.360781 8.49291784703
0.0353925353925 0.156918687589 1.360453 8.49291784703
0.0352677140109 0.156918687589 1.342961 8.52407932011
0.0355769230769 0.158345221113 1.341312 8.52407932011
0.0351599619892 0.158345221113 1.301394 8.62889518414
0.0351488283724 0.158345221113 1.297063 8.63172804533
0.0348946872053 0.158345221113 1.253256 8.69688385269
0.0351979886864 0.159771754636 1.252506 8.69688385269
0.0349781386633 0.159771754636 1.229767 8.75354107649
0.0349672182329 0.159771754636 1.228338 8.75637393768
0.0345359235276 0.159771754636 1.169928 8.86968838527
0.0348335388409 0.16119828816 1.168692 8.86968838527
0.0343152140905 0.16119828816 1.074963 9.00849858357
0.0343047965999 0.16119828816 1.074892 9.01133144476
0.0337313432836 0.16119828816 1.015034 9.16997167139
0.0340196956132 0.162624821683 1.013724 9.16997167139
0.0321579689704 0.162624821683 0.683994 9.71954674221
0.0324309080654 0.164051355207 0.68328 9.71954674221
0.030773347605 0.164051355207 0.032931 10.2606232295
0.0307651150348 0.164051355207 0.000108 10.2634560907
