1.0 0.0 inf 0.0
1.0 0.00142653352354 8.291371 0.0
1.0 0.00142653352354 8.291371 0.0
1.0 0.00285306704708 8.219538 0.0
0.5 0.00285306704708 7.964972 0.0056657223796
0.4 0.00285306704708 7.876225 0.00849858356941
0.333333333333 0.00285306704708 7.796017 0.0113314447592
0.285714285714 0.00285306704708 7.693444 0.014164305949
0.285714285714 0.00285306704708 7.693444 0.014164305949
0.25 0.00285306704708 7.690177 0.0169971671388
0.25 0.00285306704708 7.690177 0.0169971671388
0.222222222222 0.00285306704708 7.563789 0.0198300283286
0.222222222222 0.00285306704708 7.563789 0.0198300283286
0.2 0.00285306704708 7.555832 0.0226628895184
0.142857142857 0.00285306704708 7.1048 0.0339943342776
0.2 0.00427960057061 7.079572 0.0339943342776
0.176470588235 0.00427960057061 7.06015 0.0396600566572
0.166666666667 0.00427960057061 7.01764 0.042492917847
0.157894736842 0.00427960057061 7.000637 0.0453257790368
0.2 0.00570613409415 6.927991 0.0453257790368
0.16 0.00570613409415 6.867106 0.0594900849858
0.192307692308 0.00713266761769 6.854418 0.0594900849858
0.147058823529 0.00713266761769 6.735159 0.0821529745042
0.171428571429 0.00855920114123 6.715129 0.0821529745042
0.153846153846 0.00855920114123 6.624092 0.0934844192635
0.175 0.00998573466476 6.569338 0.0934844192635
0.175 0.00998573466476 6.569338 0.0934844192635
0.19512195122 0.0114122681883 6.559652 0.0934844192635
0.181818181818 0.0114122681883 6.487401 0.101983002833
0.177777777778 0.0114122681883 6.485345 0.104815864023
0.166666666667 0.0114122681883 6.417323 0.113314447592
0.163265306122 0.0114122681883 6.407683 0.116147308782
0.163265306122 0.0114122681883 6.407683 0.116147308782
0.18 0.0128388017118 6.402267 0.116147308782
0.176470588235 0.0128388017118 6.400698 0.118980169972
0.192307692308 0.0142653352354 6.394212 0.118980169972
0.192307692308 0.0142653352354 6.394212 0.118980169972
0.188679245283 0.0142653352354 6.393093 0.121813031161
0.188679245283 0.0142653352354 6.393093 0.121813031161
0.185185185185 0.0142653352354 6.387722 0.124645892351
0.166666666667 0.0142653352354 6.289186 0.14164305949
0.16393442623 0.0142653352354 6.288799 0.14447592068
0.15625 0.0142653352354 6.264436 0.152974504249
0.153846153846 0.0142653352354 6.256859 0.155807365439
0.147058823529 0.0142653352354 6.233 0.164305949008
0.144927536232 0.0142653352354 6.226061 0.167138810198
0.133333333333 0.0142653352354 6.152752 0.184135977337
0.131578947368 0.0142653352354 6.144224 0.186968838527
0.123456790123 0.0142653352354 6.120784 0.201133144476
0.134146341463 0.0156918687589 6.105542 0.201133144476
0.129411764706 0.0156918687589 6.090047 0.209631728045
0.127906976744 0.0156918687589 6.075034 0.212464589235
0.123595505618 0.0156918687589 6.061408 0.220963172805
0.133333333333 0.0171184022825 6.06089 0.220963172805
0.127659574468 0.0171184022825 6.041962 0.232294617564
0.136842105263 0.018544935806 6.038332 0.232294617564
0.134020618557 0.018544935806 6.031198 0.237960339943
0.132653061224 0.018544935806 6.029336 0.240793201133
0.131313131313 0.018544935806 6.028984 0.243626062323
0.13 0.018544935806 6.027798 0.246458923513
0.128712871287 0.018544935806 6.019999 0.249291784703
0.127450980392 0.018544935806 6.019601 0.252124645892
0.127450980392 0.018544935806 6.019601 0.252124645892
0.135922330097 0.0199714693295 6.016278 0.252124645892
0.12962962963 0.0199714693295 5.995268 0.266288951841
0.137614678899 0.0213980028531 5.98666 0.266288951841
0.131578947368 0.0213980028531 5.963776 0.28045325779
0.139130434783 0.0228245363766 5.956417 0.28045325779
0.135593220339 0.0228245363766 5.925453 0.28895184136
0.142857142857 0.0242510699001 5.924299 0.28895184136
0.141666666667 0.0242510699001 5.924083 0.29178470255
0.140495867769 0.0242510699001 5.907869 0.294617563739
0.131782945736 0.0242510699001 5.877064 0.317280453258
0.130769230769 0.0242510699001 5.862397 0.320113314448
0.127819548872 0.0242510699001 5.84696 0.328611898017
0.126865671642 0.0242510699001 5.829911 0.331444759207
0.114093959732 0.0242510699001 5.744599 0.373937677054
0.113333333333 0.0242510699001 5.737673 0.376770538244
0.113333333333 0.0242510699001 5.737673 0.376770538244
0.112582781457 0.0242510699001 5.736649 0.379603399433
0.112582781457 0.0242510699001 5.736649 0.379603399433
0.118421052632 0.0256776034237 5.732076 0.379603399433
0.118421052632 0.0256776034237 5.732076 0.379603399433
0.124183006536 0.0271041369472 5.728032 0.379603399433
0.11801242236 0.0271041369472 5.695018 0.402266288952
0.117283950617 0.0271041369472 5.694095 0.405099150142
0.114457831325 0.0271041369472 5.684096 0.416430594901
0.11377245509 0.0271041369472 5.661188 0.419263456091
0.107954545455 0.0271041369472 5.613279 0.444759206799
0.107344632768 0.0271041369472 5.610716 0.447592067989
0.0994764397906 0.0271041369472 5.536063 0.487252124646
0.0989583333333 0.0271041369472 5.532256 0.490084985836
0.0989583333333 0.0271041369472 5.532256 0.490084985836
0.0984455958549 0.0271041369472 5.531204 0.492917847025
0.0954773869347 0.0271041369472 5.511866 0.509915014164
0.1 0.0285306704708 5.510045 0.509915014164
0.0980392156863 0.0285306704708 5.466839 0.521246458924
0.10243902439 0.0299572039943 5.46252 0.521246458924
0.100961538462 0.0299572039943 5.451711 0.529745042493
0.1004784689 0.0299572039943 5.437938 0.532577903683
0.0981308411215 0.0299572039943 5.398086 0.546742209632
0.0976744186047 0.0299572039943 5.396433 0.549575070822
0.0976744186047 0.0299572039943 5.396433 0.549575070822
0.101851851852 0.0313837375178 5.395216 0.549575070822
0.101382488479 0.0313837375178 5.393498 0.552407932011
0.100917431193 0.0313837375178 5.382966 0.555240793201
0.100456621005 0.0313837375178 5.377749 0.558073654391
0.104545454545 0.0328102710414 5.377635 0.558073654391
0.101321585903 0.0328102710414 5.358159 0.57790368272
0.100877192982 0.0328102710414 5.356532 0.580736543909
0.0987124463519 0.0328102710414 5.335116 0.594900849858
0.0982905982906 0.0328102710414 5.335098 0.597733711048
0.0970464135021 0.0328102710414 5.31356 0.606232294618
0.0966386554622 0.0328102710414 5.312061 0.609065155807
0.0954356846473 0.0328102710414 5.296866 0.617563739377
0.095041322314 0.0328102710414 5.28429 0.620396600567
0.0855018587361 0.0328102710414 5.175591 0.696883852691
0.0888888888889 0.0342368045649 5.168798 0.696883852691
0.085409252669 0.0342368045649 5.133389 0.728045325779
0.0851063829787 0.0342368045649 5.132024 0.730878186969
0.0833333333333 0.0342368045649 5.104505 0.747875354108
0.0865051903114 0.0356633380884 5.103874 0.747875354108
0.078125 0.0356633380884 4.986963 0.835694050992
0.0778816199377 0.0356633380884 4.986746 0.838526912181
0.0750750750751 0.0356633380884 4.938028 0.872521246459
0.0748502994012 0.0356633380884 4.935122 0.875354107649
0.0730994152047 0.0356633380884 4.914765 0.898016997167
0.0758017492711 0.037089871612 4.9127 0.898016997167
0.0744985673352 0.037089871612 4.892328 0.915014164306
0.0771428571429 0.0385164051355 4.888613 0.915014164306
0.0771428571429 0.0385164051355 4.888613 0.915014164306
0.0769230769231 0.0385164051355 4.886931 0.917847025496
0.0769230769231 0.0385164051355 4.886931 0.917847025496
0.0795454545455 0.0399429386591 4.88021 0.917847025496
0.0754716981132 0.0399429386591 4.826434 0.971671388102
0.0779569892473 0.0413694721826 4.825532 0.971671388102
0.0759162303665 0.0413694721826 4.798657 1.0
0.0757180156658 0.0413694721826 4.796872 1.00283286119
0.0739795918367 0.0413694721826 4.770048 1.0283286119
0.0737913486005 0.0413694721826 4.761674 1.03116147309
0.0712530712531 0.0413694721826 4.731367 1.07082152975
0.0735294117647 0.0427960057061 4.729172 1.07082152975
0.0735294117647 0.0427960057061 4.729172 1.07082152975
0.0757946210269 0.0442225392297 4.726093 1.07082152975
0.0717592592593 0.0442225392297 4.678027 1.13597733711
0.0715935334873 0.0442225392297 4.676584 1.1388101983
0.0696629213483 0.0442225392297 4.64706 1.17280453258
0.0695067264574 0.0442225392297 4.640257 1.17563739377
0.0695067264574 0.0442225392297 4.640257 1.17563739377
0.0715883668904 0.0456490727532 4.637122 1.17563739377
0.0697167755991 0.0456490727532 4.610162 1.20963172805
0.0695652173913 0.0456490727532 4.609312 1.21246458924
0.0683760683761 0.0456490727532 4.601923 1.23512747875
0.0703624733475 0.0470756062767 4.598575 1.23512747875
0.06875 0.0470756062767 4.580197 1.26628895184
0.0706860706861 0.0485021398003 4.578656 1.26628895184
0.0699588477366 0.0485021398003 4.569135 1.28045325779
0.0698151950719 0.0485021398003 4.567425 1.28328611898
0.068 0.0485021398003 4.54648 1.32011331445
0.0678642714571 0.0485021398003 4.543872 1.32294617564
0.0671936758893 0.0485021398003 4.535231 1.33711048159
0.069033530572 0.0499286733238 4.534005 1.33711048159
0.0664136622391 0.0499286733238 4.493357 1.39376770538
0.0681818181818 0.0513552068474 4.490467 1.39376770538
0.0666666666667 0.0513552068474 4.474899 1.42776203966
0.0665434380776 0.0513552068474 4.471666 1.43059490085
0.0647482014388 0.0513552068474 4.45054 1.4730878187
0.064631956912 0.0513552068474 4.450235 1.47592067989
0.0621761658031 0.0513552068474 4.41505 1.53824362606
0.0620689655172 0.0513552068474 4.414732 1.54107648725
0.0616438356164 0.0513552068474 4.407828 1.55240793201
0.0615384615385 0.0513552068474 4.405307 1.5552407932
0.0586319218241 0.0513552068474 4.339876 1.63739376771
0.060162601626 0.0527817403709 4.336722 1.63739376771
0.0589171974522 0.0527817403709 4.312319 1.67422096317
0.0588235294118 0.0527817403709 4.311217 1.67705382436
0.0537010159652 0.0527817403709 4.188709 1.84702549575
0.0550724637681 0.0542082738944 4.187893 1.84702549575
0.0548340548341 0.0542082738944 4.186737 1.85552407932
0.0547550432277 0.0542082738944 4.186602 1.85835694051
0.0540540540541 0.0542082738944 4.174526 1.88385269122
0.0553977272727 0.055634807418 4.173911 1.88385269122
0.0550847457627 0.055634807418 4.169801 1.89518413598
0.0564174894217 0.0570613409415 4.16657 1.89518413598
0.0561009817672 0.0570613409415 4.161571 1.90651558074
0.0560224089636 0.0570613409415 4.161146 1.90934844193
0.0550964187328 0.0570613409415 4.15022 1.9433427762
0.0550206327373 0.0570613409415 4.148297 1.94617563739
0.0548696844993 0.0570613409415 4.146043 1.95184135977
0.0561643835616 0.058487874465 4.145245 1.95184135977
0.0558583106267 0.058487874465 4.139179 1.96317280453
0.0557823129252 0.058487874465 4.139164 1.96600566572
0.0537352555701 0.058487874465 4.101325 2.04532577904
0.053664921466 0.058487874465 4.101279 2.04815864023
0.0525641025641 0.058487874465 4.080152 2.09348441926
0.0524967989757 0.058487874465 4.077337 2.09631728045
0.0509316770186 0.058487874465 4.048323 2.16430594901
0.0508684863524 0.058487874465 4.047601 2.1671388102
0.0475086906141 0.058487874465 3.984899 2.32861189802
0.0486111111111 0.0599144079886 3.984872 2.32861189802
0.0474576271186 0.0599144079886 3.963058 2.388101983
0.048532731377 0.0613409415121 3.96266 2.388101983
0.0477777777778 0.0613409415121 3.947784 2.42776203966
0.0477247502775 0.0613409415121 3.947133 2.43059490085
0.0468920392585 0.0613409415121 3.92862 2.47592067989
0.0468409586057 0.0613409415121 3.927505 2.47875354108
0.0463362068966 0.0613409415121 3.920127 2.50708215297
0.0473627556512 0.0627674750357 3.916801 2.50708215297
0.046908315565 0.0627674750357 3.905903 2.53257790368
0.0468583599574 0.0627674750357 3.902064 2.53541076487
0.0460251046025 0.0627674750357 3.881557 2.5835694051
0.0459770114943 0.0627674750357 3.879838 2.58640226629
0.0446700507614 0.0627674750357 3.841796 2.6657223796
0.0446247464503 0.0627674750357 3.84163 2.66855524079
0.0443101711984 0.0627674750357 3.834894 2.68838526912
0.0452716297787 0.0641940085592 3.8335 2.68838526912
0.044955044955 0.0641940085592 3.824836 2.70821529745
0.0459081836327 0.0656205420827 3.824313 2.70821529745
0.0457256461233 0.0656205420827 3.817453 2.71954674221
0.0466732869911 0.0670470756063 3.816511 2.71954674221
0.0453230472517 0.0670470756063 3.775316 2.8045325779
0.0462427745665 0.0684736091298 3.773034 2.8045325779
0.0453686200378 0.0684736091298 3.749346 2.8611898017
0.0453257790368 0.0684736091298 3.74932 2.86402266289
0.0445682451253 0.0684736091298 3.728897 2.91501416431
0.0454545454545 0.0699001426534 3.728731 2.91501416431
0.0453703703704 0.0699001426534 3.724168 2.92067988669
0.04532839963 0.0699001426534 3.723329 2.92351274788
0.0440647482014 0.0699001426534 3.691911 3.01133144476
0.0440251572327 0.0699001426534 3.69101 3.01416430595
0.0435943060498 0.0699001426534 3.680534 3.04532577904
0.0435555555556 0.0699001426534 3.679524 3.04815864023
0.0430958663149 0.0699001426534 3.668949 3.0821529745
0.0439367311072 0.0713266761769 3.66636 3.0821529745
0.0421585160202 0.0713266761769 3.613316 3.21813031161
0.0421229991575 0.0713266761769 3.612808 3.2209631728
0.0419111483655 0.0713266761769 3.603355 3.23796033994
0.0427135678392 0.0727532097004 3.60259 3.23796033994
0.0423236514523 0.0727532097004 3.593719 3.26912181303
0.0422885572139 0.0727532097004 3.592531 3.27195467422
0.0416326530612 0.0727532097004 3.571242 3.32577903683
0.0415986949429 0.0727532097004 3.570317 3.32861189802
0.0414297319253 0.0727532097004 3.563003 3.34277620397
0.0422077922078 0.074179743224 3.56233 3.34277620397
0.0420371867421 0.074179743224 3.558766 3.35694050992
0.0428109854604 0.0756062767475 3.557798 3.35694050992
0.0422984836393 0.0756062767475 3.544816 3.39943342776
0.0422647527911 0.0756062767475 3.544304 3.40226628895
0.0421303656598 0.0756062767475 3.54246 3.41359773371
0.042891183479 0.077032810271 3.542414 3.41359773371
0.0421545667447 0.077032810271 3.521752 3.47592067989
0.0429017160686 0.0784593437946 3.521713 3.47592067989
0.0419527078566 0.0784593437946 3.498666 3.55807365439
0.0419207317073 0.0784593437946 3.498612 3.56090651558
0.0413844996238 0.0784593437946 3.47863 3.60906515581
0.0413533834586 0.0784593437946 3.478566 3.611898017
0.0410447761194 0.0784593437946 3.469903 3.6402266289
0.0417598806861 0.0798858773181 3.466468 3.6402266289
0.0413284132841 0.0798858773181 3.455559 3.67988668555
0.0420353982301 0.0813124108417 3.455408 3.67988668555
0.0416971470373 0.0813124108417 3.445796 3.71104815864
0.0416666666667 0.0813124108417 3.445605 3.71388101983
0.041394335512 0.0813124108417 3.436976 3.73937677054
0.0413642960813 0.0813124108417 3.436884 3.74220963173
0.0413343002175 0.0813124108417 3.435799 3.74504249292
0.0420289855072 0.0827389443652 3.434711 3.74504249292
0.0404181184669 0.0827389443652 3.379462 3.90084985836
0.0403899721448 0.0827389443652 3.379164 3.90368271955
0.0401384083045 0.0827389443652 3.37551 3.92917847025
0.0408022130014 0.0841654778887 3.374488 3.92917847025
0.04 0.0841654778887 3.349772 4.01133144476
0.039972899729 0.0841654778887 3.347971 4.01416430595
0.0397306397306 0.0841654778887 3.342844 4.03966005666
0.0397039030956 0.0841654778887 3.342653 4.04249291785
0.0389696169089 0.0841654778887 3.317392 4.12181303116
0.0389438943894 0.0841654778887 3.316956 4.12464589235
0.0386885245902 0.0841654778887 3.308198 4.15297450425
0.0393184796855 0.0855920114123 3.304719 4.15297450425
0.0391134289439 0.0855920114123 3.298545 4.17563739377
0.0397394136808 0.0870185449358 3.298171 4.17563739377
0.0396103896104 0.0870185449358 3.292919 4.18980169972
0.040233614536 0.0884450784593 3.291627 4.18980169972
0.0385812072184 0.0884450784593 3.238105 4.37677053824
0.0385572139303 0.0884450784593 3.23793 4.37960339943
0.0379669320269 0.0884450784593 3.221649 4.45042492918
0.0385556915545 0.0898716119829 3.220819 4.45042492918
0.0371681415929 0.0898716119829 3.174631 4.62322946176
0.0377358490566 0.0912981455064 3.174169 4.62322946176
0.0372093023256 0.0912981455064 3.158053 4.69121813031
0.0377687391052 0.09272467903 3.157766 4.69121813031
0.0374208405296 0.09272467903 3.143281 4.73654390935
0.0379746835443 0.0941512125535 3.142413 4.73654390935
0.0376068376068 0.0941512125535 3.130654 4.78470254958
0.0381548974943 0.095577746077 3.130546 4.78470254958
0.0380898237635 0.095577746077 3.128228 4.79320113314
0.0386363636364 0.0970042796006 3.128007 4.79320113314
0.0385487528345 0.0970042796006 3.125902 4.8045325779
0.0390934844193 0.0984308131241 3.125597 4.8045325779
0.0390713476784 0.0984308131241 3.124811 4.80736543909
0.0390492359932 0.0984308131241 3.124289 4.81019830028
0.0384829894032 0.0984308131241 3.100324 4.88385269122
0.0390189520624 0.0998573466476 3.100121 4.88385269122
0.0386313465784 0.0998573466476 3.088696 4.93484419263
0.03861003861 0.0998573466476 3.087969 4.93767705382
0.0382304751502 0.0998573466476 3.078857 4.98866855524
0.0382096069869 0.0998573466476 3.078676 4.99150141643
0.0380434782609 0.0998573466476 3.075069 5.01416430595
0.0385659967409 0.101283880171 3.075047 5.01416430595
0.0375264270613 0.101283880171 3.043484 5.15864022663
0.0375066032752 0.101283880171 3.041947 5.16147308782
0.0362060173381 0.101283880171 2.99162 5.35410764873
0.0361875637105 0.101283880171 2.991057 5.35694050992
0.0359129994942 0.101283880171 2.98123 5.39943342776
0.0364004044489 0.102710413695 2.97959 5.39943342776
0.0364004044489 0.102710413695 2.97959 5.39943342776
0.0363820111167 0.102710413695 2.977992 5.40226628895
0.0363636363636 0.102710413695 2.976845 5.40509915014
0.0363452801615 0.102710413695 2.975955 5.40793201133
0.0346653827636 0.102710413695 2.899594 5.67988668555
0.0351299326275 0.104136947218 2.899323 5.67988668555
0.0350624399616 0.104136947218 2.896682 5.69121813031
0.0350456072972 0.104136947218 2.895057 5.6940509915
0.0350119904077 0.104136947218 2.892988 5.69971671388
0.0349952061361 0.104136947218 2.892606 5.70254957507
0.0349449497367 0.104136947218 2.891525 5.71104815864
0.0354066985646 0.105563480742 2.890284 5.71104815864
0.0352885073915 0.105563480742 2.883336 5.73087818697
0.0352716873213 0.105563480742 2.883258 5.73371104816
0.0351043643264 0.105563480742 2.877532 5.76203966006
0.0350877192982 0.105563480742 2.876708 5.76487252125
0.0346604215457 0.105563480742 2.856573 5.83852691218
0.0351123595506 0.106990014265 2.854799 5.83852691218
0.0348999534667 0.106990014265 2.84387 5.87535410765
0.0348837209302 0.106990014265 2.843837 5.87818696884
0.0348189415042 0.106990014265 2.842011 5.8895184136
0.0348027842227 0.106990014265 2.840008 5.89235127479
0.0347061545581 0.106990014265 2.837142 5.90934844193
0.0351526364477 0.108416547789 2.836933 5.90934844193
0.0346873573711 0.108416547789 2.819394 5.99150141643
0.0346715328467 0.108416547789 2.819384 5.99433427762
0.0341573033708 0.108416547789 2.802631 6.08781869688
0.0341419586703 0.108416547789 2.80255 6.09065155807
0.0337477797513 0.108416547789 2.783402 6.16430594901
0.0337328007102 0.108416547789 2.782011 6.1671388102
0.0331010452962 0.108416547789 2.753631 6.28895184136
0.033086634741 0.108416547789 2.752877 6.29178470255
0.0330722367276 0.108416547789 2.752334 6.29461756374
0.0330578512397 0.108416547789 2.751558 6.29745042493
0.0330578512397 0.108416547789 2.751558 6.29745042493
0.0330434782609 0.108416547789 2.751152 6.30028328612
0.0327586206897 0.108416547789 2.742903 6.35694050992
0.0327445066782 0.108416547789 2.742687 6.3597733711
0.0321081537812 0.108416547789 2.709229 6.49008498584
0.0320945945946 0.108416547789 2.70901 6.49291784703
0.0320134793597 0.108416547789 2.704944 6.50991501416
0.0324210526316 0.109843081312 2.704819 6.50991501416
0.0322715842414 0.109843081312 2.699318 6.54107648725
0.0322580645161 0.109843081312 2.698582 6.54390934844
0.0317919075145 0.109843081312 2.680945 6.64305949008
0.0321914981428 0.111269614836 2.680793 6.64305949008
0.0321119802388 0.111269614836 2.675925 6.66005665722
0.0320987654321 0.111269614836 2.67591 6.66288951841
0.0316173490069 0.111269614836 2.657122 6.76770538244
0.0320097244733 0.112696148359 2.656774 6.76770538244
0.0319708619992 0.112696148359 2.655521 6.77620396601
0.0319579288026 0.112696148359 2.654696 6.7790368272
0.0313492063492 0.112696148359 2.629707 6.91501416431
0.0317334391115 0.114122681883 2.628174 6.91501416431
0.031458906803 0.114122681883 2.614729 6.97733711048
0.0314465408805 0.114122681883 2.614565 6.98016997167
0.0312866640594 0.114122681883 2.609681 7.01699716714
0.0312744331509 0.114122681883 2.609389 7.01983002833
0.03108003108 0.114122681883 2.598166 7.06515580737
0.031067961165 0.114122681883 2.597287 7.06798866856
0.031067961165 0.114122681883 2.597287 7.06798866856
0.0310559006211 0.114122681883 2.597044 7.07082152975
0.030959752322 0.114122681883 2.591829 7.09348441926
0.031334622824 0.115549215407 2.59067 7.09348441926
0.0313103981446 0.115549215407 2.58974 7.09915014164
0.0312982998454 0.115549215407 2.589592 7.10198300283
0.0309514711502 0.115549215407 2.576196 7.18413597734
0.0309396485867 0.115549215407 2.575152 7.18696883853
0.0306238185255 0.115549215407 2.555115 7.26345609065
0.0309901738473 0.11697574893 2.554851 7.26345609065
0.0306313036982 0.11697574893 2.537438 7.35127478754
0.0309932785661 0.118402282454 2.536826 7.35127478754
0.0308550185874 0.118402282454 2.530486 7.38526912181
0.0312151616499 0.119828815977 2.52986 7.38526912181
0.0308483290488 0.119828815977 2.513415 7.47592067989
0.0308370044053 0.119828815977 2.512438 7.47875354108
0.0300751879699 0.119828815977 2.47723 7.67422096317
0.0304223335719 0.121255349501 2.476722 7.67422096317
0.030303030303 0.121255349501 2.47061 7.70538243626
0.0306486101212 0.122681883024 2.470288 7.70538243626
0.0305180979418 0.122681883024 2.46421 7.73937677054
0.0308620078042 0.124108416548 2.464102 7.73937677054
0.030303030303 0.124108416548 2.432223 7.88668555241
0.0306406685237 0.125534950071 2.430931 7.88668555241
0.0305025996534 0.125534950071 2.424126 7.92351274788
0.030492030492 0.125534950071 2.423961 7.92634560907
0.0298305084746 0.125534950071 2.388419 8.10764872521
0.0298203998645 0.125534950071 2.386439 8.1104815864
0.0298002031832 0.125534950071 2.384614 8.11614730878
0.0297901150982 0.125534950071 2.384484 8.11898016997
0.0295698924731 0.125534950071 2.37587 8.18130311615
0.0298958683238 0.126961483595 2.375269 8.18130311615
0.029855753103 0.126961483595 2.371761 8.19263456091
0.0301810865191 0.128388017118 2.370049 8.19263456091
0.0301305657851 0.128388017118 2.368059 8.20679886686
0.0304551539491 0.129814550642 2.367904 8.20679886686
0.0304246071548 0.129814550642 2.366732 8.21529745042
0.0304144385027 0.129814550642 2.363975 8.21813031161
0.0304144385027 0.129814550642 2.363975 8.21813031161
0.0304042766455 0.129814550642 2.363728 8.2209631728
0.0303232255915 0.129814550642 2.360917 8.24362606232
0.0303131245836 0.129814550642 2.360743 8.24645892351
0.030162412993 0.129814550642 2.349221 8.28895184136
0.0304837640822 0.131241084165 2.347622 8.28895184136
0.030443414957 0.131241084165 2.34652 8.30028328612
0.0304333443599 0.131241084165 2.346424 8.30311614731
0.0302930523543 0.131241084165 2.34023 8.34277620397
0.030612244898 0.132667617689 2.339596 8.34277620397
0.030087350372 0.132667617689 2.307566 8.49291784703
0.0304010349288 0.134094151213 2.307131 8.49291784703
0.0303912059489 0.134094151213 2.306971 8.49575070822
0.0307045895281 0.135520684736 2.306087 8.49575070822
0.0305466237942 0.135520684736 2.296191 8.54107648725
0.0308582449373 0.13694721826 2.295788 8.54107648725
0.030838419531 0.13694721826 2.294576 8.54674220963
0.0308285163776 0.13694721826 2.294306 8.54957507082
0.0307692307692 0.13694721826 2.289998 8.56657223796
0.0307593719962 0.13694721826 2.289463 8.56940509915
0.0304182509506 0.13694721826 2.27125 8.66855524079
0.0307253721888 0.138373751783 2.270233 8.66855524079
0.0305127398553 0.138373751783 2.259605 8.73087818697
0.0305031446541 0.138373751783 2.259448 8.73371104816
0.029947514665 0.138373751783 2.228028 8.90084985836
0.0299382716049 0.138373751783 2.227148 8.90368271955
0.0298921417565 0.138373751783 2.223869 8.9178470255
0.030191004313 0.139800285307 2.223032 8.9178470255
0.029941949282 0.139800285307 2.207471 8.99433427762
0.0299328039096 0.139800285307 2.207137 8.99716713881
0.0298962782184 0.139800285307 2.204624 9.00849858357
0.0301921317475 0.14122681883 2.204396 9.00849858357
0.0301369863014 0.14122681883 2.198529 9.02549575071
0.0301278149726 0.14122681883 2.197592 9.0283286119
0.0295964125561 0.14122681883 2.174027 9.1954674221
0.0295875672445 0.14122681883 2.173968 9.19830028329
0.0294642857143 0.14122681883 2.168337 9.23796033994
0.0294555191907 0.14122681883 2.168279 9.24079320113
0.0289643066121 0.14122681883 2.140552 9.40226628895
0.0292483182217 0.142653352354 2.140088 9.40226628895
0.0290613193839 0.142653352354 2.129698 9.46458923513
0.0290528762347 0.142653352354 2.128794 9.46742209632
0.028636884307 0.142653352354 2.10403 9.60906515581
0.0286286859433 0.142653352354 2.102707 9.611898017
0.0286123032904 0.142653352354 2.102265 9.61756373938
0.0286041189931 0.142653352354 2.100998 9.62039660057
0.0279485746227 0.142653352354 2.06772 9.85269121813
0.027940765577 0.142653352354 2.066277 9.85552407932
0.027808676307 0.142653352354 2.058202 9.90368271955
0.0280789546845 0.144079885877 2.058153 9.90368271955
0.0280166435506 0.144079885877 2.054053 9.92634560907
0.0280088740987 0.144079885877 2.053141 9.92917847025
0.0277396319692 0.144079885877 2.03387 10.0283286119
0.0280065897858 0.145506419401 2.033544 10.0283286119
0.0278612400983 0.145506419401 2.021846 10.0821529745
0.0281267067176 0.146932952924 2.02156 10.0821529745
0.0279284164859 0.146932952924 2.009023 10.1558073654
0.0281919219301 0.148359486448 2.009019 10.1558073654
0.0280929227445 0.148359486448 2.000196 10.1926345609
0.0280853362139 0.148359486448 1.999825 10.1954674221
0.027911969941 0.148359486448 1.987862 10.2606232295
0.0279044808157 0.148359486448 1.98721 10.2634560907
0.0277777777778 0.148359486448 1.979001 10.3116147309
0.0277703604806 0.148359486448 1.977952 10.3144475921
0.0275788915407 0.148359486448 1.964049 10.388101983
0.0275715800636 0.148359486448 1.963892 10.3909348442
0.0274189296072 0.148359486448 1.954317 10.4504249292
0.0274117026885 0.148359486448 1.953629 10.4532577904
0.027332457293 0.148359486448 1.9468 10.4844192635
0.0275880189175 0.149786019971 1.945963 10.4844192635
0.0274008350731 0.149786019971 1.937193 10.5580736544
0.0273936864075 0.149786019971 1.936855 10.5609065156
0.0273508726231 0.149786019971 1.933664 10.5779036827
0.0276041666667 0.151212553495 1.932862 10.5779036827
0.0274398136164 0.151212553495 1.91665 10.6430594901
0.0276915113872 0.152639087019 1.916027 10.6430594901
0.0274358974359 0.152639087019 1.898216 10.7450424929
0.0274288643937 0.152639087019 1.897481 10.7478753541
0.0272126144456 0.152639087019 1.880807 10.835694051
0.0274599542334 0.154065620542 1.880453 10.835694051
0.0272452068618 0.154065620542 1.871429 10.9235127479
0.0272383354351 0.154065620542 1.869546 10.9263456091
0.0267260579065 0.154065620542 1.83594 11.1416430595
0.0267194458189 0.154065620542 1.835664 11.1444759207
0.0267128370022 0.154065620542 1.835261 11.1473087819
0.0269535113749 0.155492154066 1.834861 11.1473087819
0.02690029615 0.155492154066 1.830723 11.1699716714
0.0271403898347 0.156918687589 1.830716 11.1699716714
0.0267835402971 0.156918687589 1.806696 11.3229461756
0.0267770204479 0.156918687589 1.806342 11.3257790368
0.026660203587 0.156918687589 1.797304 11.3767705382
0.0268960503998 0.158345221113 1.797145 11.3767705382
0.0268440145103 0.158345221113 1.79435 11.3994334278
0.0268375241779 0.158345221113 1.792685 11.402266289
0.0266378689705 0.158345221113 1.781689 11.4900849858
0.0268714011516 0.159771754636 1.781346 11.4900849858
0.0266793711291 0.159771754636 1.763605 11.5750708215
0.0266730173851 0.159771754636 1.763322 11.5779036827
0.0266666666667 0.159771754636 1.763078 11.5807365439
0.0266603189717 0.159771754636 1.762298 11.5835694051
0.0265026029342 0.159771754636 1.747899 11.6543909348
0.0267329074994 0.16119828816 1.747649 11.6543909348
0.0265507518797 0.16119828816 1.731715 11.7365439093
0.0265445149166 0.16119828816 1.731548 11.7393767705
0.0261271676301 0.16119828816 1.6983 11.9320113314
0.0261211280629 0.16119828816 1.697956 11.9348441926
0.0260188809579 0.16119828816 1.688494 11.9830028329
0.0260128913444 0.16119828816 1.68816 11.9858356941
0.0259889604416 0.16119828816 1.687025 11.9971671388
0.0259829845942 0.16119828816 1.686198 12.0
0.0259531465319 0.16119828816 1.684969 12.0141643059
0.0261768082664 0.162624821683 1.684914 12.0141643059
0.0261108566193 0.162624821683 1.678346 12.045325779
0.0261048774903 0.162624821683 1.677943 12.0481586402
0.0257918552036 0.162624821683 1.657727 12.1983002833
0.0257860212622 0.162624821683 1.657517 12.2011331445
0.0256641152634 0.162624821683 1.644718 12.2606232295
0.0258834121089 0.164051355207 1.644368 12.2606232295
0.0257731958763 0.164051355207 1.636531 12.3144475921
0.0257674210173 0.164051355207 1.636392 12.3172804533
0.025538529869 0.164051355207 1.617257 12.4305949008
0.0255328596803 0.164051355207 1.61707 12.433427762
0.0254593756918 0.164051355207 1.611688 12.4702549575
0.0254537405932 0.164051355207 1.610843 12.4730878187
0.0254087494476 0.164051355207 1.609682 12.4957507082
0.0256240335763 0.16547788873 1.609351 12.4957507082
0.0256070640177 0.16547788873 1.607371 12.5042492918
0.0258221143235 0.166904422254 1.606485 12.5042492918
0.0255793616091 0.166904422254 1.586709 12.6260623229
0.0255737704918 0.166904422254 1.586179 12.6288951841
0.0254846438684 0.166904422254 1.577967 12.6742209632
0.0256968641115 0.168330955777 1.577585 12.6742209632
0.025376344086 0.168330955777 1.551375 12.8385269122
0.0253708879811 0.168330955777 1.551144 12.8413597734
0.0251331203408 0.168330955777 1.533034 12.9660056657
0.0251277683135 0.168330955777 1.531147 12.9688385269
0.0249894112664 0.168330955777 1.514017 13.0424929178
0.0249841202625 0.168330955777 1.512827 13.045325779
0.0249524212307 0.168330955777 1.511104 13.0623229462
0.0249471458774 0.168330955777 1.510394 13.0651558074
0.0247847090947 0.168330955777 1.491621 13.1529745042
0.02498950021 0.169757489301 1.491315 13.1529745042
0.0248538011696 0.169757489301 1.473295 13.2266288952
0.0248486114011 0.169757489301 1.472193 13.2294617564
0.0246785566155 0.169757489301 1.450542 13.3229461756
0.0248807795978 0.171184022825 1.449877 13.3229461756
0.0246002460025 0.171184022825 1.415552 13.4787535411
0.0245952039352 0.171184022825 1.41519 13.4815864023
0.024154589372 0.171184022825 1.361006 13.7337110482
0.0243509760515 0.172610556348 1.360781 13.7337110482
0.0243509760515 0.172610556348 1.360781 13.7337110482
0.0245472837022 0.174037089872 1.360453 13.7337110482
0.0244146487893 0.174037089872 1.342902 13.8101983003
0.0246098439376 0.175463623395 1.341312 13.8101983003
0.0242651410535 0.175463623395 1.297188 14.0113314448
0.0242603550296 0.175463623395 1.297063 14.0141643059
0.0242078331037 0.175463623395 1.293293 14.045325779
0.0242030696576 0.175463623395 1.293273 14.0481586402
0.0239299610895 0.175463623395 1.253256 14.2124645892
0.0241198210465 0.176890156919 1.252506 14.2124645892
0.0240543161979 0.176890156919 1.244649 14.2521246459
0.0242435996897 0.178316690442 1.244626 14.2521246459
0.0240801387016 0.178316690442 1.229767 14.3512747875
0.0240755007704 0.178316690442 1.228338 14.3541076487
0.0240107568191 0.178316690442 1.222796 14.3937677054
0.0240061455733 0.178316690442 1.222411 14.3966005666
0.0235449237144 0.178316690442 1.169928 14.6855524079
0.0237288135593 0.179743223966 1.168692 14.6855524079
0.0234680573664 0.179743223966 1.134688 14.8526912181
0.0236499068901 0.181169757489 1.134228 14.8526912181
0.0235708982925 0.181169757489 1.122754 14.9036827195
0.0237520875858 0.182596291013 1.121171 14.9036827195
0.0236686390533 0.182596291013 1.104825 14.9575070822
0.0238491403217 0.184022824536 1.10456 14.9575070822
0.0236784140969 0.184022824536 1.074963 15.0679886686
0.0236740686364 0.184022824536 1.074892 15.0708215297
0.0235358511221 0.184022824536 1.054178 15.1614730878
0.0235315578256 0.184022824536 1.053257 15.164305949
0.0231764283148 0.184022824536 1.014075 15.402266289
0.0233518950961 0.18544935806 1.013724 15.402266289
0.0232184318628 0.18544935806 0.995178 15.492917847
0.0233928571429 0.186875891583 0.994816 15.492917847
0.0232434350603 0.186875891583 0.972051 15.5949008499
0.0232393116906 0.186875891583 0.971872 15.597733711
0.0231940509915 0.186875891583 0.964722 15.6288951841
0.0233669676049 0.188302425107 0.964098 15.6288951841
0.0232722143865 0.188302425107 0.946813 15.6940509915
0.02326811211 0.188302425107 0.943652 15.6968838527
0.0222596964587 0.188302425107 0.781141 16.4249291785
0.0222559433485 0.188302425107 0.780733 16.4277620397
0.0217140977134 0.188302425107 0.683453 16.8470254958
0.021875 0.189728958631 0.68328 16.8470254958
0.021510593563 0.189728958631 0.613288 17.1388101983
0.0216688227684 0.191155492154 0.61183 17.1388101983
0.0205395462906 0.191155492154 0.373002 18.1019830028
0.0206896551724 0.192582025678 0.372363 18.1019830028
0.0204576450977 0.192582025678 0.311272 18.3116147309
0.0206060606061 0.194008559201 0.310566 18.3116147309
0.0203349282297 0.194008559201 0.231282 18.5609065156
0.0204813873524 0.195435092725 0.230975 18.5609065156
0.0203414996288 0.195435092725 0.032931 18.6912181303
0.02033847981 0.195435092725 0.000108 18.6940509915
