1.0 0.0 inf 0.0
1.0 0.00142653352354 9.013265 0.0
1.0 0.00142653352354 9.013265 0.0
0.5 0.00142653352354 8.883469 0.0028328611898
0.5 0.00142653352354 8.883469 0.0028328611898
0.333333333333 0.00142653352354 8.728572 0.0056657223796
0.25 0.00142653352354 8.64762 0.00849858356941
0.4 0.00285306704708 8.574587 0.00849858356941
0.4 0.00285306704708 8.574587 0.00849858356941
0.333333333333 0.00285306704708 8.49513 0.0113314447592
0.333333333333 0.00285306704708 8.49513 0.0113314447592
0.285714285714 0.00285306704708 8.413513 0.014164305949
0.285714285714 0.00285306704708 8.413513 0.014164305949
0.25 0.00285306704708 8.291371 0.0169971671388
0.25 0.00285306704708 8.291371 0.0169971671388
0.333333333333 0.00427960057061 8.219538 0.0169971671388
0.25 0.00427960057061 8.014846 0.0254957507082
0.230769230769 0.00427960057061 8.005821 0.028328611898
0.214285714286 0.00427960057061 7.964972 0.0311614730878
0.2 0.00427960057061 7.964377 0.0339943342776
0.1875 0.00427960057061 7.914122 0.0368271954674
0.176470588235 0.00427960057061 7.912356 0.0396600566572
0.166666666667 0.00427960057061 7.89877 0.042492917847
0.157894736842 0.00427960057061 7.876225 0.0453257790368
0.130434782609 0.00427960057061 7.743796 0.056657223796
0.125 0.00427960057061 7.693444 0.0594900849858
0.125 0.00427960057061 7.693444 0.0594900849858
0.12 0.00427960057061 7.690177 0.0623229461756
0.12 0.00427960057061 7.690177 0.0623229461756
0.115384615385 0.00427960057061 7.685859 0.0651558073654
0.103448275862 0.00427960057061 7.628784 0.0736543909348
0.1 0.00427960057061 7.60481 0.0764872521246
0.0967741935484 0.00427960057061 7.58953 0.0793201133144
0.09375 0.00427960057061 7.583073 0.0821529745042
0.09375 0.00427960057061 7.583073 0.0821529745042
0.0909090909091 0.00427960057061 7.566069 0.0849858356941
0.0909090909091 0.00427960057061 7.566069 0.0849858356941
0.0882352941176 0.00427960057061 7.563789 0.0878186968839
0.0857142857143 0.00427960057061 7.561289 0.0906515580737
0.0833333333333 0.00427960057061 7.555832 0.0934844192635
0.0810810810811 0.00427960057061 7.55336 0.0963172804533
0.105263157895 0.00570613409415 7.489131 0.0963172804533
0.105263157895 0.00570613409415 7.489131 0.0963172804533
0.102564102564 0.00570613409415 7.443892 0.0991501416431
0.0975609756098 0.00570613409415 7.407397 0.104815864023
0.0952380952381 0.00570613409415 7.388568 0.107648725212
0.0952380952381 0.00570613409415 7.388568 0.107648725212
0.116279069767 0.00713266761769 7.384385 0.107648725212
0.106382978723 0.00713266761769 7.309332 0.118980169972
0.125 0.00855920114123 7.306724 0.118980169972
0.125 0.00855920114123 7.306724 0.118980169972
0.122448979592 0.00855920114123 7.295203 0.121813031161
0.12 0.00855920114123 7.272249 0.124645892351
0.117647058824 0.00855920114123 7.266248 0.127478753541
0.11320754717 0.00855920114123 7.216612 0.133144475921
0.111111111111 0.00855920114123 7.210746 0.13597733711
0.109090909091 0.00855920114123 7.206361 0.1388101983
0.107142857143 0.00855920114123 7.173276 0.14164305949
0.103448275862 0.00855920114123 7.153769 0.14730878187
0.118644067797 0.00998573466476 7.120998 0.14730878187
0.114754098361 0.00998573466476 7.085692 0.152974504249
0.112903225806 0.00998573466476 7.079572 0.155807365439
0.107692307692 0.00998573466476 7.068721 0.164305949008
0.121212121212 0.0114122681883 7.066289 0.164305949008
0.112676056338 0.0114122681883 7.045356 0.178470254958
0.111111111111 0.0114122681883 7.0344 0.181303116147
0.111111111111 0.0114122681883 7.0344 0.181303116147
0.109589041096 0.0114122681883 7.031717 0.184135977337
0.109589041096 0.0114122681883 7.031717 0.184135977337
0.121621621622 0.0128388017118 7.026341 0.184135977337
0.121621621622 0.0128388017118 7.026341 0.184135977337
0.12 0.0128388017118 7.01764 0.186968838527
0.115384615385 0.0128388017118 7.000637 0.195467422096
0.113924050633 0.0128388017118 6.997505 0.198300283286
0.1125 0.0128388017118 6.981792 0.201133144476
0.111111111111 0.0128388017118 6.962113 0.203966005666
0.111111111111 0.0128388017118 6.962113 0.203966005666
0.109756097561 0.0128388017118 6.958733 0.206798866856
0.109756097561 0.0128388017118 6.958733 0.206798866856
0.10843373494 0.0128388017118 6.95715 0.209631728045
0.103448275862 0.0128388017118 6.928734 0.220963172805
0.113636363636 0.0142653352354 6.927991 0.220963172805
0.103092783505 0.0142653352354 6.894303 0.246458923513
0.102040816327 0.0142653352354 6.893587 0.249291784703
0.0934579439252 0.0142653352354 6.863621 0.274787535411
0.0925925925926 0.0142653352354 6.854418 0.277620396601
0.0925925925926 0.0142653352354 6.854418 0.277620396601
0.100917431193 0.0156918687589 6.853734 0.277620396601
0.100917431193 0.0156918687589 6.853734 0.277620396601
0.1 0.0156918687589 6.851959 0.28045325779
0.0964912280702 0.0156918687589 6.834114 0.29178470255
0.095652173913 0.0156918687589 6.833428 0.294617563739
0.0940170940171 0.0156918687589 6.827461 0.300283286119
0.101694915254 0.0171184022825 6.820295 0.300283286119
0.099173553719 0.0171184022825 6.818699 0.308781869688
0.0983606557377 0.0171184022825 6.816178 0.311614730878
0.0975609756098 0.0171184022825 6.816095 0.314447592068
0.0967741935484 0.0171184022825 6.809471 0.317280453258
0.096 0.0171184022825 6.805989 0.320113314448
0.0952380952381 0.0171184022825 6.804197 0.322946175637
0.0909090909091 0.0171184022825 6.747945 0.339943342776
0.0902255639098 0.0171184022825 6.742696 0.342776203966
0.0902255639098 0.0171184022825 6.742696 0.342776203966
0.089552238806 0.0171184022825 6.740051 0.345609065156
0.089552238806 0.0171184022825 6.740051 0.345609065156
0.0888888888889 0.0171184022825 6.738297 0.348441926346
0.0875912408759 0.0171184022825 6.735159 0.354107648725
0.0942028985507 0.018544935806 6.715129 0.354107648725
0.0915492957746 0.018544935806 6.688231 0.365439093484
0.0909090909091 0.018544935806 6.683105 0.368271954674
0.0890410958904 0.018544935806 6.678889 0.376770538244
0.0884353741497 0.018544935806 6.671617 0.379603399433
0.0878378378378 0.018544935806 6.668231 0.382436260623
0.0872483221477 0.018544935806 6.666451 0.385269121813
0.0872483221477 0.018544935806 6.666451 0.385269121813
0.0866666666667 0.018544935806 6.664794 0.388101983003
0.0860927152318 0.018544935806 6.66175 0.390934844193
0.0855263157895 0.018544935806 6.659772 0.393767705382
0.0833333333333 0.018544935806 6.642405 0.405099150142
0.0828025477707 0.018544935806 6.639463 0.407932011331
0.079754601227 0.018544935806 6.598309 0.42492917847
0.0792682926829 0.018544935806 6.594196 0.42776203966
0.078313253012 0.018544935806 6.585667 0.43342776204
0.0838323353293 0.0199714693295 6.579891 0.43342776204
0.0833333333333 0.0199714693295 6.574907 0.436260623229
0.0887573964497 0.0213980028531 6.569338 0.436260623229
0.0877192982456 0.0213980028531 6.567035 0.441926345609
0.0872093023256 0.0213980028531 6.566294 0.444759206799
0.0872093023256 0.0213980028531 6.566294 0.444759206799
0.0867052023121 0.0213980028531 6.566043 0.447592067989
0.0862068965517 0.0213980028531 6.565088 0.450424929178
0.0857142857143 0.0213980028531 6.559652 0.453257790368
0.0852272727273 0.0213980028531 6.554375 0.456090651558
0.0847457627119 0.0213980028531 6.551537 0.458923512748
0.0837988826816 0.0213980028531 6.543889 0.464589235127
0.0888888888889 0.0228245363766 6.529197 0.464589235127
0.0888888888889 0.0228245363766 6.529197 0.464589235127
0.0883977900552 0.0228245363766 6.528398 0.467422096317
0.0883977900552 0.0228245363766 6.528398 0.467422096317
0.0934065934066 0.0242510699001 6.525265 0.467422096317
0.0934065934066 0.0242510699001 6.525265 0.467422096317
0.0928961748634 0.0242510699001 6.522581 0.470254957507
0.0899470899471 0.0242510699001 6.503788 0.487252124646
0.0894736842105 0.0242510699001 6.493757 0.490084985836
0.0894736842105 0.0242510699001 6.493757 0.490084985836
0.0890052356021 0.0242510699001 6.492454 0.492917847025
0.0880829015544 0.0242510699001 6.487401 0.498583569405
0.0876288659794 0.0242510699001 6.487285 0.501416430595
0.0876288659794 0.0242510699001 6.487285 0.501416430595
0.0871794871795 0.0242510699001 6.485345 0.504249291785
0.0871794871795 0.0242510699001 6.485345 0.504249291785
0.0867346938776 0.0242510699001 6.482169 0.507082152975
0.0858585858586 0.0242510699001 6.472153 0.512747875354
0.0854271356784 0.0242510699001 6.469196 0.515580736544
0.085 0.0242510699001 6.467722 0.518413597734
0.0845771144279 0.0242510699001 6.461318 0.521246458924
0.0837438423645 0.0242510699001 6.445805 0.526912181303
0.0833333333333 0.0242510699001 6.442827 0.529745042493
0.0813397129187 0.0242510699001 6.440032 0.543909348442
0.0809523809524 0.0242510699001 6.418893 0.546742209632
0.0805687203791 0.0242510699001 6.417323 0.549575070822
0.0849056603774 0.0256776034237 6.409009 0.549575070822
0.0849056603774 0.0256776034237 6.409009 0.549575070822
0.0845070422535 0.0256776034237 6.407683 0.552407932011
0.0829493087558 0.0256776034237 6.402629 0.563739376771
0.0825688073394 0.0256776034237 6.402267 0.56657223796
0.0818181818182 0.0256776034237 6.396921 0.57223796034
0.0814479638009 0.0256776034237 6.394212 0.57507082153
0.0814479638009 0.0256776034237 6.394212 0.57507082153
0.0810810810811 0.0256776034237 6.393093 0.57790368272
0.0803571428571 0.0256776034237 6.392245 0.583569405099
0.08 0.0256776034237 6.387722 0.586402266289
0.08 0.0256776034237 6.387722 0.586402266289
0.0840707964602 0.0271041369472 6.385274 0.586402266289
0.0833333333333 0.0271041369472 6.379103 0.592067988669
0.0829694323144 0.0271041369472 6.377388 0.594900849858
0.0822510822511 0.0271041369472 6.375211 0.600566572238
0.0818965517241 0.0271041369472 6.3652 0.603399433428
0.0794979079498 0.0271041369472 6.32787 0.623229461756
0.0833333333333 0.0285306704708 6.327548 0.623229461756
0.0813008130081 0.0285306704708 6.301183 0.640226628895
0.080971659919 0.0285306704708 6.297796 0.643059490085
0.080971659919 0.0285306704708 6.297796 0.643059490085
0.0806451612903 0.0285306704708 6.297236 0.645892351275
0.08 0.0285306704708 6.289186 0.651558073654
0.0796812749004 0.0285306704708 6.288799 0.654390934844
0.0763358778626 0.0285306704708 6.264064 0.685552407932
0.0760456273764 0.0285306704708 6.256859 0.688385269122
0.0757575757576 0.0285306704708 6.253242 0.691218130312
0.0754716981132 0.0285306704708 6.253197 0.694050991501
0.0740740740741 0.0285306704708 6.231424 0.70821529745
0.0738007380074 0.0285306704708 6.230328 0.71104815864
0.0735294117647 0.0285306704708 6.228244 0.71388101983
0.0732600732601 0.0285306704708 6.226061 0.71671388102
0.0732600732601 0.0285306704708 6.226061 0.71671388102
0.0729927007299 0.0285306704708 6.225411 0.71954674221
0.0719424460432 0.0285306704708 6.219319 0.730878186969
0.0752688172043 0.0299572039943 6.215609 0.730878186969
0.0724137931034 0.0299572039943 6.179982 0.762039660057
0.0756013745704 0.0313837375178 6.174925 0.762039660057
0.0750853242321 0.0313837375178 6.174406 0.767705382436
0.0748299319728 0.0313837375178 6.172736 0.770538243626
0.0726072607261 0.0313837375178 6.149281 0.796033994334
0.0723684210526 0.0313837375178 6.144224 0.798866855524
0.0700636942675 0.0313837375178 6.120286 0.827195467422
0.0698412698413 0.0313837375178 6.108129 0.830028328612
0.0698412698413 0.0313837375178 6.108129 0.830028328612
0.0696202531646 0.0313837375178 6.105542 0.832861189802
0.0689655172414 0.0313837375178 6.100595 0.841359773371
0.06875 0.0313837375178 6.100504 0.844192634561
0.0679012345679 0.0313837375178 6.09123 0.85552407932
0.0707692307692 0.0328102710414 6.09056 0.85552407932
0.0699088145897 0.0328102710414 6.075566 0.866855524079
0.069696969697 0.0328102710414 6.075034 0.869688385269
0.0688622754491 0.0328102710414 6.061408 0.881019830028
0.0686567164179 0.0328102710414 6.06089 0.883852691218
0.0678466076696 0.0328102710414 6.057949 0.895184135977
0.0676470588235 0.0328102710414 6.057078 0.898016997167
0.0662824207493 0.0328102710414 6.041962 0.917847025496
0.0689655172414 0.0342368045649 6.038332 0.917847025496
0.0687679083095 0.0342368045649 6.037864 0.920679886686
0.0685714285714 0.0342368045649 6.031466 0.923512747875
0.0683760683761 0.0342368045649 6.031198 0.926345609065
0.0681818181818 0.0342368045649 6.029336 0.929178470255
0.0679886685552 0.0342368045649 6.028984 0.932011331445
0.0677966101695 0.0342368045649 6.027798 0.934844192635
0.0676056338028 0.0342368045649 6.025621 0.937677053824
0.0674157303371 0.0342368045649 6.023785 0.940509915014
0.0670391061453 0.0342368045649 6.019999 0.946175637394
0.066852367688 0.0342368045649 6.019601 0.949008498584
0.0666666666667 0.0342368045649 6.019546 0.951841359773
0.0664819944598 0.0342368045649 6.016278 0.954674220963
0.0645161290323 0.0342368045649 5.98753 0.985835694051
0.0670241286863 0.0356633380884 5.98666 0.985835694051
0.0664893617021 0.0356633380884 5.974804 0.99433427762
0.0663129973475 0.0356633380884 5.972929 0.99716713881
0.065963060686 0.0356633380884 5.969657 1.00283286119
0.0657894736842 0.0356633380884 5.967551 1.00566572238
0.0651041666667 0.0356633380884 5.963776 1.01699716714
0.0649350649351 0.0356633380884 5.963628 1.01983002833
0.0647668393782 0.0356633380884 5.963295 1.02266288952
0.0645994832041 0.0356633380884 5.956417 1.02549575071
0.0637755102041 0.0356633380884 5.938251 1.03966005666
0.0636132315522 0.0356633380884 5.929189 1.04249291785
0.0634517766497 0.0356633380884 5.925453 1.04532577904
0.0658227848101 0.037089871612 5.924299 1.04532577904
0.0653266331658 0.037089871612 5.921857 1.05382436261
0.0651629072682 0.037089871612 5.921037 1.0566572238
0.065 0.037089871612 5.919038 1.05949008499
0.0648379052369 0.037089871612 5.91178 1.06232294618
0.0646766169154 0.037089871612 5.910207 1.06515580737
0.0645161290323 0.037089871612 5.907869 1.06798866856
0.0632603406326 0.037089871612 5.893109 1.09065155807
0.0631067961165 0.037089871612 5.891491 1.09348441926
0.0620525059666 0.037089871612 5.886237 1.11331444759
0.0642857142857 0.0385164051355 5.885776 1.11331444759
0.0632318501171 0.0385164051355 5.870919 1.13314447592
0.0630841121495 0.0385164051355 5.870206 1.13597733711
0.0629370629371 0.0385164051355 5.862561 1.1388101983
0.0627906976744 0.0385164051355 5.862397 1.14164305949
0.0622119815668 0.0385164051355 5.84696 1.15297450425
0.0620689655172 0.0385164051355 5.842405 1.15580736544
0.0616438356164 0.0385164051355 5.838395 1.16430594901
0.0615034168565 0.0385164051355 5.83804 1.1671388102
0.0612244897959 0.0385164051355 5.833143 1.17280453258
0.0610859728507 0.0385164051355 5.829911 1.17563739377
0.0605381165919 0.0385164051355 5.82224 1.18696883853
0.0604026845638 0.0385164051355 5.820442 1.18980169972
0.0597345132743 0.0385164051355 5.812567 1.20396600567
0.0596026490066 0.0385164051355 5.812531 1.20679886686
0.0586956521739 0.0385164051355 5.790241 1.22662889518
0.058568329718 0.0385164051355 5.788564 1.22946175637
0.0570824524313 0.0385164051355 5.738947 1.26345609065
0.0569620253165 0.0385164051355 5.737673 1.26628895184
0.0569620253165 0.0385164051355 5.737673 1.26628895184
0.0568421052632 0.0385164051355 5.736649 1.26912181303
0.0568421052632 0.0385164051355 5.736649 1.26912181303
0.0567226890756 0.0385164051355 5.732076 1.27195467422
0.0567226890756 0.0385164051355 5.732076 1.27195467422
0.0587002096436 0.0399429386591 5.728032 1.27195467422
0.0587002096436 0.0399429386591 5.728032 1.27195467422
0.0585774058577 0.0399429386591 5.727324 1.27478753541
0.0574948665298 0.0399429386591 5.703144 1.30028328612
0.0594262295082 0.0413694721826 5.698773 1.30028328612
0.0591836734694 0.0413694721826 5.695018 1.3059490085
0.0590631364562 0.0413694721826 5.694095 1.30878186969
0.0590631364562 0.0413694721826 5.694095 1.30878186969
0.0589430894309 0.0413694721826 5.692673 1.31161473088
0.0576540755467 0.0413694721826 5.664172 1.34277620397
0.0575396825397 0.0413694721826 5.663469 1.34560906516
0.0575396825397 0.0413694721826 5.663469 1.34560906516
0.0574257425743 0.0413694721826 5.661188 1.34844192635
0.0571992110454 0.0413694721826 5.657897 1.35410764873
0.0570866141732 0.0413694721826 5.654953 1.35694050992
0.056862745098 0.0413694721826 5.641516 1.36260623229
0.0567514677104 0.0413694721826 5.639656 1.36543909348
0.0560928433269 0.0413694721826 5.620405 1.38243626062
0.0559845559846 0.0413694721826 5.619606 1.38526912181
0.0556621880998 0.0413694721826 5.616542 1.39376770538
0.0555555555556 0.0413694721826 5.614144 1.39660056657
0.0554493307839 0.0413694721826 5.613279 1.39943342776
0.0553435114504 0.0413694721826 5.610716 1.40226628895
0.0543071161049 0.0413694721826 5.599689 1.43059490085
0.0542056074766 0.0413694721826 5.598068 1.43342776204
0.0535055350554 0.0413694721826 5.573839 1.45325779037
0.0534069981584 0.0413694721826 5.572591 1.45609065156
0.0525362318841 0.0413694721826 5.553182 1.48158640227
0.0542495479204 0.0427960057061 5.552503 1.48158640227
0.0540540540541 0.0427960057061 5.546806 1.48725212465
0.0539568345324 0.0427960057061 5.535167 1.49008498584
0.0539568345324 0.0427960057061 5.535167 1.49008498584
0.0538599640934 0.0427960057061 5.532256 1.49291784703
0.0537634408602 0.0427960057061 5.531808 1.49575070822
0.0536672629696 0.0427960057061 5.531204 1.49858356941
0.0534759358289 0.0427960057061 5.528003 1.50424929178
0.0533807829181 0.0427960057061 5.527621 1.50708215297
0.0532859680284 0.0427960057061 5.526257 1.50991501416
0.0531914893617 0.0427960057061 5.525671 1.51274787535
0.0524475524476 0.0427960057061 5.511866 1.53541076487
0.0541012216405 0.0442225392297 5.510045 1.53541076487
0.0539130434783 0.0442225392297 5.497328 1.54107648725
0.0538194444444 0.0442225392297 5.489743 1.54390934844
0.0531732418525 0.0442225392297 5.466839 1.56373937677
0.0530821917808 0.0442225392297 5.46252 1.56657223796
0.0528109028961 0.0442225392297 5.451711 1.57507082153
0.0527210884354 0.0442225392297 5.437938 1.57790368272
0.0527210884354 0.0442225392297 5.437938 1.57790368272
0.0543293718166 0.0456490727532 5.43077 1.57790368272
0.053781512605 0.0456490727532 5.412862 1.59490084986
0.0553691275168 0.0470756062767 5.409906 1.59490084986
0.0549084858569 0.0470756062767 5.397455 1.60906515581
0.0548172757475 0.0470756062767 5.396433 1.611898017
0.0548172757475 0.0470756062767 5.396433 1.611898017
0.0563847429519 0.0485021398003 5.395216 1.611898017
0.0559210526316 0.0485021398003 5.386085 1.62606232295
0.055829228243 0.0485021398003 5.382966 1.62889518414
0.055737704918 0.0485021398003 5.377749 1.63172804533
0.0572831423895 0.0499286733238 5.377635 1.63172804533
0.056270096463 0.0499286733238 5.358159 1.66288951841
0.0561797752809 0.0499286733238 5.356532 1.6657223796
0.0555555555556 0.0499286733238 5.335116 1.68555240793
0.0554675118859 0.0499286733238 5.335098 1.68838526912
0.0551181102362 0.0499286733238 5.328071 1.69971671388
0.0550314465409 0.0499286733238 5.324951 1.70254957507
0.0546875 0.0499286733238 5.318963 1.71388101983
0.0546021840874 0.0499286733238 5.318186 1.71671388102
0.0541795665635 0.0499286733238 5.305315 1.73087818697
0.0540958268934 0.0499286733238 5.302891 1.73371104816
0.0538461538462 0.0499286733238 5.296866 1.74220963173
0.0537634408602 0.0499286733238 5.290943 1.74504249292
0.0537634408602 0.0499286733238 5.290943 1.74504249292
0.0536809815951 0.0499286733238 5.28429 1.74787535411
0.0535168195719 0.0499286733238 5.274943 1.75354107649
0.0549618320611 0.0513552068474 5.270657 1.75354107649
0.0546282245827 0.0513552068474 5.253737 1.76487252125
0.0560606060606 0.0527817403709 5.245121 1.76487252125
0.0548961424332 0.0527817403709 5.208309 1.8045325779
0.0548148148148 0.0527817403709 5.205129 1.80736543909
0.0546528803545 0.0527817403709 5.203798 1.81303116147
0.0545722713864 0.0527817403709 5.201861 1.81586402266
0.0542521994135 0.0527817403709 5.195689 1.82719546742
0.0541727672035 0.0527817403709 5.194704 1.83002832861
0.0540935672515 0.0527817403709 5.191051 1.8328611898
0.0540145985401 0.0527817403709 5.190064 1.83569405099
0.0535455861071 0.0527817403709 5.178957 1.85269121813
0.0534682080925 0.0527817403709 5.178932 1.85552407932
0.0530846484935 0.0527817403709 5.172303 1.86968838527
0.054441260745 0.0542082738944 5.168798 1.86968838527
0.0542082738944 0.0542082738944 5.166462 1.87818696884
0.0541310541311 0.0542082738944 5.16475 1.88101983003
0.0539772727273 0.0542082738944 5.164266 1.88668555241
0.0539007092199 0.0542082738944 5.161036 1.8895184136
0.0529986052999 0.0542082738944 5.140183 1.92351274788
0.0529247910864 0.0542082738944 5.140069 1.92634560907
0.0526315789474 0.0542082738944 5.134643 1.93767705382
0.0525587828492 0.0542082738944 5.133629 1.94050991501
0.0524861878453 0.0542082738944 5.133389 1.9433427762
0.0524137931034 0.0542082738944 5.132024 1.94617563739
0.0516304347826 0.0542082738944 5.104255 1.97733711048
0.0529172320217 0.055634807418 5.103874 1.97733711048
0.0529172320217 0.055634807418 5.103874 1.97733711048
0.0542005420054 0.0570613409415 5.102046 1.97733711048
0.0541271989175 0.0570613409415 5.099552 1.98016997167
0.0540540540541 0.0570613409415 5.098799 1.98300283286
0.0536193029491 0.0570613409415 5.087384 2.0
0.053547523427 0.0570613409415 5.085574 2.00283286119
0.0524246395806 0.0570613409415 5.061539 2.04815864023
0.053664921466 0.058487874465 5.053993 2.04815864023
0.0532467532468 0.058487874465 5.037665 2.06515580737
0.05317769131 0.058487874465 5.037516 2.06798866856
0.0530401034929 0.058487874465 5.032844 2.07365439093
0.0529715762274 0.058487874465 5.030048 2.07648725212
0.0528350515464 0.058487874465 5.02407 2.0821529745
0.0527670527671 0.058487874465 5.023913 2.08498583569
0.0525641025641 0.058487874465 5.020906 2.09348441926
0.0524967989757 0.058487874465 5.018116 2.09631728045
0.0517676767677 0.058487874465 4.993107 2.12747875354
0.0517023959647 0.058487874465 4.987742 2.13031161473
0.051637279597 0.058487874465 4.986963 2.13314447592
0.051572327044 0.058487874465 4.986746 2.13597733711
0.05125 0.058487874465 4.982421 2.15014164306
0.0511860174782 0.058487874465 4.979178 2.15297450425
0.0511221945137 0.058487874465 4.977897 2.15580736544
0.0510585305106 0.058487874465 4.975231 2.15864022663
0.0510585305106 0.058487874465 4.975231 2.15864022663
0.0522388059701 0.0599144079886 4.973387 2.15864022663
0.0522388059701 0.0599144079886 4.973387 2.15864022663
0.0521739130435 0.0599144079886 4.972786 2.16147308782
0.0513447432763 0.0599144079886 4.954255 2.19830028329
0.0512820512821 0.0599144079886 4.952652 2.20113314448
0.0506634499397 0.0599144079886 4.938028 2.22946175637
0.0506024096386 0.0599144079886 4.935122 2.23229461756
0.0495867768595 0.0599144079886 4.913683 2.28045325779
0.0507075471698 0.0613409415121 4.9127 2.28045325779
0.0505882352941 0.0613409415121 4.909746 2.28611898017
0.0505287896592 0.0613409415121 4.908606 2.28895184136
0.049710982659 0.0613409415121 4.89213 2.32861189802
0.0496535796767 0.0613409415121 4.888613 2.33144475921
0.0495963091119 0.0613409415121 4.888193 2.3342776204
0.0495391705069 0.0613409415121 4.886931 2.33711048159
0.0494821634062 0.0613409415121 4.881431 2.33994334278
0.0505747126437 0.0627674750357 4.88021 2.33994334278
0.0501138952164 0.0627674750357 4.863734 2.36260623229
0.0511945392491 0.0641940085592 4.863692 2.36260623229
0.0503355704698 0.0641940085592 4.837835 2.40509915014
0.0513966480447 0.0656205420827 4.835129 2.40509915014
0.0507166482911 0.0656205420827 4.826434 2.43909348442
0.0517621145374 0.0670470756063 4.825532 2.43909348442
0.0513100436681 0.0670470756063 4.814645 2.46175637394
0.051254089422 0.0670470756063 4.814219 2.46458923513
0.0505920344456 0.0670470756063 4.791622 2.49858356941
0.0505376344086 0.0670470756063 4.790421 2.50141643059
0.0504291845494 0.0670470756063 4.789999 2.50708215297
0.0514469453376 0.0684736091298 4.789929 2.50708215297
0.0507936507937 0.0684736091298 4.778714 2.54107648725
0.0517970401691 0.0699001426534 4.778501 2.54107648725
0.051742344245 0.0699001426534 4.778332 2.54390934844
0.0527426160338 0.0713266761769 4.775769 2.54390934844
0.0525210084034 0.0713266761769 4.767453 2.5552407932
0.0524658971668 0.0713266761769 4.761674 2.55807365439
0.0521376433785 0.0713266761769 4.756231 2.57507082153
0.0520833333333 0.0713266761769 4.755165 2.57790368272
0.0519210799585 0.0713266761769 4.751635 2.58640226629
0.051867219917 0.0713266761769 4.750404 2.58923512748
0.0517598343685 0.0713266761769 4.748906 2.59490084986
0.0517063081696 0.0713266761769 4.747128 2.59773371105
0.0512820512821 0.0713266761769 4.73367 2.62039660057
0.0522540983607 0.0727532097004 4.729172 2.62039660057
0.0522540983607 0.0727532097004 4.729172 2.62039660057
0.0522006141249 0.0727532097004 4.726093 2.62322946176
0.051567239636 0.0727532097004 4.713708 2.65722379603
0.0515151515152 0.0727532097004 4.713061 2.66005665722
0.0511534603811 0.0727532097004 4.701658 2.67988668555
0.0511022044088 0.0727532097004 4.698337 2.68271954674
0.0505952380952 0.0727532097004 4.68311 2.71104815864
0.0505450941526 0.0727532097004 4.682527 2.71388101983
0.050395256917 0.0727532097004 4.67999 2.7223796034
0.0503455083909 0.0727532097004 4.678802 2.72521246459
0.0501968503937 0.0727532097004 4.677485 2.73371104816
0.0501474926254 0.0727532097004 4.676584 2.73654390935
0.0501474926254 0.0727532097004 4.676584 2.73654390935
0.0500982318271 0.0727532097004 4.675388 2.73937677054
0.0491329479769 0.0727532097004 4.642062 2.79603399433
0.0490856592878 0.0727532097004 4.640958 2.79886685552
0.0490856592878 0.0727532097004 4.640958 2.79886685552
0.0490384615385 0.0727532097004 4.640257 2.80169971671
0.0489443378119 0.0727532097004 4.637615 2.80736543909
0.0488974113135 0.0727532097004 4.637122 2.81019830028
0.0487571701721 0.0727532097004 4.626524 2.81869688385
0.0496657115568 0.074179743224 4.625826 2.81869688385
0.0494766888677 0.074179743224 4.622141 2.83002832861
0.0494296577947 0.074179743224 4.621092 2.8328611898
0.0492424242424 0.074179743224 4.618017 2.84419263456
0.0491958372753 0.074179743224 4.616899 2.84702549575
0.0488721804511 0.074179743224 4.610162 2.86685552408
0.0488262910798 0.074179743224 4.609312 2.86968838527
0.0487804878049 0.074179743224 4.608847 2.87252124646
0.0487347703843 0.074179743224 4.608787 2.87535410765
0.0481927710843 0.074179743224 4.600454 2.90934844193
0.0481481481481 0.074179743224 4.598575 2.91218130312
0.0477502295684 0.074179743224 4.58936 2.93767705382
0.0477064220183 0.074179743224 4.589227 2.94050991501
0.0470588235294 0.074179743224 4.579737 2.98300283286
0.0479204339964 0.0756062767475 4.578656 2.98300283286
0.0478771454381 0.0756062767475 4.57805 2.98583569405
0.0478339350181 0.0756062767475 4.575777 2.98866855524
0.0475763016158 0.0756062767475 4.571653 3.00566572238
0.0484304932735 0.077032810271 4.571564 3.00566572238
0.0482142857143 0.077032810271 4.567661 3.01983002833
0.0481712756467 0.077032810271 4.567425 3.02266288952
0.0477453580902 0.077032810271 4.557489 3.05099150142
0.0485865724382 0.0784593437946 4.55656 3.05099150142
0.0485436893204 0.0784593437946 4.554513 3.05382436261
0.0485008818342 0.0784593437946 4.554166 3.0566572238
0.0480349344978 0.0784593437946 4.544943 3.08781869688
0.0479930191972 0.0784593437946 4.543872 3.09065155807
0.04753673293 0.0784593437946 4.534503 3.12181303116
0.0483592400691 0.0798858773181 4.534005 3.12181303116
0.0481099656357 0.0798858773181 4.528129 3.1388101983
0.0480686695279 0.0798858773181 4.526642 3.14164305949
0.0477815699659 0.0798858773181 4.521162 3.16147308782
0.0477408354646 0.0798858773181 4.520059 3.16430594901
0.0477408354646 0.0798858773181 4.520059 3.16430594901
0.0477001703578 0.0798858773181 4.519267 3.1671388102
0.0472573839662 0.0798858773181 4.509674 3.19830028329
0.0472175379427 0.0798858773181 4.508614 3.20113314448
0.0471777590564 0.0798858773181 4.507847 3.20396600567
0.047138047138 0.0798858773181 4.507319 3.20679886686
0.0469011725293 0.0798858773181 4.505325 3.22379603399
0.0468619246862 0.0798858773181 4.504817 3.22662889518
0.046357615894 0.0798858773181 4.490724 3.26345609065
0.0471464019851 0.0813124108417 4.490467 3.26345609065
0.047068538398 0.0813124108417 4.488645 3.26912181303
0.0470297029703 0.0813124108417 4.488624 3.27195467422
0.0469522240527 0.0813124108417 4.485847 3.2776203966
0.0469135802469 0.0813124108417 4.484976 3.28045325779
0.046568627451 0.0813124108417 4.478128 3.3059490085
0.0465306122449 0.0813124108417 4.477279 3.30878186969
0.046379170057 0.0813124108417 4.472391 3.32011331445
0.0463414634146 0.0813124108417 4.471666 3.32294617564
0.0453100158983 0.0813124108417 4.45054 3.40226628895
0.0452740270056 0.0813124108417 4.450235 3.40509915014
0.044846577498 0.0813124108417 4.440699 3.43909348442
0.0448113207547 0.0813124108417 4.439691 3.44192634561
0.044776119403 0.0813124108417 4.439342 3.4447592068
0.0455259026688 0.0827389443652 4.436486 3.4447592068
0.045101088647 0.0827389443652 4.427176 3.47875354108
0.045066045066 0.0827389443652 4.425949 3.48158640227
0.0448569218871 0.0827389443652 4.419228 3.49858356941
0.0448222565688 0.0827389443652 4.418964 3.50141643059
0.0447530864198 0.0827389443652 4.41505 3.50708215297
0.0447185813416 0.0827389443652 4.414732 3.50991501416
0.0447185813416 0.0827389443652 4.414732 3.50991501416
0.0446841294299 0.0827389443652 4.410404 3.51274787535
0.0444785276074 0.0827389443652 4.406269 3.52974504249
0.0444444444444 0.0827389443652 4.405307 3.53257790368
0.044241037376 0.0827389443652 4.397424 3.54957507082
0.0442073170732 0.0827389443652 4.394568 3.55240793201
0.0440060698027 0.0827389443652 4.388053 3.56940509915
0.0447308567096 0.0841654778887 4.387282 3.56940509915
0.0445956160242 0.0841654778887 4.385413 3.58073654391
0.0445619335347 0.0841654778887 4.384473 3.5835694051
0.0438988095238 0.0841654778887 4.361254 3.6402266289
0.0438661710037 0.0841654778887 4.36025 3.64305949008
0.0435745937962 0.0841654778887 4.348484 3.66855524079
0.0435424354244 0.0841654778887 4.348307 3.67138810198
0.0431602048281 0.0841654778887 4.339876 3.70538243626
0.0438596491228 0.0855920114123 4.336722 3.70538243626
0.0432588320115 0.0855920114123 4.315609 3.75920679887
0.0432276657061 0.0855920114123 4.314698 3.76203966006
0.0431654676259 0.0855920114123 4.311667 3.76770538244
0.0431344356578 0.0855920114123 4.311217 3.77053824363
0.0428265524625 0.0855920114123 4.306657 3.79886685552
0.0435092724679 0.0870185449358 4.306485 3.79886685552
0.0431705590941 0.0870185449358 4.299648 3.83002832861
0.0431400282885 0.0870185449358 4.299574 3.8328611898
0.0429275158339 0.0870185449358 4.296708 3.85269121813
0.0428973277075 0.0870185449358 4.296702 3.85552407932
0.0427170868347 0.0870185449358 4.290981 3.87252124646
0.0426871938418 0.0870185449358 4.289746 3.87535410765
0.0414120841819 0.0870185449358 4.244393 4.0
0.0413839891452 0.0870185449358 4.244208 4.00283286119
0.0412999322952 0.0870185449358 4.239779 4.01133144476
0.0412719891746 0.0870185449358 4.239611 4.01416430595
0.0412162162162 0.0870185449358 4.237008 4.01983002833
0.0418636056718 0.0884450784593 4.235743 4.01983002833
0.0418353576248 0.0884450784593 4.235438 4.02266288952
0.0418071476736 0.0884450784593 4.235328 4.02549575071
0.0411686586985 0.0884450784593 4.209366 4.09065155807
0.0411413404114 0.0884450784593 4.209366 4.09348441926
0.0407894736842 0.0884450784593 4.197954 4.13031161473
0.0407626561473 0.0884450784593 4.197019 4.13314447592
0.0407091267236 0.0884450784593 4.19522 4.1388101983
0.0406824146982 0.0884450784593 4.194521 4.14164305949
0.040629095675 0.0884450784593 4.193306 4.14730878187
0.0406024885396 0.0884450784593 4.192234 4.15014164306
0.0404699738903 0.0884450784593 4.188709 4.16430594901
0.041095890411 0.0898716119829 4.187893 4.16430594901
0.0409889394925 0.0898716119829 4.186737 4.17563739377
0.0409622886866 0.0898716119829 4.186602 4.17847025496
0.0407766990291 0.0898716119829 4.179551 4.19830028329
0.0413971539457 0.0912981455064 4.179008 4.19830028329
0.0413436692506 0.0912981455064 4.175928 4.20396600567
0.0413169786959 0.0912981455064 4.175815 4.20679886686
0.0413169786959 0.0912981455064 4.175815 4.20679886686
0.0412903225806 0.0912981455064 4.175232 4.20963172805
0.0412371134021 0.0912981455064 4.174526 4.21529745042
0.0418544752093 0.09272467903 4.173911 4.21529745042
0.0417469492614 0.09272467903 4.169801 4.22662889518
0.0423620025674 0.0941512125535 4.16657 4.22662889518
0.0421186981493 0.0941512125535 4.161571 4.25212464589
0.0420918367347 0.0941512125535 4.161146 4.25495750708
0.0419847328244 0.0941512125535 4.158698 4.26628895184
0.041958041958 0.0941512125535 4.157595 4.26912181303
0.0415617128463 0.0941512125535 4.150353 4.31161473088
0.0415355569541 0.0941512125535 4.148297 4.31444759207
0.0414572864322 0.0941512125535 4.14572 4.32294617564
0.0420590081607 0.095577746077 4.145245 4.32294617564
0.0418488444722 0.095577746077 4.139179 4.34560906516
0.041822721598 0.095577746077 4.139164 4.34844192635
0.0416149068323 0.095577746077 4.130586 4.37110481586
0.0415890751086 0.095577746077 4.130165 4.37393767705
0.0405814657783 0.095577746077 4.101325 4.48725212465
0.0405569007264 0.095577746077 4.101279 4.49008498584
0.0397862232779 0.095577746077 4.078354 4.58073654391
0.039762611276 0.095577746077 4.077337 4.5835694051
0.0391812865497 0.095577746077 4.054774 4.65439093484
0.0391583869082 0.095577746077 4.053313 4.65722379603
0.0390442890443 0.095577746077 4.049606 4.67138810198
0.0390215492137 0.095577746077 4.049062 4.67422096317
0.0389761489238 0.095577746077 4.04777 4.67988668555
0.0389534883721 0.095577746077 4.047601 4.68271954674
0.0381548974943 0.095577746077 4.017588 4.78470254958
0.0387023335231 0.0970042796006 4.017426 4.78470254958
0.0385269121813 0.0970042796006 4.009007 4.80736543909
0.0390713476784 0.0984308131241 4.008842 4.80736543909
0.0385474860335 0.0984308131241 3.997164 4.87535410765
0.0390843104411 0.0998573466476 3.996528 4.87535410765
0.03884572697 0.0998573466476 3.984899 4.90651558074
0.0393788130893 0.101283880171 3.984872 4.90651558074
0.0393351800554 0.101283880171 3.984397 4.91218130312
0.0393133997785 0.101283880171 3.983504 4.91501416431
0.039226519337 0.101283880171 3.979492 4.92634560907
0.0392048591938 0.101283880171 3.979379 4.92917847025
0.0389254385965 0.101283880171 3.973439 4.96600566572
0.0394520547945 0.102710413695 3.973342 4.96600566572
0.038961038961 0.102710413695 3.963058 5.03116147309
0.0394808004327 0.104136947218 3.96266 5.03116147309
0.0393318965517 0.104136947218 3.957713 5.05099150142
0.0398492191707 0.105563480742 3.957278 5.05099150142
0.0396782841823 0.105563480742 3.953038 5.07365439093
0.040192926045 0.106990014265 3.952656 5.07365439093
0.0398724082935 0.106990014265 3.947604 5.11614730878
0.0398512221041 0.106990014265 3.947133 5.11898016997
0.0395569620253 0.106990014265 3.936919 5.15864022663
0.0395361096468 0.106990014265 3.933722 5.16147308782
0.0393081761006 0.106990014265 3.92822 5.19263456091
0.0392875851231 0.106990014265 3.927505 5.1954674221
0.038920601972 0.106990014265 3.91916 5.24645892351
0.0394190871369 0.108416547789 3.916801 5.24645892351
0.039378238342 0.108416547789 3.915152 5.25212464589
0.0398757120663 0.109843081312 3.914868 5.25212464589
0.039588688946 0.109843081312 3.908477 5.29178470255
0.0400822199383 0.111269614836 3.907902 5.29178470255
0.0399590163934 0.111269614836 3.9054 5.30878186969
0.0399385560676 0.111269614836 3.902064 5.31161473088
0.0396744659207 0.111269614836 3.896729 5.34844192635
0.0401626842908 0.112696148359 3.896202 5.34844192635
0.039979757085 0.112696148359 3.887698 5.37393767705
0.0399595346485 0.112696148359 3.886561 5.37677053824
0.0397584297937 0.112696148359 3.881518 5.40509915014
0.0397384305835 0.112696148359 3.879838 5.40793201133
0.0395 0.112696148359 3.871387 5.44192634561
0.0394802598701 0.112696148359 3.870707 5.4447592068
0.0390316205534 0.112696148359 3.852924 5.50991501416
0.039012345679 0.112696148359 3.851882 5.51274787535
0.0388970950271 0.112696148359 3.846946 5.52974504249
0.0393700787402 0.114122681883 3.84637 5.52974504249
0.0392156862745 0.114122681883 3.841796 5.55240793201
0.0391964723175 0.114122681883 3.84163 5.5552407932
0.0390625 0.114122681883 3.837196 5.57507082153
0.0390434358224 0.114122681883 3.836862 5.57790368272
0.0389105058366 0.114122681883 3.834794 5.59773371105
0.0393777345649 0.115549215407 3.8335 5.59773371105
0.0393586005831 0.115549215407 3.833336 5.60056657224
0.039339485187 0.115549215407 3.833144 5.60339943343
0.0390361445783 0.115549215407 3.824489 5.64872521246
0.0394990366089 0.11697574893 3.824313 5.64872521246
0.0394610202117 0.11697574893 3.822156 5.65439093484
0.039442039442 0.11697574893 3.821317 5.65722379603
0.0394041326285 0.11697574893 3.820704 5.66288951841
0.0393852065322 0.11697574893 3.819285 5.6657223796
0.0392908481073 0.11697574893 3.817453 5.67988668555
0.0397509578544 0.118402282454 3.816511 5.67988668555
0.0394862036156 0.118402282454 3.804361 5.71954674221
0.0394674274845 0.118402282454 3.80389 5.7223796034
0.0390588235294 0.118402282454 3.78816 5.78470254958
0.0390404515522 0.118402282454 3.787966 5.78753541076
0.0387669313405 0.118402282454 3.773789 5.83002832861
0.0387488328665 0.118402282454 3.773034 5.8328611898
0.0384793694947 0.118402282454 3.760643 5.87535410765
0.0384615384615 0.118402282454 3.760235 5.87818696884
0.0382488479263 0.118402282454 3.753231 5.91218130312
0.038231229848 0.118402282454 3.751175 5.91501416431
0.0381784728611 0.118402282454 3.749346 5.92351274788
0.0381609195402 0.118402282454 3.74932 5.92634560907
0.0379341864717 0.118402282454 3.743697 5.96317280453
0.0379168570123 0.118402282454 3.742762 5.96600566572
0.0377616014559 0.118402282454 3.732474 5.99150141643
0.037744429286 0.118402282454 3.732139 5.99433427762
0.037744429286 0.118402282454 3.732139 5.99433427762
0.0377272727273 0.118402282454 3.731939 5.99716713881
0.0376930063579 0.118402282454 3.729135 6.00283286119
0.0381298229687 0.119828815977 3.728731 6.00283286119
0.0380434782609 0.119828815977 3.72354 6.01699716714
0.0380262562245 0.119828815977 3.723329 6.01983002833
0.0376850605653 0.119828815977 3.710003 6.07648725212
0.037668161435 0.119828815977 3.70978 6.07932011331
0.0372340425532 0.119828815977 3.698936 6.15297450425
0.0372175454143 0.119828815977 3.697752 6.15580736544
0.0372010628875 0.119828815977 3.69676 6.15864022663
0.0371845949535 0.119828815977 3.695991 6.16147308782
0.0369881109643 0.119828815977 3.691688 6.1954674221
0.0369718309859 0.119828815977 3.69101 6.19830028329
0.0366332315744 0.119828815977 3.679912 6.25779036827
0.0366172624237 0.119828815977 3.679524 6.26062322946
0.0365058670143 0.119828815977 3.677064 6.28045325779
0.0369244135534 0.121255349501 3.676533 6.28045325779
0.036701208981 0.121255349501 3.67022 6.32011331445
0.0366853690117 0.121255349501 3.669838 6.32294617564
0.0366379310345 0.121255349501 3.66917 6.33144475921
0.037052994399 0.122681883024 3.66636 6.33144475921
0.0370051635112 0.122681883024 3.663747 6.33994334278
0.0369892473118 0.122681883024 3.663341 6.34277620397
0.0367993153616 0.122681883024 3.656518 6.37677053824
0.0367835757057 0.122681883024 3.65625 6.37960339943
0.0367050789586 0.122681883024 3.651836 6.39376770538
0.0366894197952 0.122681883024 3.650913 6.39660056657
0.0365646258503 0.122681883024 3.648651 6.41926345609
0.0365490862728 0.122681883024 3.648054 6.42209631728
0.0363944138807 0.122681883024 3.64274 6.45042492918
0.0363790186125 0.122681883024 3.641681 6.45325779037
0.0357291233901 0.122681883024 3.619853 6.57507082153
0.0361295681063 0.124108416548 3.619584 6.57507082153
0.0360696517413 0.124108416548 3.618547 6.58640226629
0.0360547036884 0.124108416548 3.616532 6.58923512748
0.0359504132231 0.124108416548 3.613316 6.60906515581
0.0359355638166 0.124108416548 3.613256 6.611898017
0.0357289527721 0.124108416548 3.603518 6.65155807365
0.0361247947455 0.125534950071 3.60259 6.65155807365
0.0358452138493 0.125534950071 3.593075 6.70538243626
0.0358306188925 0.125534950071 3.592531 6.70821529745
0.0356997971602 0.125534950071 3.588274 6.73371104816
0.0356853203569 0.125534950071 3.588148 6.73654390935
0.0352988367429 0.125534950071 3.570458 6.81303116147
0.0352846832398 0.125534950071 3.570317 6.81586402266
0.0352705410822 0.125534950071 3.569446 6.81869688385
0.0352564102564 0.125534950071 3.568856 6.82152974504
0.0352564102564 0.125534950071 3.568856 6.82152974504
0.0352422907489 0.125534950071 3.56787 6.82436260623
0.0352 0.125534950071 3.56657 6.8328611898
0.0351859256297 0.125534950071 3.566537 6.83569405099
0.0351157222666 0.125534950071 3.563255 6.84985835694
0.0355005983247 0.126961483595 3.56233 6.84985835694
0.0351084812623 0.126961483595 3.550278 6.92917847025
0.0354889589905 0.128388017118 3.549138 6.92917847025
0.0354470263883 0.128388017118 3.546959 6.93767705382
0.0354330708661 0.128388017118 3.546911 6.94050991501
0.0354051927616 0.128388017118 3.544816 6.94617563739
0.0353912701534 0.128388017118 3.544304 6.94900849858
0.0353773584906 0.128388017118 3.542825 6.95184135977
0.0357563850688 0.129814550642 3.542414 6.95184135977
0.0354085603113 0.129814550642 3.532697 7.02266288952
0.0353947880202 0.129814550642 3.531989 7.02549575071
0.0352986811482 0.129814550642 3.524286 7.04532577904
0.0356727413726 0.131241084165 3.524103 7.04532577904
0.0356589147287 0.131241084165 3.523225 7.04815864023
0.036032545525 0.132667617689 3.521713 7.04815864023
0.0360185902401 0.132667617689 3.521653 7.05099150142
0.0360046457607 0.132667617689 3.521517 7.05382436261
0.0357967667436 0.132667617689 3.514939 7.09631728045
0.035782993459 0.132667617689 3.513433 7.09915014164
0.0357142857143 0.132667617689 3.508831 7.11331444759
0.0357005758157 0.132667617689 3.508111 7.11614730878
0.0354015987819 0.132667617689 3.498666 7.17847025496
0.0353881278539 0.132667617689 3.498612 7.18130311615
0.0350414468726 0.132667617689 3.47863 7.25495750708
0.0350282485876 0.132667617689 3.478566 7.25779036827
0.0348314606742 0.132667617689 3.471412 7.30028328612
0.0348184200674 0.132667617689 3.466468 7.30311614731
0.0348184200674 0.132667617689 3.466468 7.30311614731
0.0348053892216 0.132667617689 3.464669 7.3059490085
0.0345339769773 0.132667617689 3.457828 7.36543909348
0.0345211581292 0.132667617689 3.457671 7.36827195467
0.0344699777613 0.132667617689 3.455559 7.37960339943
0.0348277139681 0.134094151213 3.455408 7.37960339943
0.0347376201035 0.134094151213 3.449376 7.39943342776
0.0347247875877 0.134094151213 3.449247 7.40226628895
0.0345842531273 0.134094151213 3.445934 7.43342776204
0.0345715336521 0.134094151213 3.445605 7.43626062323
0.034444851594 0.134094151213 3.436976 7.46458923513
0.0344322344322 0.134094151213 3.436884 7.46742209632
0.0344322344322 0.134094151213 3.436884 7.46742209632
0.0344196265104 0.134094151213 3.43487 7.47025495751
0.0344196265104 0.134094151213 3.43487 7.47025495751
0.0347730600293 0.135520684736 3.434711 7.47025495751
0.0346968590212 0.135520684736 3.431993 7.48725212465
0.0346841913107 0.135520684736 3.431737 7.49008498584
0.0346841913107 0.135520684736 3.431737 7.49008498584
0.0346715328467 0.135520684736 3.431631 7.49291784703
0.0346462436178 0.135520684736 3.430894 7.49858356941
0.0346336128327 0.135520684736 3.430685 7.50141643059
0.0345328971283 0.135520684736 3.424226 7.52407932011
0.0345203488372 0.135520684736 3.424024 7.5269121813
0.0340623879527 0.135520684736 3.407439 7.63172804533
0.0344086021505 0.13694721826 3.403879 7.63172804533
0.0340304856434 0.13694721826 3.387878 7.71954674221
0.0340184266478 0.13694721826 3.387666 7.7223796034
0.0339222614841 0.13694721826 3.383801 7.74504249292
0.0339102790533 0.13694721826 3.383165 7.74787535411
0.0339102790533 0.13694721826 3.383165 7.74787535411
0.0338983050847 0.13694721826 3.383158 7.7507082153
0.0337909186906 0.13694721826 3.379462 7.77620396601
0.0337790288529 0.13694721826 3.379164 7.7790368272
0.0336487907466 0.13694721826 3.37551 7.81019830028
0.0336370007008 0.13694721826 3.37517 7.81303116147
0.0336252189142 0.13694721826 3.37465 7.81586402266
0.0339635854342 0.138373751783 3.374488 7.81586402266
0.0337861372344 0.138373751783 3.367796 7.85835694051
0.0337743732591 0.138373751783 3.367779 7.8611898017
0.033762617473 0.138373751783 3.367355 7.86402266289
0.0337508698678 0.138373751783 3.366385 7.86685552408
0.0337391304348 0.138373751783 3.36512 7.86968838527
0.0337273991655 0.138373751783 3.364451 7.87252124646
0.0333792154164 0.138373751783 3.349772 7.95750708215
0.0333677330581 0.138373751783 3.348227 7.96033994334
0.0333677330581 0.138373751783 3.348227 7.96033994334
0.033356258597 0.138373751783 3.347971 7.96317280453
0.0333447920248 0.138373751783 3.347908 7.96600566572
0.0333333333333 0.138373751783 3.347678 7.96883852691
0.033196440794 0.138373751783 3.343116 8.00283286119
0.033185083818 0.138373751783 3.342653 8.00566572238
0.0331623931624 0.138373751783 3.342005 8.01133144476
0.0331510594668 0.138373751783 3.340915 8.01416430595
0.0331397335155 0.138373751783 3.340609 8.01699716714
0.0331284153005 0.138373751783 3.340163 8.01983002833
0.0330494037479 0.138373751783 3.337325 8.03966005666
0.033378746594 0.139800285307 3.337056 8.03966005666
0.0331978319783 0.139800285307 3.329888 8.08498583569
0.0335252285811 0.14122681883 3.329382 8.08498583569
0.0332996972755 0.14122681883 3.3192 8.14164305949
0.0336247478144 0.142653352354 3.319111 8.14164305949
0.0335795836132 0.142653352354 3.317392 8.15297450425
0.0335683115139 0.142653352354 3.316956 8.15580736544
0.0335457900034 0.142653352354 3.316719 8.16147308782
0.0335345405768 0.142653352354 3.316034 8.16430594901
0.0335232986926 0.142653352354 3.31548 8.1671388102
0.0335120643432 0.142653352354 3.315049 8.16997167139
0.0333444481494 0.142653352354 3.30492 8.21246458924
0.0336666666667 0.144079885877 3.304719 8.21246458924
0.033633033633 0.144079885877 3.303504 8.2209631728
0.0336218375499 0.144079885877 3.303351 8.22379603399
0.0335882939807 0.144079885877 3.301898 8.23229461756
0.0335771276596 0.144079885877 3.301877 8.23512747875
0.0335102853351 0.144079885877 3.298374 8.25212464589
0.0338308457711 0.145506419401 3.298171 8.25212464589
0.0338084189592 0.145506419401 3.296111 8.25779036827
0.0337972166998 0.145506419401 3.294888 8.26062322946
0.0336967294351 0.145506419401 3.292919 8.28611898017
0.0340158520476 0.146932952924 3.291627 8.28611898017
0.0333333333333 0.146932952924 3.262526 8.46175637394
0.0333225493368 0.146932952924 3.262526 8.46458923513
0.0330658105939 0.146932952924 3.249491 8.53257790368
0.033055198973 0.146932952924 3.249447 8.53541076487
0.0329705505762 0.146932952924 3.247034 8.55807365439
0.03296 0.146932952924 3.246913 8.56090651558
0.03281299777 0.146932952924 3.238808 8.60056657224
0.0328025477707 0.146932952924 3.23793 8.60339943343
0.0327399872854 0.146932952924 3.235264 8.62039660057
0.0327295837305 0.146932952924 3.23445 8.62322946176
0.0327087964433 0.146932952924 3.233444 8.62889518414
0.0326984126984 0.146932952924 3.233184 8.63172804533
0.0325537294564 0.146932952924 3.228038 8.67138810198
0.032859399684 0.148359486448 3.227681 8.67138810198
0.0326941213455 0.148359486448 3.220964 8.71671388102
0.0329981143935 0.149786019971 3.220819 8.71671388102
0.0327817670933 0.149786019971 3.210427 8.77620396601
0.0327715355805 0.149786019971 3.208731 8.7790368272
0.0327613104524 0.149786019971 3.208399 8.78186968839
0.0327510917031 0.149786019971 3.207733 8.78470254958
0.0327306733167 0.149786019971 3.206612 8.79036827195
0.0330320972266 0.151212553495 3.206451 8.79036827195
0.0322678843227 0.151212553495 3.166535 9.00566572238
0.0322580645161 0.151212553495 3.165947 9.00849858357
0.0322286409243 0.151212553495 3.164385 9.01699716714
0.0322188449848 0.151212553495 3.164071 9.01983002833
0.0321894928637 0.151212553495 3.163697 9.0283286119
0.0321797207043 0.151212553495 3.163544 9.03116147309
0.0320435308343 0.151212553495 3.157941 9.07082152975
0.0320338470837 0.151212553495 3.157766 9.07365439093
0.0319951705403 0.151212553495 3.155103 9.08498583569
0.0322872661436 0.152639087019 3.15496 9.08498583569
0.032103210321 0.152639087019 3.1457 9.1388101983
0.0323935212957 0.154065620542 3.145328 9.1388101983
0.0323353293413 0.154065620542 3.142506 9.15580736544
0.0326249625861 0.155492154066 3.142413 9.15580736544
0.0325859491779 0.155492154066 3.140229 9.1671388102
0.0325762104005 0.155492154066 3.140191 9.16997167139
0.0323826500297 0.155492154066 3.130774 9.22662889518
0.03267003267 0.156918687589 3.130546 9.22662889518
0.0326506381716 0.156918687589 3.128759 9.23229461756
0.0326409495549 0.156918687589 3.128551 9.23512747875
0.0326215895611 0.156918687589 3.128474 9.24079320113
0.0326119181737 0.156918687589 3.128007 9.24362606232
0.0325732899023 0.156918687589 3.125851 9.25495750708
0.0325636471285 0.156918687589 3.125597 9.25779036827
0.0325540100621 0.156918687589 3.12476 9.26062322946
0.0325443786982 0.156918687589 3.124289 9.26345609065
0.0323624595469 0.156918687589 3.116326 9.31728045326
0.0323529411765 0.156918687589 3.116019 9.32011331445
0.0323339212228 0.156918687589 3.115583 9.32577903683
0.03261827799 0.158345221113 3.115191 9.32577903683
0.0326086956522 0.158345221113 3.113564 9.32861189802
0.032892804699 0.159771754636 3.113396 9.32861189802
0.0327485380117 0.159771754636 3.105298 9.37110481586
0.0327389652148 0.159771754636 3.105094 9.37393767705
0.0327102803738 0.159771754636 3.103966 9.38243626062
0.032700729927 0.159771754636 3.103853 9.38526912181
0.0326530612245 0.159771754636 3.100324 9.39943342776
0.0326435441562 0.159771754636 3.100121 9.40226628895
0.0325014509576 0.159771754636 3.094272 9.4447592068
0.0327821293879 0.16119828816 3.093872 9.4447592068
0.0327251665219 0.16119828816 3.088124 9.46175637394
0.0327156919514 0.16119828816 3.087969 9.46458923513
0.0325460829493 0.16119828816 3.079781 9.51558073654
0.0325367117766 0.16119828816 3.078676 9.51841359773
0.0325367117766 0.16119828816 3.078676 9.51841359773
0.0325273459988 0.16119828816 3.078493 9.52124645892
0.0324246771879 0.16119828816 3.075069 9.55240793201
0.0324153757889 0.16119828816 3.075047 9.5552407932
0.0323134114956 0.16119828816 3.070593 9.58640226629
0.032590051458 0.162624821683 3.070378 9.58640226629
0.0319955094022 0.162624821683 3.042033 9.77053824363
0.0319865319865 0.162624821683 3.041947 9.77337110482
0.0319685922602 0.162624821683 3.039711 9.7790368272
0.0322399775722 0.164051355207 3.039381 9.7790368272
0.0319444444444 0.164051355207 3.022252 9.87252124646
0.0319355734518 0.164051355207 3.022171 9.87535410765
0.0319355734518 0.164051355207 3.022171 9.87535410765
0.0322043309273 0.16547788873 3.022003 9.87535410765
0.0320885200553 0.16547788873 3.01576 9.91218130312
0.0320796460177 0.16547788873 3.015727 9.91501416431
0.0320176649186 0.16547788873 3.013306 9.93484419263
0.0322847682119 0.166904422254 3.012877 9.93484419263
0.0321693703602 0.166904422254 3.003783 9.9716713881
0.0321605277625 0.166904422254 3.003697 9.97450424929
0.0321605277625 0.166904422254 3.003697 9.97450424929
0.0321516900247 0.166904422254 3.002546 9.97733711048
0.031975949713 0.166904422254 2.991135 10.0339943343
0.0319672131148 0.166904422254 2.991057 10.0368271955
0.0318021201413 0.166904422254 2.98123 10.0906515581
0.0320652173913 0.168330955777 2.980835 10.0906515581
0.0320478001086 0.168330955777 2.980697 10.0963172805
0.0323106163454 0.169757489301 2.97959 10.0963172805
0.0322755627882 0.169757489301 2.978302 10.1076487252
0.0322668112798 0.169757489301 2.977992 10.1104815864
0.0322493224932 0.169757489301 2.976845 10.1161473088
0.0322405852073 0.169757489301 2.975955 10.11898017
0.0320150659134 0.169757489301 2.959165 10.1926345609
0.0320064550834 0.169757489301 2.95911 10.1954674221
0.0318266916288 0.169757489301 2.944027 10.2549575071
0.0320855614973 0.171184022825 2.942936 10.2549575071
0.0320512820513 0.171184022825 2.941307 10.2662889518
0.0320427236315 0.171184022825 2.941167 10.269121813
0.0320427236315 0.171184022825 2.941167 10.269121813
0.0320341697811 0.171184022825 2.940972 10.2719546742
0.0318809776833 0.171184022825 2.934544 10.3229461756
0.0318725099602 0.171184022825 2.933356 10.3257790368
0.0315457413249 0.171184022825 2.913167 10.4362606232
0.0315374507227 0.171184022825 2.912887 10.4390934844
0.0314712824548 0.171184022825 2.911491 10.4617563739
0.0314630309386 0.171184022825 2.910857 10.4645892351
0.0312825860271 0.171184022825 2.900762 10.5269121813
0.0312744331509 0.171184022825 2.90038 10.5297450425
0.0312662845232 0.171184022825 2.90015 10.5325779037
0.0312581401407 0.171184022825 2.900015 10.5354107649
0.0312418640979 0.171184022825 2.899594 10.5410764873
0.031233732431 0.171184022825 2.899323 10.5439093484
0.0312093628088 0.171184022825 2.897916 10.552407932
0.0314612584503 0.172610556348 2.897869 10.552407932
0.0314449064449 0.172610556348 2.896682 10.5580736544
0.0314367368148 0.172610556348 2.895057 10.5609065156
0.0313796680498 0.172610556348 2.891352 10.5807365439
0.0316308011408 0.174037089872 2.890284 10.5807365439
0.031598031598 0.174037089872 2.888281 10.5920679887
0.031848783014 0.175463623395 2.88767 10.5920679887
0.0317829457364 0.175463623395 2.883336 10.6147308782
0.0317747352105 0.175463623395 2.883258 10.6175637394
0.0317173800928 0.175463623395 2.878402 10.6373937677
0.0317092034029 0.175463623395 2.877897 10.6402266289
0.0316928626643 0.175463623395 2.877155 10.6458923513
0.031684698609 0.175463623395 2.876708 10.6487252125
0.0315303768265 0.175463623395 2.866988 10.7025495751
0.0317785750897 0.176890156919 2.866784 10.7025495751
0.0316973415133 0.176890156919 2.863918 10.730878187
0.0316892409916 0.176890156919 2.863826 10.7337110482
0.0315521628499 0.176890156919 2.855232 10.7818696884
0.0317985245485 0.178316690442 2.854799 10.7818696884
0.0317581300813 0.178316690442 2.85372 10.7960339943
0.0317500635001 0.178316690442 2.852854 10.7988668555
0.0316295546559 0.178316690442 2.84387 10.8413597734
0.0316215532507 0.178316690442 2.843837 10.8441926346
0.0315656565657 0.178316690442 2.842021 10.8640226629
0.0315576874527 0.178316690442 2.840008 10.8668555241
0.0315179021684 0.178316690442 2.836945 10.88101983
0.0317620368036 0.179743223966 2.836933 10.88101983
0.0313979566409 0.179743223966 2.819394 11.0113314448
0.0313901345291 0.179743223966 2.819384 11.0141643059
0.0312267657993 0.179743223966 2.807796 11.0736543909
0.0314667988107 0.181169757489 2.807766 11.0736543909
0.0313735177866 0.181169757489 2.802631 11.1076487252
0.0313657693258 0.181169757489 2.80255 11.1104815864
0.0311427170181 0.181169757489 2.786603 11.1926345609
0.031135082128 0.181169757489 2.786595 11.1954674221
0.0310437545832 0.181169757489 2.782223 11.2294617564
0.0310361681329 0.181169757489 2.782011 11.2322946176
0.0310285853897 0.181169757489 2.781891 11.2351274788
0.0310210063508 0.181169757489 2.78123 11.2379603399
0.0309077634461 0.181169757489 2.77446 11.2804532578
0.030900243309 0.181169757489 2.774403 11.283286119
0.0306615161758 0.181169757489 2.757478 11.3739376771
0.0306541153753 0.181169757489 2.756898 11.3767705382
0.0306097854905 0.181169757489 2.752981 11.3937677054
0.0306024096386 0.181169757489 2.752877 11.3966005666
0.0306024096386 0.181169757489 2.752877 11.3966005666
0.0305950373404 0.181169757489 2.751558 11.3994334278
0.0305876685934 0.181169757489 2.751244 11.402266289
0.0305803033951 0.181169757489 2.751152 11.4050991501
0.0305435305435 0.181169757489 2.750066 11.4192634561
0.0305361865833 0.181169757489 2.75005 11.4220963173
0.0303827751196 0.181169757489 2.742903 11.4815864023
0.0303755082516 0.181169757489 2.742687 11.4844192635
0.0301662707838 0.181169757489 2.725152 11.566572238
0.0301591071005 0.181169757489 2.72386 11.5694050992
0.0301591071005 0.181169757489 2.72386 11.5694050992
0.0303893637227 0.182596291013 2.721851 11.5694050992
0.0302314596127 0.182596291013 2.709634 11.6317280453
0.0302243211334 0.182596291013 2.70901 11.6345609065
0.030174446016 0.182596291013 2.704944 11.6543909348
0.0304030167334 0.184022824536 2.704819 11.6543909348
0.0302888001878 0.184022824536 2.701134 11.6997167139
0.0302816901408 0.184022824536 2.701022 11.7025495751
0.0299860529986 0.184022824536 2.680945 11.821529745
0.0302114803625 0.18544935806 2.680793 11.821529745
0.0300995600834 0.18544935806 2.675925 11.8668555241
0.0300925925926 0.18544935806 2.67591 11.8696883853
0.0299539170507 0.18544935806 2.669635 11.9263456091
0.0299470168164 0.18544935806 2.669286 11.9291784703
0.0298781889221 0.18544935806 2.664259 11.9575070822
0.0298713235294 0.18544935806 2.664156 11.9603399433
0.0297619047619 0.18544935806 2.657122 12.0056657224
0.029983978027 0.186875891583 2.656774 12.0056657224
0.029983978027 0.186875891583 2.656774 12.0056657224
0.0299771167048 0.186875891583 2.655979 12.0084985836
0.0299223389676 0.186875891583 2.653204 12.0311614731
0.0301438684631 0.188302425107 2.653057 12.0311614731
0.0299523485364 0.188302425107 2.644076 12.1104815864
0.029945553539 0.188302425107 2.644058 12.1133144476
0.0298845370161 0.188302425107 2.639056 12.1388101983
0.0298777727478 0.188302425107 2.639027 12.1416430595
0.0297565374211 0.188302425107 2.631433 12.1926345609
0.0297498309669 0.188302425107 2.6314 12.1954674221
0.0297163439892 0.188302425107 2.630178 12.209631728
0.0297096556381 0.188302425107 2.630071 12.2124645892
0.029696287964 0.188302425107 2.628703 12.2181303116
0.0299145299145 0.189728958631 2.628174 12.2181303116
0.0298072613178 0.189728958631 2.622038 12.2634560907
0.0298005825678 0.189728958631 2.621772 12.2662889518
0.0297007592675 0.189728958631 2.614729 12.3087818697
0.0296941281536 0.189728958631 2.614565 12.3116147309
0.0295686971988 0.189728958631 2.609499 12.3654390935
0.0295621249166 0.189728958631 2.609389 12.3682719547
0.0294312901084 0.189728958631 2.597476 12.4249291785
0.0294247787611 0.189728958631 2.597287 12.4277620397
0.0294247787611 0.189728958631 2.597287 12.4277620397
0.0294182702942 0.189728958631 2.597044 12.4305949008
0.0294182702942 0.189728958631 2.597044 12.4305949008
0.0294117647059 0.189728958631 2.597013 12.433427762
0.0293598233996 0.189728958631 2.59076 12.4560906516
0.0293533436328 0.189728958631 2.59067 12.4589235127
0.0293339214821 0.189728958631 2.58974 12.4674220963
0.0293274531422 0.189728958631 2.589592 12.4702549575
0.0291858678955 0.189728958631 2.582793 12.5325779037
0.0293988591487 0.191155492154 2.582784 12.5325779037
0.029276818877 0.191155492154 2.575376 12.5864022663
0.0292704237658 0.191155492154 2.575152 12.5892351275
0.0290357529794 0.191155492154 2.558103 12.6940509915
0.0290294627383 0.191155492154 2.558103 12.6968838527
0.0289792387543 0.191155492154 2.555115 12.7195467422
0.0291891891892 0.192582025678 2.554851 12.7195467422
0.0291702679343 0.192582025678 2.553274 12.7280453258
0.0291639662994 0.192582025678 2.553048 12.730878187
0.0290572535514 0.192582025678 2.54856 12.7790368272
0.0290510006456 0.192582025678 2.548464 12.7818696884
0.0288461538462 0.192582025678 2.537438 12.8753541076
0.0290536210211 0.194008559201 2.536826 12.8753541076
0.0289115646259 0.194008559201 2.530586 12.940509915
0.0291179596174 0.195435092725 2.52986 12.940509915
0.029105587423 0.195435092725 2.529557 12.9461756374
0.0290994052676 0.195435092725 2.527497 12.9490084986
0.0290808745489 0.195435092725 2.525943 12.9575070822
0.0290747028862 0.195435092725 2.525906 12.9603399433
0.0287754673388 0.195435092725 2.51288 13.0991501416
0.0287694246115 0.195435092725 2.512438 13.1019830028
0.0287392490036 0.195435092725 2.511599 13.1161473088
0.0287332214765 0.195435092725 2.5107 13.11898017
0.0286251567071 0.195435092725 2.50146 13.1699716714
0.0288280760393 0.196861626248 2.501141 13.1699716714
0.0284653465347 0.196861626248 2.477033 13.342776204
0.0286657042689 0.198288159772 2.476722 13.342776204
0.0285596876926 0.198288159772 2.470545 13.3937677054
0.0287592440427 0.199714693295 2.470288 13.3937677054
0.028665028665 0.199714693295 2.46421 13.4390934844
0.0288638689867 0.201141226819 2.464102 13.4390934844
0.0287520391517 0.201141226819 2.455447 13.492917847
0.02874617737 0.201141226819 2.455388 13.4957507082
0.0286876907426 0.201141226819 2.450328 13.5240793201
0.0288852725793 0.202567760342 2.449805 13.5240793201
0.0287682333874 0.202567760342 2.442483 13.5807365439
0.0289649584768 0.203994293866 2.442269 13.5807365439
0.0288830539285 0.203994293866 2.436468 13.6203966006
0.0288772213247 0.203994293866 2.436336 13.6232294618
0.0288190245869 0.203994293866 2.430931 13.6515580737
0.0288132178118 0.203994293866 2.430931 13.6543909348
0.028801611279 0.203994293866 2.429198 13.6600566572
0.0289971808296 0.205420827389 2.428755 13.6600566572
0.0289447236181 0.205420827389 2.425283 13.6855524079
0.0289389067524 0.205420827389 2.424861 13.6883852691
0.0289214701747 0.205420827389 2.424126 13.6968838527
0.0289156626506 0.205420827389 2.423961 13.6997167139
0.0284866468843 0.205420827389 2.386931 13.9121813031
0.0284810126582 0.205420827389 2.386439 13.9150141643
0.0284753806605 0.205420827389 2.386073 13.9178470255
0.0284697508897 0.205420827389 2.384484 13.9206798867
0.0283576211107 0.205420827389 2.375914 13.9773371105
0.0285489269541 0.206847360913 2.375269 13.9773371105
0.0285040298801 0.206847360913 2.370749 14.0
0.0286949685535 0.208273894437 2.370049 14.0
0.028672427337 0.208273894437 2.368059 14.0113314448
0.0286667975653 0.208273894437 2.367904 14.0141643059
0.0286555446516 0.208273894437 2.366732 14.0198300283
0.0286499215071 0.208273894437 2.363975 14.0226628895
0.0286499215071 0.208273894437 2.363975 14.0226628895
0.028644300569 0.208273894437 2.363728 14.0254957507
0.0286106212032 0.208273894437 2.361508 14.0424929178
0.028605015674 0.208273894437 2.360743 14.045325779
0.028487804878 0.208273894437 2.346665 14.104815864
0.0284822473664 0.208273894437 2.346424 14.1076487252
0.0284822473664 0.208273894437 2.346424 14.1076487252
0.0286717378584 0.20970042796 2.345642 14.1076487252
0.0285603264037 0.20970042796 2.340498 14.164305949
0.028749028749 0.211126961484 2.339596 14.164305949
0.0287044220326 0.211126961484 2.335274 14.1869688385
0.028698855924 0.211126961484 2.333914 14.1898016997
0.0286488579172 0.211126961484 2.331146 14.2152974504
0.0288368492355 0.212553495007 2.330872 14.2152974504
0.0288034022811 0.212553495007 2.327783 14.2322946176
0.0287978353305 0.212553495007 2.32751 14.2351274788
0.0286153255233 0.212553495007 2.312643 14.328611898
0.0286098310292 0.212553495007 2.311858 14.3314447592
0.028560475369 0.212553495007 2.308522 14.3569405099
0.0287466462246 0.213980028531 2.30791 14.3569405099
0.0287026406429 0.213980028531 2.306171 14.3796033994
0.0288884637459 0.215406562054 2.306087 14.3796033994
0.0288553411045 0.215406562054 2.303833 14.3966005666
0.0288498280474 0.215406562054 2.303811 14.3994334278
0.028822294331 0.215406562054 2.301779 14.4135977337
0.0288167938931 0.215406562054 2.301453 14.4164305949
0.0287893231649 0.215406562054 2.297869 14.4305949008
0.0287838353031 0.215406562054 2.29774 14.433427762
0.0287673842637 0.215406562054 2.296199 14.4419263456
0.0289523809524 0.216833095578 2.295788 14.4419263456
0.0289358461831 0.216833095578 2.294809 14.4504249292
0.0289303387895 0.216833095578 2.294306 14.4532577904
0.0288644132169 0.216833095578 2.28796 14.4872521246
0.0288589329789 0.216833095578 2.2876 14.4900849858
0.0287009063444 0.216833095578 2.27125 14.5722379603
0.0288842741174 0.218259629101 2.270233 14.5722379603
0.0288244159759 0.218259629101 2.266934 14.6033994334
0.0288189866265 0.218259629101 2.266762 14.6062322946
0.0287269996245 0.218259629101 2.259605 14.6543909348
0.0287216069082 0.218259629101 2.259448 14.657223796
0.028630239521 0.218259629101 2.253203 14.7053824363
0.0288119738073 0.219686162625 2.252844 14.7053824363
0.0285026836942 0.219686162625 2.227202 14.8696883853
0.0284974093264 0.219686162625 2.227148 14.8725212465
0.0284605433376 0.219686162625 2.223869 14.8923512748
0.0284552845528 0.219686162625 2.223032 14.895184136
0.0282932206504 0.219686162625 2.209128 14.9830028329
0.0282880235121 0.219686162625 2.208981 14.9858356941
0.0282620664342 0.219686162625 2.207181 15.0
0.0282568807339 0.219686162625 2.207137 15.0028328612
0.028220634048 0.219686162625 2.204645 15.0226628895
0.0282154635398 0.219686162625 2.204191 15.0254957507
0.0282051282051 0.219686162625 2.19946 15.0311614731
0.0281999633767 0.219686162625 2.199304 15.0339943343
0.0280612244898 0.219686162625 2.187027 15.1104815864
0.0282382947714 0.221112696148 2.185777 15.1104815864
0.0282074613285 0.221112696148 2.183188 15.1274787535
0.028384279476 0.222539229672 2.181729 15.1274787535
0.0283172989653 0.222539229672 2.173968 15.164305949
0.0283121597096 0.222539229672 2.173968 15.1671388102
0.0283121597096 0.222539229672 2.173968 15.1671388102
0.028307022319 0.222539229672 2.173907 15.1699716714
0.0282506338283 0.222539229672 2.168684 15.2011331445
0.0282455187398 0.222539229672 2.168279 15.2039660057
0.0281893747741 0.222539229672 2.163059 15.2351274788
0.0281842818428 0.222539229672 2.162616 15.2379603399
0.0279519799319 0.222539229672 2.148463 15.3682719547
0.0279469724113 0.222539229672 2.147663 15.3711048159
0.0278770550393 0.222539229672 2.140552 15.4107648725
0.0280507414686 0.223965763195 2.140088 15.4107648725
0.0279111111111 0.223965763195 2.129765 15.4900849858
0.0279061500178 0.223965763195 2.128794 15.492917847
0.0278764204545 0.223965763195 2.126817 15.5099150142
0.0280489969821 0.225392296719 2.126742 15.5099150142
0.0278807128992 0.225392296719 2.110428 15.6062322946
0.0278757939308 0.225392296719 2.110216 15.6090651558
0.0278022171388 0.225392296719 2.103463 15.6515580737
0.0277973258269 0.225392296719 2.103288 15.6543909348
0.0277924362357 0.225392296719 2.103017 15.657223796
0.0277875483644 0.225392296719 2.102707 15.6600566572
0.0277777777778 0.225392296719 2.102265 15.6657223796
0.0277728950606 0.225392296719 2.100998 15.6685552408
0.0276030747729 0.225392296719 2.087803 15.7677053824
0.0275982532751 0.225392296719 2.087247 15.7705382436
0.027406764961 0.225392296719 2.07123 15.8838526912
0.0275754422477 0.226818830243 2.071203 15.8838526912
0.0275658807212 0.226818830243 2.070936 15.8895184136
0.0275611024441 0.226818830243 2.070021 15.8923512748
0.0275611024441 0.226818830243 2.070021 15.8923512748
0.0275563258232 0.226818830243 2.069944 15.895184136
0.027518172378 0.226818830243 2.06568 15.9178470255
0.0275134106247 0.226818830243 2.063926 15.9206798867
0.0274563978587 0.226818830243 2.058202 15.954674221
0.0276243093923 0.228245363766 2.058153 15.954674221
0.0275292498279 0.228245363766 2.047047 16.0113314448
0.0275245140203 0.228245363766 2.047031 16.0141643059
0.0275245140203 0.228245363766 2.047031 16.0141643059
0.0275197798418 0.228245363766 2.046622 16.0169971671
0.0273831935649 0.228245363766 2.034739 16.0991501416
0.0273785078713 0.228245363766 2.034225 16.1019830028
0.027373823781 0.228245363766 2.033948 16.104815864
0.0275401984263 0.22967189729 2.033544 16.104815864
0.0275354882846 0.22967189729 2.033029 16.1076487252
0.0275307797538 0.22967189729 2.032869 16.1104815864
0.0274744027304 0.22967189729 2.026925 16.1444759207
0.0274697150657 0.22967189729 2.026209 16.1473087819
0.0273205498049 0.22967189729 2.009023 16.2379603399
0.0274855785545 0.231098430813 2.009019 16.2379603399
0.0274762550882 0.231098430813 2.008505 16.2436260623
0.027641173478 0.232524964337 2.007135 16.2436260623
0.0275803722504 0.232524964337 2.000196 16.2804532578
0.0275757063103 0.232524964337 1.999825 16.283286119
0.02751983792 0.232524964337 1.99686 16.3172804533
0.0275151924375 0.232524964337 1.996684 16.3201133144
0.0274318411309 0.232524964337 1.987862 16.3711048159
0.0274272253071 0.232524964337 1.98721 16.3739376771
0.0273857526882 0.232524964337 1.980533 16.3994334278
0.0273811523602 0.232524964337 1.977952 16.402266289
0.0273489932886 0.232524964337 1.972062 16.4220963173
0.0273444053011 0.232524964337 1.971594 16.4249291785
0.0272986099481 0.232524964337 1.967771 16.4532577904
0.027461486939 0.23395149786 1.967395 16.4532577904
0.0274385143048 0.23395149786 1.965088 16.4674220963
0.0274339243894 0.23395149786 1.964893 16.4702549575
0.0274201638522 0.23395149786 1.964049 16.4787535411
0.0274155800736 0.23395149786 1.963892 16.4815864023
0.0273287785369 0.23395149786 1.954317 16.5354107649
0.0273242252582 0.23395149786 1.953629 16.5382436261
0.0272561076949 0.23395149786 1.947058 16.5807365439
0.0272515785975 0.23395149786 1.947018 16.5835694051
0.0271613116926 0.23395149786 1.940177 16.6402266289
0.0271568140421 0.23395149786 1.940102 16.6430594901
0.0271119193255 0.23395149786 1.93688 16.671388102
0.0271074380165 0.23395149786 1.936855 16.6742209632
0.0270761102856 0.23395149786 1.933937 16.6940509915
0.0272367117861 0.235378031384 1.932862 16.6940509915
0.0271515550436 0.235378031384 1.92146 16.7478753541
0.0271470878578 0.235378031384 1.921449 16.7507082153
0.0270891479232 0.235378031384 1.913626 16.7875354108
0.0270847012475 0.235378031384 1.913582 16.790368272
0.0269872423945 0.235378031384 1.906134 16.8526912181
0.0269828291087 0.235378031384 1.905909 16.8555240793
0.0269343780607 0.235378031384 1.901989 16.8866855524
0.0269299820467 0.235378031384 1.900731 16.8895184136
0.0269255874674 0.235378031384 1.900569 16.8923512748
0.0269211943221 0.235378031384 1.900035 16.895184136
0.0268948655257 0.235378031384 1.898881 16.9121813031
0.026890482399 0.235378031384 1.897481 16.9150141643
0.0268031189084 0.235378031384 1.889164 16.9716713881
0.0267987656326 0.235378031384 1.889136 16.9745042493
0.026625786671 0.235378031384 1.871441 17.0878186969
0.0266214908035 0.235378031384 1.869546 17.0906515581
0.0264507855082 0.235378031384 1.847443 17.2039660057
0.0264465459208 0.235378031384 1.846387 17.2067988669
0.0263746803069 0.235378031384 1.83663 17.2549575071
0.0265302860796 0.236804564907 1.836438 17.2549575071
0.0265260466603 0.236804564907 1.8363 17.2577903683
0.0265218085956 0.236804564907 1.836081 17.2606232295
0.0265091025232 0.236804564907 1.835718 17.269121813
0.0265048698707 0.236804564907 1.835664 17.2719546742
0.0265006385696 0.236804564907 1.835156 17.2747875354
0.0266560255387 0.238231098431 1.834861 17.2747875354
0.0266220309262 0.238231098431 1.830954 17.2974504249
0.0267771756455 0.239657631954 1.830716 17.2974504249
0.0265864852034 0.239657631954 1.809725 17.4249291785
0.026582278481 0.239657631954 1.808833 17.4277620397
0.0265570660765 0.239657631954 1.806935 17.4447592068
0.0265528686581 0.239657631954 1.806342 17.447592068
0.0264942438101 0.239657631954 1.798128 17.4872521246
0.0266477451908 0.241084165478 1.797145 17.4872521246
0.0265806857502 0.241084165478 1.78841 17.5325779037
0.0265765057399 0.241084165478 1.788001 17.5354107649
0.0265222849969 0.241084165478 1.783021 17.5722379603
0.0266750353052 0.242510699001 1.781346 17.5722379603
0.0266624843162 0.242510699001 1.780605 17.5807365439
0.0268151168261 0.243937232525 1.779575 17.5807365439
0.0267731329263 0.243937232525 1.773114 17.6090651558
0.0267689417658 0.243937232525 1.772614 17.611898017
0.0267104029991 0.243937232525 1.763078 17.6515580737
0.026706231454 0.243937232525 1.762298 17.6543909348
0.0266604303087 0.243937232525 1.755737 17.6855524079
0.0268121590023 0.245363766049 1.755075 17.6855524079
0.0267704280156 0.245363766049 1.747899 17.7138810198
0.0269218798631 0.246790299572 1.747649 17.7138810198
0.0269218798631 0.246790299572 1.747649 17.7138810198
0.0269176909911 0.246790299572 1.747632 17.716713881
0.0268466790813 0.246790299572 1.738132 17.7648725212
0.0268425135764 0.246790299572 1.737562 17.7677053824
0.0268425135764 0.246790299572 1.737562 17.7677053824
0.0268383493639 0.246790299572 1.736994 17.7705382436
0.0267884794054 0.246790299572 1.73169 17.8045325779
0.0267843319399 0.246790299572 1.731548 17.8073654391
0.0267140210006 0.246790299572 1.720347 17.8555240793
0.026709896557 0.246790299572 1.720347 17.8583569405
0.026689293428 0.246790299572 1.719113 17.8725212465
0.0268394261916 0.248216833096 1.718868 17.8725212465
0.0267857142857 0.248216833096 1.712944 17.9093484419
0.0267815915038 0.248216833096 1.712744 17.9121813031
0.0267651130595 0.248216833096 1.710506 17.9235127479
0.0267609966164 0.248216833096 1.709833 17.9263456091
0.0266258607498 0.248216833096 1.698635 18.0198300283
0.0266217870257 0.248216833096 1.697956 18.0226628895
0.026593305823 0.248216833096 1.694 18.0424929178
0.0267420537897 0.249643366619 1.693268 18.0424929178
0.0267012511443 0.249643366619 1.688208 18.0708215297
0.0266971777269 0.249643366619 1.68816 18.0736543909
0.0266808964781 0.249643366619 1.687107 18.0849858357
0.0266768292683 0.249643366619 1.686198 18.0878186969
0.026656511805 0.249643366619 1.685104 18.1019830028
0.0268047517514 0.251069900143 1.684914 18.1019830028
0.0267436559793 0.251069900143 1.678075 18.1444759207
0.0267395928289 0.251069900143 1.677943 18.1473087819
0.0266787933909 0.251069900143 1.671623 18.1898016997
0.0268263110033 0.252496433666 1.671538 18.1898016997
0.0267250490714 0.252496433666 1.658896 18.2606232295
0.0267210144928 0.252496433666 1.658263 18.2634560907
0.0267129489888 0.252496433666 1.657784 18.269121813
0.0267089180625 0.252496433666 1.657517 18.2719546742
0.026628554235 0.252496433666 1.646396 18.328611898
0.0266245487365 0.252496433666 1.646208 18.3314447592
0.0266245487365 0.252496433666 1.646208 18.3314447592
0.0266205444428 0.252496433666 1.646026 18.3342776204
0.0266125394677 0.252496433666 1.644379 18.3399433428
0.0267588695129 0.25392296719 1.644368 18.3399433428
0.0265750970439 0.25392296719 1.622507 18.4702549575
0.0267204060308 0.255349500713 1.621614 18.4702549575
0.026640869177 0.255349500713 1.611704 18.5269121813
0.0266369047619 0.255349500713 1.610843 18.5297450425
0.0266091868589 0.255349500713 1.609351 18.5495750708
0.0266052318668 0.255349500713 1.609351 18.552407932
0.0266052318668 0.255349500713 1.609351 18.552407932
0.0266012780502 0.255349500713 1.608518 18.5552407932
0.0265933739415 0.255349500713 1.607371 18.5609065156
0.0267379679144 0.256776034237 1.606485 18.5609065156
0.026706231454 0.256776034237 1.603332 18.5835694051
0.0267022696929 0.256776034237 1.60312 18.5864022663
0.0265447574104 0.256776034237 1.586335 18.6997167139
0.026540843409 0.256776034237 1.586179 18.7025495751
0.0264783759929 0.256776034237 1.577761 18.7478753541
0.0266215619944 0.25820256776 1.577585 18.7478753541
0.0265512688866 0.25820256776 1.570913 18.7988668555
0.0265473745967 0.25820256776 1.570813 18.8016997167
0.0264040846098 0.25820256776 1.551407 18.9065155807
0.0264002333722 0.25820256776 1.551144 18.9093484419
0.0263311027058 0.25820256776 1.540262 18.9603399433
0.0263272727273 0.25820256776 1.539873 18.9631728045
0.0262547142443 0.25820256776 1.531464 19.0169971671
0.026250906454 0.25820256776 1.531147 19.0198300283
0.0262356863314 0.25820256776 1.527043 19.0311614731
0.0263768115942 0.259629101284 1.526642 19.0311614731
0.026285384171 0.259629101284 1.513955 19.0991501416
0.0262815884477 0.259629101284 1.512827 19.1019830028
0.0262626262626 0.259629101284 1.510696 19.1161473088
0.0262588371086 0.259629101284 1.510394 19.11898017
0.0262285631935 0.259629101284 1.504349 19.1416430595
0.0262247838617 0.259629101284 1.503409 19.1444759207
0.0261494252874 0.259629101284 1.491658 19.2011331445
0.0262893262462 0.261055634807 1.491315 19.2011331445
0.0262591476539 0.261055634807 1.487656 19.223796034
0.0262553802009 0.261055634807 1.487116 19.2266288952
0.026184003434 0.261055634807 1.475499 19.2804532578
0.0261802575107 0.261055634807 1.473518 19.283286119
0.0261765126591 0.261055634807 1.473295 19.2861189802
0.0261727688787 0.261055634807 1.472193 19.2889518414
0.0261391229824 0.261055634807 1.464179 19.3144475921
0.0261353898886 0.261055634807 1.464179 19.3172804533
0.0261167404025 0.261055634807 1.46126 19.3314447592
0.0261130136986 0.261055634807 1.458223 19.3342776204
0.0260609512959 0.261055634807 1.450156 19.3739376771
0.0261996297878 0.262482168331 1.449877 19.3739376771
0.0261847160951 0.262482168331 1.447348 19.3852691218
0.0261809903244 0.262482168331 1.446602 19.388101983
0.0260180995475 0.262482168331 1.415656 19.5127478754
0.0260144210377 0.262482168331 1.41519 19.5155807365
0.0259923718039 0.262482168331 1.412893 19.5325779037
0.025988700565 0.262482168331 1.412176 19.5354107649
0.0258899676375 0.262482168331 1.395154 19.611898017
0.0260270118177 0.263908701854 1.394943 19.611898017
0.0260050604442 0.263908701854 1.39194 19.6288951841
0.0261419536191 0.265335235378 1.391148 19.6288951841
0.0259522812892 0.265335235378 1.361006 19.776203966
0.0260881696429 0.266761768902 1.360781 19.776203966
0.0260881696429 0.266761768902 1.360781 19.776203966
0.0262240200865 0.268188302425 1.360453 19.776203966
0.0261365216182 0.268188302425 1.342961 19.8441926346
0.0262718932444 0.269614835949 1.341312 19.8441926346
0.0262063227953 0.269614835949 1.331244 19.895184136
0.0262026895882 0.269614835949 1.329796 19.8980169972
0.026137463698 0.269614835949 1.32071 19.9490084986
0.0262721238938 0.271041369472 1.320538 19.9490084986
0.0261563876652 0.271041369472 1.298667 20.0396600567
0.0261527873365 0.271041369472 1.297063 20.0424929178
0.0261240203492 0.271041369472 1.293643 20.0651558074
0.0261204289249 0.271041369472 1.293273 20.0679886686
0.0260595254423 0.271041369472 1.283041 20.1161473088
0.0260559517279 0.271041369472 1.281824 20.11898017
0.0259527386969 0.271041369472 1.263456 20.2011331445
0.0259491942092 0.271041369472 1.263424 20.2039660057
0.025871459695 0.271041369472 1.244649 20.2662889518
0.0260040844112 0.272467902996 1.244626 20.2662889518
0.0259793253536 0.272467902996 1.241564 20.2861189802
0.0259757921937 0.272467902996 1.240346 20.2889518414
0.0259088442756 0.272467902996 1.233697 20.342776204
0.0259053302591 0.272467902996 1.232676 20.3456090652
0.0258877744646 0.272467902996 1.229767 20.3597733711
0.0258842661607 0.272467902996 1.228338 20.3626062323
0.0258387445887 0.272467902996 1.222796 20.3994334278
0.0258352495604 0.272467902996 1.222411 20.402266289
0.0255552582285 0.272467902996 1.169928 20.6317280453
0.0256856187291 0.273894436519 1.168692 20.6317280453
0.0255319148936 0.273894436519 1.134688 20.7592067989
0.025661481186 0.275320970043 1.134228 20.7592067989
0.0256580696623 0.275320970043 1.132842 20.7620396601
0.0256546590456 0.275320970043 1.129354 20.7648725212
0.0256138022561 0.275320970043 1.121926 20.7988668555
0.0257430997877 0.276747503566 1.121171 20.7988668555
0.0256342494715 0.276747503566 1.097078 20.8895184136
0.0256308627296 0.276747503566 1.09587 20.8923512748
0.0255599472991 0.276747503566 1.086297 20.9518413598
0.0255565801607 0.276747503566 1.084364 20.954674221
0.0255296749572 0.276747503566 1.074963 20.9773371105
0.0255263157895 0.276747503566 1.074892 20.9801699717
0.0254226182676 0.276747503566 1.053788 21.0679886686
0.0254192872117 0.276747503566 1.053257 21.0708215297
0.0253362935876 0.276747503566 1.037767 21.1416430595
0.0253329851136 0.276747503566 1.037287 21.1444759207
0.0251784555483 0.276747503566 1.014075 21.2776203966
0.0253049571762 0.27817403709 1.013724 21.2776203966
0.0252003101577 0.27817403709 0.995178 21.3682719547
0.0251970538829 0.27817403709 0.994816 21.3711048159
0.0250449524788 0.27817403709 0.964835 21.5042492918
0.0251701553872 0.279600570613 0.964098 21.5042492918
0.0251217636503 0.279600570613 0.954847 21.5467422096
0.0251185441497 0.279600570613 0.954691 21.5495750708
0.0249522597072 0.279600570613 0.911466 21.6968838527
0.0249490835031 0.279600570613 0.911429 21.6997167139
0.0248007085917 0.279600570613 0.87567 21.8328611898
0.0247975708502 0.279600570613 0.875014 21.835694051
0.0245675607922 0.279600570613 0.832627 22.045325779
0.0246898107532 0.281027104137 0.832481 22.045325779
0.0242551095789 0.281027104137 0.727915 22.4504249292
0.0242521235997 0.281027104137 0.727883 22.4532577904
0.0240684178375 0.281027104137 0.683453 22.6288951841
0.0241876374298 0.28245363766 0.68328 22.6288951841
0.0239072687757 0.28245363766 0.613288 22.9008498584
0.0240251116745 0.283880171184 0.61183 22.9008498584
0.0239412897016 0.283880171184 0.592972 22.9830028329
0.0240587032359 0.285306704708 0.592673 22.9830028329
0.0237642585551 0.285306704708 0.509005 23.2747875354
0.0237614351907 0.285306704708 0.50714 23.2776203966
0.023721978413 0.285306704708 0.491163 23.3172804533
0.0237191650854 0.285306704708 0.491005 23.3201133144
0.0234027615259 0.285306704708 0.38764 23.6430594901
0.0234000234 0.285306704708 0.386111 23.6458923513
0.0229858636938 0.285306704708 0.232024 24.0821529745
0.023098138359 0.286733238231 0.230975 24.0821529745
0.0230240549828 0.286733238231 0.147964 24.1614730878
0.0230214179361 0.286733238231 0.082133 24.164305949
