1.0 0.0 inf 0.0
1.0 0.00142653352354 9.013265 0.0
1.0 0.00142653352354 9.013265 0.0
0.5 0.00142653352354 8.883469 0.0028328611898
0.5 0.00142653352354 8.883469 0.0028328611898
0.333333333333 0.00142653352354 8.728572 0.0056657223796
0.25 0.00142653352354 8.64762 0.00849858356941
0.4 0.00285306704708 8.574587 0.00849858356941
0.4 0.00285306704708 8.574587 0.00849858356941
0.333333333333 0.00285306704708 8.49513 0.0113314447592
0.333333333333 0.00285306704708 8.49513 0.0113314447592
0.285714285714 0.00285306704708 8.413513 0.014164305949
0.285714285714 0.00285306704708 8.413513 0.014164305949
0.25 0.00285306704708 8.291371 0.0169971671388
0.25 0.00285306704708 8.291371 0.0169971671388
0.333333333333 0.00427960057061 8.219538 0.0169971671388
0.25 0.00427960057061 8.014846 0.0254957507082
0.230769230769 0.00427960057061 8.005821 0.028328611898
0.214285714286 0.00427960057061 7.964972 0.0311614730878
0.2 0.00427960057061 7.964377 0.0339943342776
0.1875 0.00427960057061 7.914122 0.0368271954674
0.176470588235 0.00427960057061 7.912356 0.0396600566572
0.166666666667 0.00427960057061 7.89877 0.042492917847
0.157894736842 0.00427960057061 7.876225 0.0453257790368
0.130434782609 0.00427960057061 7.743796 0.056657223796
0.125 0.00427960057061 7.693444 0.0594900849858
0.125 0.00427960057061 7.693444 0.0594900849858
0.12 0.00427960057061 7.690177 0.0623229461756
0.12 0.00427960057061 7.690177 0.0623229461756
0.115384615385 0.00427960057061 7.685859 0.0651558073654
0.103448275862 0.00427960057061 7.628784 0.0736543909348
0.1 0.00427960057061 7.60481 0.0764872521246
0.0967741935484 0.00427960057061 7.58953 0.0793201133144
0.09375 0.00427960057061 7.583073 0.0821529745042
0.09375 0.00427960057061 7.583073 0.0821529745042
0.0909090909091 0.00427960057061 7.566069 0.0849858356941
0.0909090909091 0.00427960057061 7.566069 0.0849858356941
0.0882352941176 0.00427960057061 7.563789 0.0878186968839
0.0857142857143 0.00427960057061 7.561289 0.0906515580737
0.0833333333333 0.00427960057061 7.555832 0.0934844192635
0.0810810810811 0.00427960057061 7.55336 0.0963172804533
0.105263157895 0.00570613409415 7.489131 0.0963172804533
0.105263157895 0.00570613409415 7.489131 0.0963172804533
0.102564102564 0.00570613409415 7.443892 0.0991501416431
0.0975609756098 0.00570613409415 7.407397 0.104815864023
0.0952380952381 0.00570613409415 7.388568 0.107648725212
0.0952380952381 0.00570613409415 7.388568 0.107648725212
0.116279069767 0.00713266761769 7.384385 0.107648725212
0.106382978723 0.00713266761769 7.309332 0.118980169972
0.125 0.00855920114123 7.306724 0.118980169972
0.125 0.00855920114123 7.306724 0.118980169972
0.122448979592 0.00855920114123 7.295203 0.121813031161
0.12 0.00855920114123 7.272249 0.124645892351
0.117647058824 0.00855920114123 7.266248 0.127478753541
0.11320754717 0.00855920114123 7.216612 0.133144475921
0.111111111111 0.00855920114123 7.210746 0.13597733711
0.109090909091 0.00855920114123 7.206361 0.1388101983
0.107142857143 0.00855920114123 7.173276 0.14164305949
0.103448275862 0.00855920114123 7.153769 0.14730878187
0.118644067797 0.00998573466476 7.120998 0.14730878187
0.116666666667 0.00998573466476 7.085692 0.150141643059
0.114754098361 0.00998573466476 7.079572 0.152974504249
0.109375 0.00998573466476 7.068721 0.161473087819
0.123076923077 0.0114122681883 7.066289 0.161473087819
0.114285714286 0.0114122681883 7.045356 0.175637393768
0.112676056338 0.0114122681883 7.0344 0.178470254958
0.112676056338 0.0114122681883 7.0344 0.178470254958
0.111111111111 0.0114122681883 7.031717 0.181303116147
0.111111111111 0.0114122681883 7.031717 0.181303116147
0.123287671233 0.0128388017118 7.026341 0.181303116147
0.123287671233 0.0128388017118 7.026341 0.181303116147
0.121621621622 0.0128388017118 7.01764 0.184135977337
0.116883116883 0.0128388017118 7.000637 0.192634560907
0.115384615385 0.0128388017118 6.997505 0.195467422096
0.113924050633 0.0128388017118 6.981792 0.198300283286
0.1125 0.0128388017118 6.962113 0.201133144476
0.1125 0.0128388017118 6.962113 0.201133144476
0.111111111111 0.0128388017118 6.958733 0.203966005666
0.111111111111 0.0128388017118 6.958733 0.203966005666
0.109756097561 0.0128388017118 6.95715 0.206798866856
0.105882352941 0.0128388017118 6.932358 0.215297450425
0.116279069767 0.0142653352354 6.927991 0.215297450425
0.10752688172 0.0142653352354 6.894303 0.235127478754
0.106382978723 0.0142653352354 6.893587 0.237960339943
0.0970873786408 0.0142653352354 6.863621 0.263456090652
0.0961538461538 0.0142653352354 6.854418 0.266288951841
0.0961538461538 0.0142653352354 6.854418 0.266288951841
0.104761904762 0.0156918687589 6.853734 0.266288951841
0.104761904762 0.0156918687589 6.853734 0.266288951841
0.103773584906 0.0156918687589 6.851959 0.269121813031
0.0982142857143 0.0156918687589 6.827461 0.28611898017
0.106194690265 0.0171184022825 6.820295 0.28611898017
0.103448275862 0.0171184022825 6.818699 0.294617563739
0.102564102564 0.0171184022825 6.816178 0.297450424929
0.101694915254 0.0171184022825 6.816095 0.300283286119
0.100840336134 0.0171184022825 6.809471 0.303116147309
0.100840336134 0.0171184022825 6.809471 0.303116147309
0.1 0.0171184022825 6.804197 0.305949008499
0.0952380952381 0.0171184022825 6.747945 0.322946175637
0.0944881889764 0.0171184022825 6.742696 0.325779036827
0.0944881889764 0.0171184022825 6.742696 0.325779036827
0.09375 0.0171184022825 6.740051 0.328611898017
0.09375 0.0171184022825 6.740051 0.328611898017
0.093023255814 0.0171184022825 6.738297 0.331444759207
0.0923076923077 0.0171184022825 6.735159 0.334277620397
0.0992366412214 0.018544935806 6.715129 0.334277620397
0.0955882352941 0.018544935806 6.682347 0.348441926346
0.0948905109489 0.018544935806 6.671617 0.351274787535
0.0948905109489 0.018544935806 6.671617 0.351274787535
0.0942028985507 0.018544935806 6.666451 0.354107648725
0.0942028985507 0.018544935806 6.666451 0.354107648725
0.0935251798561 0.018544935806 6.664794 0.356940509915
0.0935251798561 0.018544935806 6.664794 0.356940509915
0.0928571428571 0.018544935806 6.659772 0.359773371105
0.0909090909091 0.018544935806 6.642405 0.368271954674
0.0902777777778 0.018544935806 6.639463 0.371104815864
0.0896551724138 0.018544935806 6.623291 0.373937677054
0.0890410958904 0.018544935806 6.594196 0.376770538244
0.0884353741497 0.018544935806 6.592971 0.379603399433
0.0945945945946 0.0199714693295 6.579891 0.379603399433
0.0939597315436 0.0199714693295 6.574907 0.382436260623
0.1 0.0213980028531 6.569338 0.382436260623
0.0993377483444 0.0213980028531 6.567574 0.385269121813
0.0986842105263 0.0213980028531 6.566294 0.388101983003
0.0986842105263 0.0213980028531 6.566294 0.388101983003
0.0980392156863 0.0213980028531 6.566043 0.390934844193
0.0974025974026 0.0213980028531 6.565088 0.393767705382
0.0967741935484 0.0213980028531 6.559652 0.396600566572
0.0961538461538 0.0213980028531 6.554375 0.399433427762
0.0955414012739 0.0213980028531 6.551537 0.402266288952
0.0949367088608 0.0213980028531 6.548235 0.405099150142
0.100628930818 0.0228245363766 6.529197 0.405099150142
0.100628930818 0.0228245363766 6.529197 0.405099150142
0.1 0.0228245363766 6.528398 0.407932011331
0.1 0.0228245363766 6.528398 0.407932011331
0.105590062112 0.0242510699001 6.525265 0.407932011331
0.105590062112 0.0242510699001 6.525265 0.407932011331
0.104938271605 0.0242510699001 6.522581 0.410764872521
0.10119047619 0.0242510699001 6.503788 0.42776203966
0.100591715976 0.0242510699001 6.492454 0.43059490085
0.1 0.0242510699001 6.487401 0.43342776204
0.0994152046784 0.0242510699001 6.485345 0.436260623229
0.0994152046784 0.0242510699001 6.485345 0.436260623229
0.0988372093023 0.0242510699001 6.482169 0.439093484419
0.0977011494253 0.0242510699001 6.472153 0.444759206799
0.0971428571429 0.0242510699001 6.469196 0.447592067989
0.0965909090909 0.0242510699001 6.467722 0.450424929178
0.0960451977401 0.0242510699001 6.461318 0.453257790368
0.0955056179775 0.0242510699001 6.445805 0.456090651558
0.0949720670391 0.0242510699001 6.442827 0.458923512748
0.0934065934066 0.0242510699001 6.440032 0.467422096317
0.0928961748634 0.0242510699001 6.418893 0.470254957507
0.0923913043478 0.0242510699001 6.417323 0.473087818697
0.0972972972973 0.0256776034237 6.409009 0.473087818697
0.0972972972973 0.0256776034237 6.409009 0.473087818697
0.0967741935484 0.0256776034237 6.407683 0.475920679887
0.0952380952381 0.0256776034237 6.402777 0.484419263456
0.0947368421053 0.0256776034237 6.402267 0.487252124646
0.09375 0.0256776034237 6.396921 0.492917847025
0.0932642487047 0.0256776034237 6.394212 0.495750708215
0.0932642487047 0.0256776034237 6.394212 0.495750708215
0.0927835051546 0.0256776034237 6.393093 0.498583569405
0.0918367346939 0.0256776034237 6.392245 0.504249291785
0.0913705583756 0.0256776034237 6.387722 0.507082152975
0.0913705583756 0.0256776034237 6.387722 0.507082152975
0.0959595959596 0.0271041369472 6.385274 0.507082152975
0.0954773869347 0.0271041369472 6.379103 0.509915014164
0.095 0.0271041369472 6.377388 0.512747875354
0.0945273631841 0.0271041369472 6.375211 0.515580736544
0.0940594059406 0.0271041369472 6.3652 0.518413597734
0.0922330097087 0.0271041369472 6.32787 0.529745042493
0.0966183574879 0.0285306704708 6.327548 0.529745042493
0.093896713615 0.0285306704708 6.301183 0.546742209632
0.0934579439252 0.0285306704708 6.297796 0.549575070822
0.0934579439252 0.0285306704708 6.297796 0.549575070822
0.093023255814 0.0285306704708 6.297236 0.552407932011
0.0921658986175 0.0285306704708 6.289186 0.558073654391
0.0917431192661 0.0285306704708 6.288799 0.560906515581
0.0877192982456 0.0285306704708 6.264064 0.589235127479
0.0873362445415 0.0285306704708 6.256859 0.592067988669
0.0869565217391 0.0285306704708 6.253242 0.594900849858
0.0865800865801 0.0285306704708 6.253197 0.597733711048
0.0854700854701 0.0285306704708 6.247808 0.606232294618
0.0851063829787 0.0285306704708 6.230328 0.609065155807
0.0847457627119 0.0285306704708 6.228244 0.611898016997
0.084388185654 0.0285306704708 6.226061 0.614730878187
0.084388185654 0.0285306704708 6.226061 0.614730878187
0.0840336134454 0.0285306704708 6.225411 0.617563739377
0.0826446280992 0.0285306704708 6.219319 0.628895184136
0.0864197530864 0.0299572039943 6.215609 0.628895184136
0.0833333333333 0.0299572039943 6.179982 0.654390934844
0.0869565217391 0.0313837375178 6.174925 0.654390934844
0.0866141732283 0.0313837375178 6.174548 0.657223796034
0.0862745098039 0.0313837375178 6.172736 0.660056657224
0.0833333333333 0.0313837375178 6.149281 0.685552407932
0.0830188679245 0.0313837375178 6.144224 0.688385269122
0.0805860805861 0.0313837375178 6.120286 0.71104815864
0.0802919708029 0.0313837375178 6.108129 0.71388101983
0.0802919708029 0.0313837375178 6.108129 0.71388101983
0.08 0.0313837375178 6.105542 0.71671388102
0.0791366906475 0.0313837375178 6.100595 0.725212464589
0.078853046595 0.0313837375178 6.100504 0.728045325779
0.0777385159011 0.0313837375178 6.09123 0.739376770538
0.080985915493 0.0328102710414 6.09056 0.739376770538
0.0798611111111 0.0328102710414 6.075566 0.750708215297
0.0795847750865 0.0328102710414 6.075034 0.753541076487
0.0787671232877 0.0328102710414 6.061408 0.762039660057
0.0784982935154 0.0328102710414 6.06089 0.764872521246
0.0777027027027 0.0328102710414 6.058575 0.773371104816
0.0774410774411 0.0328102710414 6.057078 0.776203966006
0.0761589403974 0.0328102710414 6.045817 0.790368271955
0.0792079207921 0.0342368045649 6.038332 0.790368271955
0.0789473684211 0.0342368045649 6.031198 0.793201133144
0.0786885245902 0.0342368045649 6.029336 0.796033994334
0.078431372549 0.0342368045649 6.028984 0.798866855524
0.0781758957655 0.0342368045649 6.027798 0.801699716714
0.0779220779221 0.0342368045649 6.025621 0.804532577904
0.0776699029126 0.0342368045649 6.023785 0.807365439093
0.0771704180064 0.0342368045649 6.019999 0.813031161473
0.0769230769231 0.0342368045649 6.016278 0.815864022663
0.0754716981132 0.0342368045649 5.995688 0.832861189802
0.0783699059561 0.0356633380884 5.98666 0.832861189802
0.0776397515528 0.0356633380884 5.974804 0.841359773371
0.077399380805 0.0356633380884 5.972929 0.844192634561
0.0764525993884 0.0356633380884 5.964782 0.85552407932
0.0762195121951 0.0356633380884 5.963628 0.85835694051
0.0759878419453 0.0356633380884 5.963295 0.8611898017
0.0757575757576 0.0356633380884 5.956417 0.86402266289
0.0748502994012 0.0356633380884 5.925453 0.875354107649
0.0776119402985 0.037089871612 5.924299 0.875354107649
0.0771513353116 0.037089871612 5.921857 0.881019830028
0.0769230769231 0.037089871612 5.921037 0.883852691218
0.0766961651917 0.037089871612 5.919038 0.886685552408
0.0764705882353 0.037089871612 5.91178 0.889518413598
0.0764705882353 0.037089871612 5.91178 0.889518413598
0.0762463343109 0.037089871612 5.907869 0.892351274788
0.0749279538905 0.037089871612 5.893109 0.909348441926
0.0747126436782 0.037089871612 5.891491 0.912181303116
0.0736543909348 0.037089871612 5.886237 0.926345609065
0.0762711864407 0.0385164051355 5.885776 0.926345609065
0.075 0.0385164051355 5.870919 0.943342776204
0.0747922437673 0.0385164051355 5.870206 0.946175637394
0.0745856353591 0.0385164051355 5.862561 0.949008498584
0.0743801652893 0.0385164051355 5.862397 0.951841359773
0.0735694822888 0.0385164051355 5.84696 0.963172804533
0.0733695652174 0.0385164051355 5.842405 0.966005665722
0.072972972973 0.0385164051355 5.838395 0.971671388102
0.0727762803235 0.0385164051355 5.83804 0.974504249292
0.0723860589812 0.0385164051355 5.833143 0.980169971671
0.072192513369 0.0385164051355 5.829911 0.983002832861
0.0716180371353 0.0385164051355 5.82224 0.991501416431
0.0714285714286 0.0385164051355 5.820442 0.99433427762
0.0690537084399 0.0385164051355 5.738947 1.03116147309
0.0688775510204 0.0385164051355 5.736649 1.03399433428
0.0688775510204 0.0385164051355 5.736649 1.03399433428
0.0687022900763 0.0385164051355 5.732076 1.03682719547
0.0687022900763 0.0385164051355 5.732076 1.03682719547
0.0710659898477 0.0399429386591 5.728032 1.03682719547
0.0710659898477 0.0399429386591 5.728032 1.03682719547
0.0708860759494 0.0399429386591 5.727324 1.03966005666
0.0694789081886 0.0399429386591 5.703144 1.06232294618
0.0717821782178 0.0413694721826 5.698773 1.06232294618
0.0714285714286 0.0413694721826 5.695018 1.06798866856
0.0712530712531 0.0413694721826 5.694095 1.07082152975
0.0695443645084 0.0413694721826 5.664172 1.09915014164
0.0693779904306 0.0413694721826 5.663469 1.10198300283
0.0693779904306 0.0413694721826 5.663469 1.10198300283
0.0692124105012 0.0413694721826 5.661188 1.10481586402
0.0690476190476 0.0413694721826 5.657897 1.10764872521
0.0688836104513 0.0413694721826 5.654953 1.1104815864
0.0682352941176 0.0413694721826 5.622062 1.12181303116
0.0680751173709 0.0413694721826 5.619606 1.12464589235
0.0674418604651 0.0413694721826 5.613279 1.13597733711
0.0672853828306 0.0413694721826 5.610716 1.1388101983
0.0657596371882 0.0413694721826 5.573839 1.1671388102
0.0656108597285 0.0413694721826 5.572591 1.16997167139
0.0648769574944 0.0413694721826 5.556247 1.18413597734
0.0669642857143 0.0427960057061 5.552503 1.18413597734
0.0666666666667 0.0427960057061 5.546806 1.18980169972
0.0665188470067 0.0427960057061 5.532256 1.19263456091
0.0665188470067 0.0427960057061 5.532256 1.19263456091
0.0663716814159 0.0427960057061 5.531204 1.1954674221
0.0660792951542 0.0427960057061 5.528003 1.20113314448
0.0659340659341 0.0427960057061 5.527621 1.20396600567
0.0657894736842 0.0427960057061 5.526257 1.20679886686
0.0656455142232 0.0427960057061 5.525671 1.20963172805
0.0649350649351 0.0427960057061 5.511866 1.22379603399
0.0669546436285 0.0442225392297 5.510045 1.22379603399
0.0656779661017 0.0442225392297 5.451711 1.2492917847
0.0655391120507 0.0442225392297 5.437938 1.25212464589
0.0655391120507 0.0442225392297 5.437938 1.25212464589
0.0675105485232 0.0456490727532 5.43077 1.25212464589
0.0666666666667 0.0456490727532 5.412862 1.26912181303
0.0686070686071 0.0470756062767 5.409906 1.26912181303
0.0680412371134 0.0470756062767 5.397455 1.28045325779
0.0679012345679 0.0470756062767 5.396433 1.28328611898
0.0679012345679 0.0470756062767 5.396433 1.28328611898
0.0698151950719 0.0485021398003 5.395216 1.28328611898
0.0692464358452 0.0485021398003 5.386085 1.29461756374
0.0691056910569 0.0485021398003 5.382966 1.29745042493
0.0689655172414 0.0485021398003 5.377749 1.30028328612
0.0708502024291 0.0499286733238 5.377635 1.30028328612
0.0694444444444 0.0499286733238 5.358159 1.32861189802
0.0693069306931 0.0499286733238 5.356532 1.33144475921
0.0686274509804 0.0499286733238 5.335116 1.34560906516
0.0684931506849 0.0499286733238 5.335098 1.34844192635
0.068093385214 0.0499286733238 5.328071 1.35694050992
0.0679611650485 0.0499286733238 5.324951 1.3597733711
0.0676982591876 0.0499286733238 5.318963 1.36543909348
0.0675675675676 0.0499286733238 5.318186 1.36827195467
0.0671785028791 0.0499286733238 5.305315 1.37677053824
0.0670498084291 0.0499286733238 5.302891 1.37960339943
0.0666666666667 0.0499286733238 5.296866 1.388101983
0.0665399239544 0.0499286733238 5.290943 1.39093484419
0.0665399239544 0.0499286733238 5.290943 1.39093484419
0.0664136622391 0.0499286733238 5.28429 1.39376770538
0.0664136622391 0.0499286733238 5.28429 1.39376770538
0.0681818181818 0.0513552068474 5.270657 1.39376770538
0.0676691729323 0.0513552068474 5.253737 1.40509915014
0.0694183864916 0.0527817403709 5.245121 1.40509915014
0.0680147058824 0.0527817403709 5.208309 1.43626062323
0.0678899082569 0.0527817403709 5.205129 1.43909348442
0.0676416819013 0.0527817403709 5.203798 1.4447592068
0.0675182481752 0.0527817403709 5.201861 1.44759206799
0.0672727272727 0.0527817403709 5.196868 1.45325779037
0.0671506352087 0.0527817403709 5.194704 1.45609065156
0.0670289855072 0.0527817403709 5.191051 1.45892351275
0.0669077757685 0.0527817403709 5.190064 1.46175637394
0.0664272890485 0.0527817403709 5.178957 1.4730878187
0.0663082437276 0.0527817403709 5.178932 1.47592067989
0.0659536541889 0.0527817403709 5.174363 1.48441926346
0.067615658363 0.0542082738944 5.168798 1.48441926346
0.0673758865248 0.0542082738944 5.166462 1.49008498584
0.0672566371681 0.0542082738944 5.16475 1.49291784703
0.0670194003527 0.0542082738944 5.164266 1.49858356941
0.0669014084507 0.0542082738944 5.161036 1.50141643059
0.0657439446367 0.0542082738944 5.140183 1.52974504249
0.0656303972366 0.0542082738944 5.140069 1.53257790368
0.0642978003384 0.0542082738944 5.104255 1.56657223796
0.0658783783784 0.055634807418 5.103874 1.56657223796
0.0658783783784 0.055634807418 5.103874 1.56657223796
0.0674536256324 0.0570613409415 5.102046 1.56657223796
0.0673400673401 0.0570613409415 5.099552 1.56940509915
0.0672268907563 0.0570613409415 5.098799 1.57223796034
0.0666666666667 0.0570613409415 5.087384 1.58640226629
0.0665557404326 0.0570613409415 5.085574 1.58923512748
0.064829821718 0.0570613409415 5.061539 1.63456090652
0.0663430420712 0.058487874465 5.053993 1.63456090652
0.0658105939005 0.058487874465 5.037665 1.64872521246
0.0657051282051 0.058487874465 5.037516 1.65155807365
0.0654952076677 0.058487874465 5.032844 1.65722379603
0.0653907496013 0.058487874465 5.030048 1.66005665722
0.0651828298887 0.058487874465 5.02407 1.6657223796
0.0650793650794 0.058487874465 5.023913 1.66855524079
0.0647709320695 0.058487874465 5.020906 1.67705382436
0.0646687697161 0.058487874465 5.018116 1.67988668555
0.0637636080871 0.058487874465 4.993107 1.70538243626
0.0636645962733 0.058487874465 4.987742 1.70821529745
0.0636645962733 0.058487874465 4.987742 1.70821529745
0.0635658914729 0.058487874465 4.986746 1.71104815864
0.0631741140216 0.058487874465 4.982421 1.7223796034
0.0630769230769 0.058487874465 4.979178 1.72521246459
0.0630769230769 0.058487874465 4.979178 1.72521246459
0.062980030722 0.058487874465 4.975231 1.72804532578
0.062980030722 0.058487874465 4.975231 1.72804532578
0.0644171779141 0.0599144079886 4.973387 1.72804532578
0.0644171779141 0.0599144079886 4.973387 1.72804532578
0.0643185298622 0.0599144079886 4.972786 1.73087818697
0.0623145400593 0.0599144079886 4.938028 1.79036827195
0.0622222222222 0.0599144079886 4.935122 1.79320113314
0.061135371179 0.0599144079886 4.913683 1.82719546742
0.0625 0.0613409415121 4.9127 1.82719546742
0.0624092888244 0.0613409415121 4.910668 1.83002832861
0.0623188405797 0.0613409415121 4.908606 1.8328611898
0.0614285714286 0.0613409415121 4.89213 1.8611898017
0.0613409415121 0.0613409415121 4.888613 1.86402266289
0.0611664295875 0.0613409415121 4.881431 1.86968838527
0.0625 0.0627674750357 4.88021 1.86968838527
0.0619718309859 0.0627674750357 4.863734 1.88668555241
0.0632911392405 0.0641940085592 4.863692 1.88668555241
0.0622406639004 0.0641940085592 4.837835 1.92067988669
0.0635359116022 0.0656205420827 4.835129 1.92067988669
0.0628415300546 0.0656205420827 4.826434 1.9433427762
0.0641200545703 0.0670470756063 4.825532 1.9433427762
0.0635135135135 0.0670470756063 4.814645 1.96317280453
0.0634278002699 0.0670470756063 4.814219 1.96600566572
0.0625 0.0670470756063 4.791622 1.99716713881
0.062416998672 0.0670470756063 4.790421 2.0
0.0622516556291 0.0670470756063 4.789999 2.00566572238
0.0634920634921 0.0684736091298 4.789929 2.00566572238
0.0625814863103 0.0684736091298 4.778714 2.03682719547
0.0638020833333 0.0699001426534 4.778501 2.03682719547
0.0637191157347 0.0699001426534 4.778332 2.03966005666
0.0649350649351 0.0713266761769 4.775769 2.03966005666
0.0646830530401 0.0713266761769 4.767453 2.04815864023
0.0645994832041 0.0713266761769 4.761674 2.05099150142
0.0641848523748 0.0713266761769 4.756231 2.06515580737
0.0641025641026 0.0713266761769 4.755165 2.06798866856
0.0638569604087 0.0713266761769 4.751635 2.07648725212
0.0637755102041 0.0713266761769 4.750404 2.07932011331
0.0636942675159 0.0713266761769 4.74994 2.0821529745
0.0636132315522 0.0713266761769 4.747128 2.08498583569
0.063051702396 0.0713266761769 4.73367 2.10481586402
0.0642317380353 0.0727532097004 4.729172 2.10481586402
0.0642317380353 0.0727532097004 4.729172 2.10481586402
0.0641509433962 0.0727532097004 4.726093 2.10764872521
0.0635118306351 0.0727532097004 4.713708 2.13031161473
0.0634328358209 0.0727532097004 4.713061 2.13314447592
0.062962962963 0.0727532097004 4.702786 2.15014164306
0.0628853267571 0.0727532097004 4.698337 2.15297450425
0.0623471882641 0.0727532097004 4.683941 2.17280453258
0.0622710622711 0.0727532097004 4.682527 2.17563739377
0.0621193666261 0.0727532097004 4.67999 2.18130311615
0.0620437956204 0.0727532097004 4.678802 2.18413597734
0.0618181818182 0.0727532097004 4.677485 2.19263456091
0.0617433414044 0.0727532097004 4.676584 2.1954674221
0.0617433414044 0.0727532097004 4.676584 2.1954674221
0.0616686819831 0.0727532097004 4.675388 2.19830028329
0.0604265402844 0.0727532097004 4.642705 2.24645892351
0.0603550295858 0.0727532097004 4.640958 2.2492917847
0.0603550295858 0.0727532097004 4.640958 2.2492917847
0.0602836879433 0.0727532097004 4.640257 2.25212464589
0.060141509434 0.0727532097004 4.637615 2.25779036827
0.0600706713781 0.0727532097004 4.637122 2.26062322946
0.0599294947121 0.0727532097004 4.635531 2.26628895184
0.0610328638498 0.074179743224 4.625826 2.26628895184
0.0605355064028 0.074179743224 4.618017 2.28611898017
0.0604651162791 0.074179743224 4.616899 2.28895184136
0.0600461893764 0.074179743224 4.610162 2.3059490085
0.0599769319493 0.074179743224 4.609312 2.30878186969
0.0599769319493 0.074179743224 4.609312 2.30878186969
0.0599078341014 0.074179743224 4.608787 2.31161473088
0.0592255125285 0.074179743224 4.600454 2.33994334278
0.0591581342435 0.074179743224 4.598575 2.34277620397
0.0586245772266 0.074179743224 4.58936 2.36543909348
0.0585585585586 0.074179743224 4.589227 2.36827195467
0.0577136514983 0.074179743224 4.579737 2.40509915014
0.0587583148559 0.0756062767475 4.578656 2.40509915014
0.0587583148559 0.0756062767475 4.578656 2.40509915014
0.0586932447398 0.0756062767475 4.575777 2.40793201133
0.0583700440529 0.0756062767475 4.573457 2.42209631728
0.0594059405941 0.077032810271 4.571564 2.42209631728
0.0592105263158 0.077032810271 4.569135 2.43059490085
0.0591456736035 0.077032810271 4.567425 2.43342776204
0.058568329718 0.077032810271 4.557489 2.45892351275
0.0595882990249 0.0784593437946 4.55656 2.45892351275
0.0595238095238 0.0784593437946 4.554513 2.46175637394
0.0594594594595 0.0784593437946 4.554166 2.46458923513
0.058886509636 0.0784593437946 4.544943 2.49008498584
0.0588235294118 0.0784593437946 4.543872 2.49291784703
0.0583244962884 0.0784593437946 4.534503 2.51558073654
0.0593220338983 0.0798858773181 4.534005 2.51558073654
0.0589473684211 0.0798858773181 4.528129 2.53257790368
0.0588853838065 0.0798858773181 4.526642 2.53541076487
0.0585774058577 0.0798858773181 4.521162 2.54957507082
0.0585161964472 0.0798858773181 4.520059 2.55240793201
0.0585161964472 0.0798858773181 4.520059 2.55240793201
0.0584551148225 0.0798858773181 4.519267 2.5552407932
0.0579710144928 0.0798858773181 4.509887 2.57790368272
0.0579110651499 0.0798858773181 4.508614 2.58073654391
0.0579110651499 0.0798858773181 4.508614 2.58073654391
0.0578512396694 0.0798858773181 4.507319 2.5835694051
0.0575539568345 0.0798858773181 4.505732 2.59773371105
0.0574948665298 0.0798858773181 4.504817 2.60056657224
0.0568527918782 0.0798858773181 4.490724 2.63172804533
0.0578093306288 0.0813124108417 4.490467 2.63172804533
0.0577507598784 0.0813124108417 4.488645 2.63456090652
0.0576923076923 0.0813124108417 4.488624 2.63739376771
0.0571142284569 0.0813124108417 4.478128 2.6657223796
0.0570570570571 0.0813124108417 4.477279 2.66855524079
0.0568295114656 0.0813124108417 4.472391 2.67988668555
0.0567729083665 0.0813124108417 4.471666 2.68271954674
0.0557184750733 0.0813124108417 4.451073 2.73654390935
0.0556640625 0.0813124108417 4.450235 2.73937677054
0.055179090029 0.0813124108417 4.439342 2.76487252125
0.0560928433269 0.0827389443652 4.436486 2.76487252125
0.0553435114504 0.0827389443652 4.41505 2.8045325779
0.0552907530982 0.0827389443652 4.414732 2.80736543909
0.0550284629981 0.0827389443652 4.406269 2.82152974504
0.0549763033175 0.0827389443652 4.405307 2.82436260623
0.0547169811321 0.0827389443652 4.397424 2.83852691218
0.0546654099906 0.0827389443652 4.394568 2.84135977337
0.0544090056285 0.0827389443652 4.38868 2.85552407932
0.0552952202437 0.0841654778887 4.387282 2.85552407932
0.0542778288868 0.0841654778887 4.361254 2.91218130312
0.0542279411765 0.0841654778887 4.36025 2.91501416431
0.0538321167883 0.0841654778887 4.348484 2.93767705382
0.0537830446673 0.0841654778887 4.348307 2.94050991501
0.0533453887884 0.0841654778887 4.339876 2.96600566572
0.0542005420054 0.0855920114123 4.336722 2.96600566572
0.0535236396075 0.0855920114123 4.313835 3.00566572238
0.0534759358289 0.0855920114123 4.311217 3.00849858357
0.053050397878 0.0855920114123 4.306948 3.03399433428
0.0538869257951 0.0870185449358 4.306485 3.03399433428
0.0535557506585 0.0870185449358 4.299648 3.05382436261
0.0535087719298 0.0870185449358 4.299574 3.0566572238
0.0532751091703 0.0870185449358 4.296708 3.07082152975
0.0532286212914 0.0870185449358 4.296702 3.07365439093
0.0529973935708 0.0870185449358 4.290981 3.08781869688
0.0529513888889 0.0870185449358 4.289746 3.09065155807
0.0513900589722 0.0870185449358 4.24492 3.18980169972
0.0513468013468 0.0870185449358 4.244208 3.19263456091
0.0512605042017 0.0870185449358 4.2413 3.19830028329
0.0512174643157 0.0870185449358 4.239611 3.20113314448
0.0511316010059 0.0870185449358 4.237008 3.20679886686
0.0519262981575 0.0884450784593 4.235743 3.20679886686
0.0519262981575 0.0884450784593 4.235743 3.20679886686
0.0518828451883 0.0884450784593 4.235328 3.20963172805
0.0511973575557 0.0884450784593 4.209366 3.25495750708
0.0511551155116 0.0884450784593 4.209366 3.25779036827
0.0506950122649 0.0884450784593 4.197954 3.28895184136
0.0506535947712 0.0884450784593 4.197019 3.29178470255
0.050612244898 0.0884450784593 4.196463 3.29461756374
0.0505709624796 0.0884450784593 4.194521 3.29745042493
0.0504885993485 0.0884450784593 4.193306 3.30311614731
0.0504475183076 0.0884450784593 4.192234 3.3059490085
0.0502838605028 0.0884450784593 4.188709 3.31728045326
0.0510534846029 0.0898716119829 4.187893 3.31728045326
0.0507246376812 0.0898716119829 4.179652 3.33994334278
0.0514883346742 0.0912981455064 4.179008 3.33994334278
0.05140562249 0.0912981455064 4.175928 3.34560906516
0.0513643659711 0.0912981455064 4.175815 3.34844192635
0.0513643659711 0.0912981455064 4.175815 3.34844192635
0.0513231756215 0.0912981455064 4.175232 3.35127478754
0.0510774142059 0.0912981455064 4.169801 3.36827195467
0.0518341307815 0.09272467903 4.16657 3.36827195467
0.0515055467512 0.09272467903 4.161571 3.39093484419
0.0514647664291 0.09272467903 4.161146 3.39376770538
0.0513022888713 0.09272467903 4.158698 3.40509915014
0.051261829653 0.09272467903 4.157595 3.40793201133
0.0506625097428 0.09272467903 4.14572 3.45042492918
0.0514018691589 0.0941512125535 4.145245 3.45042492918
0.0510835913313 0.0941512125535 4.139179 3.4730878187
0.0510440835267 0.0941512125535 4.139164 3.47592067989
0.0508866615266 0.0941512125535 4.131935 3.48725212465
0.0508474576271 0.0941512125535 4.130165 3.49008498584
0.0498866213152 0.0941512125535 4.101325 3.56090651558
0.0498489425982 0.0941512125535 4.101279 3.56373937677
0.0490706319703 0.0941512125535 4.078354 3.62322946176
0.0490341753343 0.0941512125535 4.077337 3.62606232295
0.0481751824818 0.0941512125535 4.054774 3.6940509915
0.0481400437637 0.0941512125535 4.053313 3.69688385269
0.0480349344978 0.0941512125535 4.049859 3.70538243626
0.048 0.0941512125535 4.049062 3.70821529745
0.0479302832244 0.0941512125535 4.04777 3.71388101983
0.0478955007257 0.0941512125535 4.047601 3.71671388102
0.046975088968 0.0941512125535 4.017588 3.79320113314
0.047652916074 0.095577746077 4.017426 3.79320113314
0.0474504249292 0.095577746077 4.009007 3.81019830028
0.0481245576787 0.0970042796006 4.008842 3.81019830028
0.0474860335196 0.0970042796006 3.997164 3.86402266289
0.0481507327285 0.0984308131241 3.996528 3.86402266289
0.0479166666667 0.0984308131241 3.984899 3.88385269122
0.0485773768217 0.0998573466476 3.984872 3.88385269122
0.0485436893204 0.0998573466476 3.984769 3.88668555241
0.04851004851 0.0998573466476 3.983504 3.8895184136
0.0484094052559 0.0998573466476 3.981906 3.89801699717
0.0483759502419 0.0998573466476 3.979379 3.90084985836
0.0480109739369 0.0998573466476 3.973439 3.93201133144
0.0486634681289 0.101283880171 3.973342 3.93201133144
0.0480704129993 0.101283880171 3.963656 3.98300283286
0.0487144790257 0.102710413695 3.96266 3.98300283286
0.0485829959514 0.102710413695 3.958225 3.99433427762
0.0492245448415 0.104136947218 3.957278 3.99433427762
0.0486342438374 0.104136947218 3.947784 4.04532577904
0.0486018641811 0.104136947218 3.947133 4.04815864023
0.04831237591 0.104136947218 3.936919 4.07365439093
0.0482804232804 0.104136947218 3.933722 4.07648725212
0.0479947403024 0.104136947218 3.92862 4.10198300283
0.0479632063075 0.104136947218 3.927505 4.10481586402
0.0475570032573 0.104136947218 3.91916 4.14164305949
0.0481770833333 0.105563480742 3.916801 4.14164305949
0.0481457384515 0.105563480742 3.916641 4.14447592068
0.0487646293888 0.106990014265 3.914868 4.14447592068
0.0484496124031 0.106990014265 3.908477 4.17280453258
0.0490639122014 0.108416547789 3.907902 4.17280453258
0.0489375402447 0.108416547789 3.905628 4.18413597734
0.048906048906 0.108416547789 3.902064 4.18696883853
0.048500319081 0.108416547789 3.896729 4.22379603399
0.0491071428571 0.109843081312 3.896202 4.22379603399
0.0488888888889 0.109843081312 3.888791 4.24362606232
0.0488578680203 0.109843081312 3.886561 4.24645892351
0.0486111111111 0.109843081312 3.881518 4.26912181303
0.0485804416404 0.109843081312 3.879838 4.27195467422
0.0483668341709 0.109843081312 3.871387 4.29178470255
0.0483364720653 0.109843081312 3.870707 4.29461756374
0.0478260869565 0.109843081312 3.852924 4.34277620397
0.0477963997517 0.109843081312 3.851882 4.34560906516
0.047619047619 0.109843081312 3.846946 4.36260623229
0.0482076637824 0.111269614836 3.84637 4.36260623229
0.0479409956976 0.111269614836 3.837196 4.388101983
0.0479115479115 0.111269614836 3.836862 4.39093484419
0.047823421214 0.111269614836 3.834894 4.39943342776
0.0484068627451 0.112696148359 3.8335 4.39943342776
0.0483772198408 0.112696148359 3.833336 4.40226628895
0.0483476132191 0.112696148359 3.833144 4.40509915014
0.0479659987857 0.112696148359 3.824489 4.44192634561
0.0485436893204 0.114122681883 3.824313 4.44192634561
0.0484554815263 0.114122681883 3.820884 4.45042492918
0.0484261501211 0.114122681883 3.819285 4.45325779037
0.048309178744 0.114122681883 3.817695 4.46458923513
0.0488835244418 0.115549215407 3.816511 4.46458923513
0.0486486486486 0.115549215407 3.804361 4.48725212465
0.0486194477791 0.115549215407 3.80389 4.49008498584
0.0481569560048 0.115549215407 3.78816 4.53541076487
0.048128342246 0.115549215407 3.787966 4.53824362606
0.047563123899 0.115549215407 3.760643 4.59490084986
0.0475352112676 0.115549215407 3.760235 4.59773371105
0.0472578763127 0.115549215407 3.753231 4.62606232295
0.0472303206997 0.115549215407 3.751175 4.62889518414
0.0471753057659 0.115549215407 3.749346 4.63456090652
0.0471478463329 0.115549215407 3.74932 4.63739376771
0.0467128027682 0.115549215407 3.736767 4.68271954674
0.0466858789625 0.115549215407 3.732139 4.68555240793
0.0466321243523 0.115549215407 3.729135 4.69121813031
0.0471806674338 0.11697574893 3.728731 4.69121813031
0.0463015245624 0.11697574893 3.69676 4.78470254958
0.0462753950339 0.11697574893 3.695991 4.78753541076
0.0459899046551 0.11697574893 3.691688 4.81869688385
0.0459641255605 0.11697574893 3.69101 4.82152974504
0.0455302609661 0.11697574893 3.679912 4.86968838527
0.0455049944506 0.11697574893 3.679524 4.87252124646
0.045104510451 0.11697574893 3.67022 4.9178470255
0.0450797141286 0.11697574893 3.669838 4.92067988669
0.0450549450549 0.11697574893 3.66975 4.92351274788
0.0455793520044 0.118402282454 3.66636 4.92351274788
0.0455043859649 0.118402282454 3.663747 4.93201133144
0.0454794520548 0.118402282454 3.663341 4.93484419263
0.0453304205352 0.118402282454 3.65669 4.95184135977
0.0453056768559 0.118402282454 3.65625 4.95467422096
0.0452069716776 0.118402282454 3.651836 4.96600566572
0.0451823625476 0.118402282454 3.650913 4.96883852691
0.0450352685838 0.118402282454 3.648824 4.98583569405
0.045010845987 0.118402282454 3.648054 4.98866855524
0.0447922288181 0.118402282454 3.64274 5.01416430595
0.0447680690399 0.118402282454 3.641681 5.01699716714
0.0440785979819 0.118402282454 3.619922 5.09915014164
0.0445859872611 0.119828815977 3.619584 5.09915014164
0.0445151033386 0.119828815977 3.618547 5.10764872521
0.0444915254237 0.119828815977 3.616532 5.1104815864
0.0443974630021 0.119828815977 3.613316 5.12181303116
0.0443740095087 0.119828815977 3.613256 5.12464589235
0.0441640378549 0.119828815977 3.603518 5.15014164306
0.0446663163426 0.121255349501 3.60259 5.15014164306
0.0442939030745 0.121255349501 3.588274 5.1954674221
0.0442708333333 0.121255349501 3.588148 5.19830028329
0.0438822922044 0.121255349501 3.57082 5.24645892351
0.0438596491228 0.121255349501 3.570317 5.2492917847
0.0438370293966 0.121255349501 3.569446 5.25212464589
0.0438144329897 0.121255349501 3.568856 5.25495750708
0.0438144329897 0.121255349501 3.568856 5.25495750708
0.043791859866 0.121255349501 3.56787 5.25779036827
0.0437467833248 0.121255349501 3.56657 5.26345609065
0.0437242798354 0.121255349501 3.566537 5.26628895184
0.0436121087737 0.121255349501 3.563255 5.28045325779
0.0441025641026 0.122681883024 3.56233 5.28045325779
0.0436991869919 0.122681883024 3.550278 5.33144475921
0.0441848654139 0.124108416548 3.549138 5.33144475921
0.0441176470588 0.124108416548 3.546959 5.33994334278
0.0440952863659 0.124108416548 3.546911 5.34277620397
0.0440729483283 0.124108416548 3.546431 5.34560906516
0.0440506329114 0.124108416548 3.544304 5.34844192635
0.0440506329114 0.124108416548 3.544304 5.34844192635
0.0445344129555 0.125534950071 3.542414 5.34844192635
0.0441545408931 0.125534950071 3.532863 5.39660056657
0.0441323971916 0.125534950071 3.531989 5.39943342776
0.044 0.125534950071 3.524286 5.4164305949
0.0444777611194 0.126961483595 3.524103 5.4164305949
0.0444555444555 0.126961483595 3.523225 5.41926345609
0.0449326010984 0.128388017118 3.521713 5.41926345609
0.0449101796407 0.128388017118 3.521653 5.42209631728
0.0448877805486 0.128388017118 3.521517 5.42492917847
0.0446207238473 0.128388017118 3.514939 5.45892351275
0.0445986124876 0.128388017118 3.513433 5.46175637394
0.0445765230312 0.128388017118 3.510896 5.46458923513
0.0445544554455 0.128388017118 3.508111 5.46742209632
0.0442043222004 0.128388017118 3.499649 5.51274787535
0.0441826215022 0.128388017118 3.498612 5.51558073654
0.0437743190661 0.128388017118 3.479055 5.56940509915
0.0437530384054 0.128388017118 3.478566 5.57223796034
0.0435413642961 0.128388017118 3.471412 5.60056657224
0.0435203094778 0.128388017118 3.466468 5.60339943343
0.0435203094778 0.128388017118 3.466468 5.60339943343
0.0434992750121 0.128388017118 3.464669 5.60623229462
0.0431241015812 0.128388017118 3.457828 5.65722379603
0.0431034482759 0.128388017118 3.457671 5.66005665722
0.0430828147439 0.128388017118 3.455559 5.66288951841
0.0435406698565 0.129814550642 3.455408 5.66288951841
0.0434160305344 0.129814550642 3.451202 5.67988668555
0.0433953266571 0.129814550642 3.449247 5.68271954674
0.0432304038005 0.129814550642 3.445934 5.70538243626
0.0432098765432 0.129814550642 3.445605 5.70821529745
0.0430667297681 0.129814550642 3.439476 5.72804532578
0.0430463576159 0.129814550642 3.436884 5.73087818697
0.0430463576159 0.129814550642 3.436884 5.73087818697
0.0430260047281 0.129814550642 3.43487 5.73371104816
0.0430260047281 0.129814550642 3.43487 5.73371104816
0.0434782608696 0.131241084165 3.434711 5.73371104816
0.043375766148 0.131241084165 3.432423 5.74787535411
0.0433553251649 0.131241084165 3.431737 5.7507082153
0.0433553251649 0.131241084165 3.431737 5.7507082153
0.0433349034385 0.131241084165 3.431631 5.75354107649
0.0432941176471 0.131241084165 3.430894 5.75920679887
0.0432737535278 0.131241084165 3.430685 5.76203966006
0.0431722196152 0.131241084165 3.424226 5.77620396601
0.0431519699812 0.131241084165 3.424024 5.7790368272
0.0425925925926 0.131241084165 3.407439 5.85835694051
0.043035631652 0.132667617689 3.403879 5.85835694051
0.042524005487 0.132667617689 3.388128 5.93201133144
0.0425045703839 0.132667617689 3.387666 5.93484419263
0.0424270072993 0.132667617689 3.384036 5.94617563739
0.0424076607387 0.132667617689 3.383165 5.94900849858
0.0424076607387 0.132667617689 3.383165 5.94900849858
0.042388331814 0.132667617689 3.383158 5.95184135977
0.0422343324251 0.132667617689 3.379462 5.97450424929
0.0422151611439 0.132667617689 3.379164 5.97733711048
0.0420433996383 0.132667617689 3.37551 6.00283286119
0.0420244012653 0.132667617689 3.37517 6.00566572238
0.0420054200542 0.132667617689 3.37465 6.00849858357
0.0424379232506 0.134094151213 3.374488 6.00849858357
0.0422282120395 0.134094151213 3.367796 6.03966005666
0.0422092501123 0.134094151213 3.367779 6.04249291785
0.0421713772992 0.134094151213 3.36512 6.04815864023
0.0421524663677 0.134094151213 3.364451 6.05099150142
0.0417221482468 0.134094151213 3.349772 6.11614730878
0.0417036379769 0.134094151213 3.347971 6.11898016997
0.0417036379769 0.134094151213 3.347971 6.11898016997
0.0416851441242 0.134094151213 3.347678 6.12181303116
0.0415745245467 0.134094151213 3.343801 6.1388101983
0.0415561450044 0.134094151213 3.342653 6.14164305949
0.0415377817057 0.134094151213 3.342187 6.14447592068
0.041519434629 0.134094151213 3.340915 6.14730878187
0.041519434629 0.134094151213 3.340915 6.14730878187
0.0415011037528 0.134094151213 3.340163 6.15014164306
0.0414279418246 0.134094151213 3.337325 6.16147308782
0.0418502202643 0.135520684736 3.337056 6.16147308782
0.0416483998246 0.135520684736 3.329888 6.19263456091
0.0420683610868 0.13694721826 3.329382 6.19263456091
0.0417936438833 0.13694721826 3.3192 6.23512747875
0.0422106179286 0.138373751783 3.319111 6.23512747875
0.0421372719374 0.138373751783 3.317392 6.24645892351
0.0421189752497 0.138373751783 3.316956 6.2492917847
0.0420824295011 0.138373751783 3.316719 6.25495750708
0.042064180399 0.138373751783 3.316034 6.25779036827
0.0420459471175 0.138373751783 3.31548 6.26062322946
0.042027729636 0.138373751783 3.315049 6.26345609065
0.041774332472 0.138373751783 3.30492 6.30311614731
0.0421868273784 0.139800285307 3.304719 6.30311614731
0.0421324161651 0.139800285307 3.303504 6.31161473088
0.0421143102707 0.139800285307 3.303351 6.31444759207
0.0419520547945 0.139800285307 3.298374 6.33994334278
0.0419341035516 0.139800285307 3.294888 6.34277620397
0.0418088737201 0.139800285307 3.293344 6.36260623229
0.0422174840085 0.14122681883 3.291627 6.36260623229
0.0411129568106 0.14122681883 3.249491 6.54107648725
0.041095890411 0.14122681883 3.249447 6.54390934844
0.0410277662661 0.14122681883 3.247353 6.5552407932
0.0410107705054 0.14122681883 3.246913 6.55807365439
0.0408584399505 0.14122681883 3.238808 6.5835694051
0.0408415841584 0.14122681883 3.23793 6.58640226629
0.0408079142622 0.14122681883 3.235642 6.59206798867
0.0407911001236 0.14122681883 3.23445 6.59490084986
0.0405571487095 0.14122681883 3.228038 6.63456090652
0.04095004095 0.142653352354 3.227681 6.63456090652
0.0407996736026 0.142653352354 3.221649 6.66005665722
0.0411908646003 0.144079885877 3.220819 6.66005665722
0.0409736308316 0.144079885877 3.210427 6.69688385269
0.0409570154096 0.144079885877 3.208731 6.69971671388
0.0409404134576 0.144079885877 3.208399 6.70254957507
0.0409238249595 0.144079885877 3.207733 6.70538243626
0.0401111993646 0.144079885877 3.164482 6.84702549575
0.0400952759031 0.144079885877 3.164071 6.84985835694
0.0400793650794 0.144079885877 3.16405 6.85269121813
0.0400634668782 0.144079885877 3.163544 6.85552407932
0.0397168698388 0.144079885877 3.146507 6.9178470255
0.0400943396226 0.145506419401 3.145328 6.9178470255
0.0400471142521 0.145506419401 3.142506 6.92634560907
0.0404238618524 0.146932952924 3.142413 6.92634560907
0.0403921568627 0.146932952924 3.141467 6.93201133144
0.0403763230106 0.146932952924 3.140191 6.93484419263
0.0402029664325 0.146932952924 3.130774 6.96600566572
0.0405774483028 0.148359486448 3.130546 6.96600566572
0.0405458089669 0.148359486448 3.127173 6.9716713881
0.0405300077942 0.148359486448 3.125597 6.97450424929
0.0405142189326 0.148359486448 3.12476 6.97733711048
0.0404984423676 0.148359486448 3.124289 6.98016997167
0.0403257076386 0.148359486448 3.115583 7.01133144476
0.0406976744186 0.149786019971 3.115191 7.01133144476
0.0406819062379 0.149786019971 3.113564 7.01416430595
0.0410534469404 0.151212553495 3.113396 7.01416430595
0.0408950617284 0.151212553495 3.105298 7.04249291785
0.0408792903972 0.151212553495 3.105094 7.04532577904
0.0408320493066 0.151212553495 3.101313 7.05382436261
0.0408163265306 0.151212553495 3.100121 7.0566572238
0.0406441717791 0.151212553495 3.088124 7.08781869688
0.0406285933308 0.151212553495 3.087969 7.09065155807
0.0404889228419 0.151212553495 3.079781 7.11614730878
0.0404734631539 0.151212553495 3.078676 7.11898016997
0.0403963414634 0.151212553495 3.075768 7.13314447592
0.040380952381 0.151212553495 3.075047 7.13597733711
0.0403041825095 0.151212553495 3.070621 7.15014164306
0.0406689471684 0.152639087019 3.070378 7.15014164306
0.0399850523169 0.152639087019 3.042304 7.2776203966
0.0399701158013 0.152639087019 3.041947 7.28045325779
0.0399701158013 0.152639087019 3.041947 7.28045325779
0.0403286034354 0.154065620542 3.039381 7.28045325779
0.039970392302 0.154065620542 3.024788 7.34844192635
0.0399556048835 0.154065620542 3.022171 7.35127478754
0.0399556048835 0.154065620542 3.022171 7.35127478754
0.0403106508876 0.155492154066 3.022003 7.35127478754
0.0400588019111 0.155492154066 3.013306 7.39943342776
0.0404114621602 0.156918687589 3.012877 7.39943342776
0.0402635431918 0.156918687589 3.003992 7.42776203966
0.0402488108306 0.156918687589 3.003697 7.43059490085
0.0402488108306 0.156918687589 3.003697 7.43059490085
0.0402340892465 0.156918687589 3.002546 7.43342776204
0.0400145507457 0.156918687589 2.991135 7.47592067989
0.04 0.156918687589 2.991057 7.47875354108
0.0397398843931 0.156918687589 2.98123 7.52974504249
0.0400866738895 0.158345221113 2.980835 7.52974504249
0.0400577408878 0.158345221113 2.980697 7.53541076487
0.040404040404 0.159771754636 2.97959 7.53541076487
0.0403603603604 0.159771754636 2.978302 7.54390934844
0.0403458213256 0.159771754636 2.977992 7.54674220963
0.040331292762 0.159771754636 2.976845 7.54957507082
0.040316774658 0.159771754636 2.975955 7.55240793201
0.0398009950249 0.159771754636 2.944027 7.65439093484
0.0401420959147 0.16119828816 2.942936 7.65439093484
0.0400851365733 0.16119828816 2.941307 7.6657223796
0.0400709219858 0.16119828816 2.941167 7.66855524079
0.0399152243024 0.16119828816 2.934544 7.69971671388
0.0399011299435 0.16119828816 2.933356 7.70254957507
0.0395381385584 0.16119828816 2.913167 7.77620396601
0.039524309199 0.16119828816 2.912887 7.7790368272
0.0394140216254 0.16119828816 2.911491 7.80169971671
0.03940027894 0.16119828816 2.910857 7.8045325779
0.0391681109185 0.16119828816 2.900762 7.85269121813
0.0391545391545 0.16119828816 2.90038 7.85552407932
0.0391409767925 0.16119828816 2.90015 7.85835694051
0.0391274238227 0.16119828816 2.900015 7.8611898017
0.0391138802354 0.16119828816 2.899594 7.86402266289
0.0391003460208 0.16119828816 2.899323 7.86685552408
0.0390733056708 0.16119828816 2.897916 7.87252124646
0.0394054614587 0.162624821683 2.897869 7.87252124646
0.039378238342 0.162624821683 2.896682 7.87818696884
0.039364640884 0.162624821683 2.895057 7.88101983003
0.0392561983471 0.162624821683 2.888281 7.90368271955
0.039586919105 0.164051355207 2.88767 7.90368271955
0.0395053246307 0.164051355207 2.883336 7.92067988669
0.0394917582418 0.164051355207 2.883258 7.92351274788
0.0394105551748 0.164051355207 2.878402 7.94050991501
0.0393970537855 0.164051355207 2.877897 7.9433427762
0.0393700787402 0.164051355207 2.877155 7.94900849858
0.039356605065 0.164051355207 2.876708 7.95184135977
0.0391422736555 0.164051355207 2.866988 7.99716713881
0.0394692072133 0.16547788873 2.866784 7.99716713881
0.039362063115 0.16547788873 2.863989 8.01983002833
0.0393487109905 0.16547788873 2.863826 8.02266288952
0.0391363022942 0.16547788873 2.855232 8.06798866856
0.0394603709949 0.166904422254 2.854799 8.06798866856
0.0393013100437 0.166904422254 2.84387 8.10198300283
0.0392881128274 0.166904422254 2.843837 8.10481586402
0.0391959798995 0.166904422254 2.842021 8.12464589235
0.0391828533155 0.166904422254 2.840008 8.12747875354
0.0387417218543 0.166904422254 2.819394 8.22379603399
0.038728897716 0.166904422254 2.819384 8.22662889518
0.0384995064166 0.166904422254 2.807796 8.2776203966
0.0388157894737 0.168330955777 2.807766 8.2776203966
0.0387139107612 0.168330955777 2.802631 8.30028328612
0.0387012135126 0.168330955777 2.80255 8.30311614731
0.0384740789045 0.168330955777 2.786603 8.35410764873
0.0384615384615 0.168330955777 2.786595 8.35694050992
0.038349041274 0.168330955777 2.782223 8.38243626062
0.0383365821962 0.168330955777 2.782011 8.38526912181
0.0381877022654 0.168330955777 2.77446 8.41926345609
0.0381753477839 0.168330955777 2.774403 8.42209631728
0.0379421221865 0.168330955777 2.757478 8.47592067989
0.0379299260688 0.168330955777 2.756898 8.47875354108
0.0378933847142 0.168330955777 2.753773 8.48725212465
0.0378812199037 0.168330955777 2.752877 8.49008498584
0.0378812199037 0.168330955777 2.752877 8.49008498584
0.0378690629012 0.168330955777 2.751152 8.49291784703
0.0378326386662 0.168330955777 2.750066 8.50141643059
0.0378205128205 0.168330955777 2.75005 8.50424929178
0.0376756066411 0.168330955777 2.742903 8.53824362606
0.037663581232 0.168330955777 2.742687 8.54107648725
0.0374246749128 0.168330955777 2.725152 8.59773371105
0.0374128091313 0.168330955777 2.72386 8.60056657224
0.0374128091313 0.168330955777 2.72386 8.60056657224
0.0377179080824 0.169757489301 2.721851 8.60056657224
0.0374803149606 0.169757489301 2.704944 8.65722379603
0.0377833753149 0.171184022825 2.704819 8.65722379603
0.0376293508937 0.171184022825 2.701134 8.6940509915
0.0376175548589 0.171184022825 2.701022 8.69688385269
0.0372902423866 0.171184022825 2.680945 8.77620396601
0.0375893134514 0.172610556348 2.680793 8.77620396601
0.0372307692308 0.172610556348 2.664259 8.86402266289
0.0372193171332 0.172610556348 2.664156 8.86685552408
0.0371165644172 0.172610556348 2.657122 8.89235127479
0.0374118368599 0.174037089872 2.656774 8.89235127479
0.0373660030628 0.174037089872 2.653794 8.90368271955
0.0376607470912 0.175463623395 2.653057 8.90368271955
0.0375228798048 0.175463623395 2.644915 8.93767705382
0.0375114364135 0.175463623395 2.644058 8.94050991501
0.0373406193078 0.175463623395 2.631433 8.98300283286
0.0373292867982 0.175463623395 2.6314 8.98583569405
0.0372501514234 0.175463623395 2.628703 9.00566572238
0.0375416288223 0.176890156919 2.628174 9.00566572238
0.0374170187085 0.176890156919 2.622194 9.03682719547
0.0374057315234 0.176890156919 2.621772 9.03966005666
0.0371814092954 0.176890156919 2.609499 9.09631728045
0.037170263789 0.176890156919 2.609389 9.09915014164
0.0370481027786 0.176890156919 2.597476 9.13031161473
0.037037037037 0.176890156919 2.597287 9.13314447592
0.037037037037 0.176890156919 2.597287 9.13314447592
0.0370259779039 0.176890156919 2.597013 9.13597733711
0.0369818073367 0.176890156919 2.59076 9.14730878187
0.0369707811568 0.176890156919 2.59067 9.15014164306
0.0369597615499 0.176890156919 2.589887 9.15297450425
0.0369487485101 0.176890156919 2.589592 9.15580736544
0.0368608799049 0.176890156919 2.582793 9.17847025496
0.037147102526 0.178316690442 2.582784 9.17847025496
0.036797173977 0.178316690442 2.558103 9.26912181303
0.0367863449088 0.178316690442 2.558103 9.27195467422
0.0366999412801 0.178316690442 2.555115 9.29461756374
0.0369826827121 0.179743223966 2.554851 9.29461756374
0.0369718309859 0.179743223966 2.554177 9.29745042493
0.0369609856263 0.179743223966 2.553048 9.30028328612
0.0368205727645 0.179743223966 2.54856 9.33711048159
0.0368098159509 0.179743223966 2.548464 9.33994334278
0.0366279069767 0.179743223966 2.537438 9.388101983
0.0369078756176 0.181169757489 2.536826 9.388101983
0.0367796119317 0.181169757489 2.529557 9.42209631728
0.0367689635206 0.181169757489 2.527497 9.42492917847
0.0367476851852 0.181169757489 2.525943 9.43059490085
0.0367370552502 0.181169757489 2.525906 9.43342776204
0.036400114646 0.181169757489 2.51288 9.52407932011
0.0363896848138 0.181169757489 2.512438 9.5269121813
0.036358431148 0.181169757489 2.511775 9.53541076487
0.036348025186 0.181169757489 2.5107 9.53824362606
0.0362857142857 0.181169757489 2.50146 9.5552407932
0.0365609825764 0.182596291013 2.501141 9.5552407932
0.0361479807964 0.182596291013 2.47061 9.66855524079
0.0364201016375 0.184022824536 2.470288 9.66855524079
0.0363277949873 0.184022824536 2.465094 9.6940509915
0.0365990990991 0.18544935806 2.464102 9.6940509915
0.0364451920381 0.18544935806 2.455447 9.73654390935
0.0364349775785 0.18544935806 2.455388 9.73937677054
0.0363839910439 0.18544935806 2.450328 9.75354107649
0.0366536094012 0.186875891583 2.449805 9.75354107649
0.0365411436541 0.186875891583 2.442483 9.78470254958
0.0368098159509 0.188302425107 2.442269 9.78470254958
0.0366666666667 0.188302425107 2.430931 9.82436260623
0.0366564843099 0.188302425107 2.430931 9.82719546742
0.0366361365529 0.188302425107 2.429198 9.8328611898
0.0369034406215 0.189728958631 2.428755 9.8328611898
0.0364283757875 0.189728958631 2.387663 9.96600566572
0.0364184008762 0.189728958631 2.384484 9.96883852691
0.0362793235134 0.189728958631 2.376124 10.0084985836
0.0365421325334 0.191155492154 2.375269 10.0084985836
0.0365122615804 0.191155492154 2.372885 10.0169971671
0.0367747207845 0.192582025678 2.370049 10.0169971671
0.0367446924333 0.192582025678 2.368059 10.0254957507
0.0367346938776 0.192582025678 2.367904 10.0283286119
0.0366847826087 0.192582025678 2.361508 10.0424929178
0.0366748166259 0.192582025678 2.360743 10.045325779
0.0365457498646 0.192582025678 2.346665 10.0821529745
0.0365358592693 0.192582025678 2.346424 10.0849858357
0.0365358592693 0.192582025678 2.346424 10.0849858357
0.0367965367965 0.194008559201 2.345642 10.0849858357
0.036717062635 0.194008559201 2.341464 10.1076487252
0.0369770580297 0.195435092725 2.339596 10.1076487252
0.0369471413161 0.195435092725 2.335608 10.1161473088
0.0369371798328 0.195435092725 2.333914 10.11898017
0.0368775235532 0.195435092725 2.331146 10.1359773371
0.0371367061356 0.196861626248 2.330872 10.1359773371
0.0368 0.196861626248 2.306171 10.2322946176
0.0370567848574 0.198288159772 2.306087 10.2322946176
0.0370074547391 0.198288159772 2.303833 10.2464589235
0.0369976044717 0.198288159772 2.303811 10.2492917847
0.036958255783 0.198288159772 2.301779 10.2606232295
0.0369484316853 0.198288159772 2.301453 10.2634560907
0.0368993894346 0.198288159772 2.296199 10.2776203966
0.0371549893843 0.199714693295 2.295788 10.2776203966
0.0371352785146 0.199714693295 2.294809 10.283286119
0.0371254309202 0.199714693295 2.294306 10.2861189802
0.0369100975481 0.199714693295 2.27125 10.3484419263
0.037163943068 0.201141226819 2.270233 10.3484419263
0.0370273109244 0.201141226819 2.259605 10.388101983
0.0370175899186 0.201141226819 2.259448 10.3909348442
0.0369400052397 0.201141226819 2.254074 10.4135977337
0.0371922472499 0.202567760342 2.252844 10.4135977337
0.0368352788586 0.202567760342 2.223869 10.5184135977
0.0368257261411 0.202567760342 2.223032 10.5212464589
0.0366640846889 0.202567760342 2.209956 10.5694050992
0.0366546205472 0.202567760342 2.208981 10.5722379603
0.0365885081165 0.202567760342 2.19946 10.5920679887
0.0365790829469 0.202567760342 2.199304 10.5949008499
0.0364195947679 0.202567760342 2.187027 10.6430594901
0.0366666666667 0.203994293866 2.185777 10.6430594901
0.0365822460987 0.203994293866 2.174104 10.6685552408
0.0365728900256 0.203994293866 2.173968 10.671388102
0.0365728900256 0.203994293866 2.173968 10.671388102
0.0365635387369 0.203994293866 2.173907 10.6742209632
0.0364702881918 0.203994293866 2.165444 10.7025495751
0.0364609892912 0.203994293866 2.162616 10.7053824363
0.0361750569188 0.203994293866 2.148905 10.7932011331
0.0361659079413 0.203994293866 2.147663 10.7960339943
0.0361111111111 0.203994293866 2.140552 10.8130311615
0.0363544559455 0.205420827389 2.140088 10.8130311615
0.0362173038229 0.205420827389 2.130244 10.8555240793
0.0362081971335 0.205420827389 2.128794 10.8583569405
0.0361809045226 0.205420827389 2.126817 10.8668555241
0.0364230092941 0.206847360913 2.126742 10.8668555241
0.036268134067 0.206847360913 2.110428 10.9150141643
0.0362590647662 0.206847360913 2.110216 10.9178470255
0.0362047440699 0.206847360913 2.105078 10.9348441926
0.0361957064403 0.206847360913 2.103288 10.9376770538
0.0361866733217 0.206847360913 2.102265 10.940509915
0.0361776447106 0.206847360913 2.100998 10.9433427762
0.0358113114349 0.206847360913 2.07123 11.059490085
0.036049382716 0.208273894437 2.071203 11.059490085
0.0360404838312 0.208273894437 2.071072 11.0623229462
0.0360315893386 0.208273894437 2.070021 11.0651558074
0.0359340388875 0.208273894437 2.058202 11.0963172805
0.0361712598425 0.20970042796 2.058153 11.0963172805
0.0361001964637 0.20970042796 2.047067 11.11898017
0.0360913331697 0.20970042796 2.047031 11.1218130312
0.0360913331697 0.20970042796 2.047031 11.1218130312
0.0360824742268 0.20970042796 2.046622 11.1246458924
0.0359501100514 0.20970042796 2.033948 11.1671388102
0.0361858190709 0.211126961484 2.033544 11.1671388102
0.0358961920931 0.211126961484 2.009023 11.2606232295
0.036129970902 0.212553495007 2.009019 11.2606232295
0.036112457586 0.212553495007 2.008505 11.2662889518
0.0363460140538 0.213980028531 2.007135 11.2662889518
0.0363020329138 0.213980028531 2.000196 11.2804532578
0.0362932494556 0.213980028531 1.999825 11.283286119
0.0362669245648 0.213980028531 1.99686 11.2917847025
0.0362581580856 0.213980028531 1.996684 11.2946175637
0.0361881785283 0.213980028531 1.987862 11.3172804533
0.0361794500724 0.213980028531 1.98721 11.3201133144
0.0361097737121 0.213980028531 1.975896 11.342776204
0.0361010830325 0.213980028531 1.971594 11.3456090652
0.036075036075 0.213980028531 1.967771 11.3541076487
0.0363068045203 0.215406562054 1.967395 11.3541076487
0.0362806343104 0.215406562054 1.965088 11.3626062323
0.036271919289 0.215406562054 1.964893 11.3654390935
0.0362545018007 0.215406562054 1.964049 11.3711048159
0.0362457993279 0.215406562054 1.963892 11.3739376771
0.0361503471391 0.215406562054 1.954824 11.4050991501
0.0361416945907 0.215406562054 1.953629 11.4079320113
0.0360812425329 0.215406562054 1.947058 11.4277620397
0.0360726230291 0.215406562054 1.947018 11.4305949008
0.0359096313912 0.215406562054 1.93688 11.4844192635
0.0359010936757 0.215406562054 1.936855 11.4872521246
0.0358669833729 0.215406562054 1.934313 11.4985835694
0.0360959392068 0.216833095578 1.932862 11.4985835694
0.0358152686145 0.216833095578 1.906134 11.5920679887
0.0358068315665 0.216833095578 1.905909 11.5949008499
0.035747883349 0.216833095578 1.901989 11.6147308782
0.0357394780155 0.216833095578 1.900731 11.6175637394
0.0357394780155 0.216833095578 1.900731 11.6175637394
0.0357310766338 0.216833095578 1.900035 11.6203966006
0.0356975105683 0.216833095578 1.898881 11.6317280453
0.0356891289035 0.216833095578 1.897481 11.6345609065
0.0354229783267 0.216833095578 1.873763 11.7252124646
0.0354147250699 0.216833095578 1.869546 11.7280453258
0.0352096363215 0.216833095578 1.847443 11.7988668555
0.0352014821677 0.216833095578 1.846387 11.8016997167
0.0351201478743 0.216833095578 1.83663 11.8300283286
0.035343035343 0.218259629101 1.836438 11.8300283286
0.035310408493 0.218259629101 1.835718 11.8413597734
0.0353022611906 0.218259629101 1.835664 11.8441926346
0.0353022611906 0.218259629101 1.835664 11.8441926346
0.0355247981546 0.219686162625 1.834861 11.8441926346
0.0354675264855 0.219686162625 1.831481 11.8640226629
0.0356896154732 0.221112696148 1.830716 11.8640226629
0.0354285714286 0.221112696148 1.807 11.954674221
0.0354204753199 0.221112696148 1.806342 11.9575070822
0.0353477765108 0.221112696148 1.798252 11.9830028329
0.0355677154583 0.222539229672 1.797145 11.9830028329
0.0354868061874 0.222539229672 1.78847 12.0113314448
0.0354787355015 0.222539229672 1.788001 12.0141643059
0.0354143019296 0.222539229672 1.783021 12.0368271955
0.0356332274172 0.223965763195 1.781346 12.0368271955
0.0356332274172 0.223965763195 1.781346 12.0368271955
0.0358520535512 0.225392296719 1.779575 12.0368271955
0.0358114233908 0.225392296719 1.773114 12.0509915014
0.035803308407 0.225392296719 1.772614 12.0538243626
0.035690083578 0.225392296719 1.755737 12.0934844193
0.0359078590786 0.226818830243 1.755075 12.0934844193
0.0358754512635 0.226818830243 1.747899 12.104815864
0.0360929393187 0.228245363766 1.747649 12.104815864
0.036036036036 0.228245363766 1.738976 12.1246458924
0.0360279216393 0.228245363766 1.736994 12.1274787535
0.0359631377838 0.228245363766 1.73169 12.1501416431
0.0359550561798 0.228245363766 1.731548 12.1529745042
0.0358663976687 0.228245363766 1.721076 12.1841359773
0.0358583594801 0.228245363766 1.720347 12.1869688385
0.0358422939068 0.228245363766 1.719741 12.1926345609
0.0360582306831 0.22967189729 1.718868 12.1926345609
0.0360178970917 0.22967189729 1.713254 12.2067988669
0.0360098411988 0.22967189729 1.712744 12.209631728
0.0358734402852 0.22967189729 1.700317 12.2577903683
0.035865448875 0.22967189729 1.697956 12.2606232295
0.035833518807 0.22967189729 1.694944 12.2719546742
0.0360480640854 0.231098430813 1.693268 12.2719546742
0.036 0.231098430813 1.688208 12.2889518414
0.0359920017774 0.231098430813 1.68816 12.2917847025
0.0359760159893 0.231098430813 1.687107 12.2974504249
0.0359680284192 0.231098430813 1.686198 12.3002832861
0.0359440869758 0.231098430813 1.685532 12.3087818697
0.0361579414374 0.232524964337 1.684914 12.3087818697
0.0360858977197 0.232524964337 1.6784 12.3342776204
0.0360779105799 0.232524964337 1.677943 12.3371104816
0.0359109936109 0.232524964337 1.659588 12.3966005666
0.0359030837004 0.232524964337 1.658263 12.3994334278
0.0358320510002 0.232524964337 1.646396 12.4249291785
0.0358241758242 0.232524964337 1.646208 12.4277620397
0.0358241758242 0.232524964337 1.646208 12.4277620397
0.035816304109 0.232524964337 1.646026 12.4305949008
0.0356595930869 0.232524964337 1.622507 12.4872521246
0.0358705161855 0.23395149786 1.621614 12.4872521246
0.035807860262 0.23395149786 1.611704 12.5099150142
0.0358000436586 0.23395149786 1.610843 12.5127478754
0.0357688113413 0.23395149786 1.609351 12.5240793201
0.035761011775 0.23395149786 1.609351 12.5269121813
0.0354288183193 0.23395149786 1.570913 12.6487252125
0.0354211663067 0.23395149786 1.570813 12.6515580737
0.0352233676976 0.23395149786 1.54104 12.7252124646
0.0352158041658 0.23395149786 1.539873 12.7280453258
0.0350727117194 0.23395149786 1.513955 12.7818696884
0.0350652127432 0.23395149786 1.512827 12.7847025496
0.0350427350427 0.23395149786 1.510696 12.7932011331
0.0350352488784 0.23395149786 1.510394 12.7960339943
0.0349456637545 0.23395149786 1.491658 12.8300283286
0.0351512569237 0.235378031384 1.491315 12.8300283286
0.0350169779287 0.235378031384 1.475516 12.88101983
0.0350095480586 0.235378031384 1.473518 12.8838526912
0.0350021213407 0.235378031384 1.473295 12.8866855524
0.0349946977731 0.235378031384 1.472193 12.8895184136
0.0348984771574 0.235378031384 1.450848 12.9263456091
0.0351025586805 0.236804564907 1.449877 12.9263456091
0.0350877192982 0.236804564907 1.44815 12.9320113314
0.0350803043111 0.236804564907 1.446602 12.9348441926
0.0349620893008 0.236804564907 1.415656 12.9801699717
0.034954727311 0.236804564907 1.41519 12.9830028329
0.0348446683459 0.236804564907 1.395411 13.0254957507
0.0350472193075 0.238231098431 1.394943 13.0254957507
0.0347916666667 0.238231098431 1.361006 13.1246458924
0.0349927098521 0.239657631954 1.360781 13.1246458924
0.0349927098521 0.239657631954 1.360781 13.1246458924
0.0351936693045 0.241084165478 1.360453 13.1246458924
0.0350986500519 0.241084165478 1.343395 13.1614730878
0.0352990033223 0.242510699001 1.341312 13.1614730878
0.0351384869781 0.242510699001 1.32071 13.223796034
0.0353378797272 0.243937232525 1.320538 13.223796034
0.0352214212152 0.243937232525 1.301394 13.269121813
0.0352141680395 0.243937232525 1.297063 13.2719546742
0.0351345798233 0.243937232525 1.28413 13.3031161473
0.0351273623665 0.243937232525 1.281824 13.3059490085
0.0350122850123 0.243937232525 1.263456 13.3512747875
0.0350051177073 0.243937232525 1.263424 13.3541076487
0.0349193383704 0.243937232525 1.244649 13.388101983
0.0351163740302 0.245363766049 1.244626 13.388101983
0.0350877192982 0.245363766049 1.241564 13.3994334278
0.0350805629207 0.245363766049 1.240346 13.402266289
0.034923857868 0.245363766049 1.222796 13.4645892351
0.0349167681689 0.245363766049 1.222411 13.4674220963
0.0346215780998 0.245363766049 1.169928 13.5864022663
0.0348158583216 0.246790299572 1.168692 13.5864022663
0.0341829677929 0.246790299572 1.037767 13.8470254958
0.0341762149348 0.246790299572 1.037287 13.8498583569
0.0325310267018 0.246790299572 0.683994 14.5750708215
0.0327129159616 0.248216833096 0.68328 14.5750708215
0.0317055393586 0.248216833096 0.234704 15.0538243626
0.0318819457096 0.249643366619 0.230975 15.0538243626
0.0318355466618 0.249643366619 0.147964 15.0764872521
0.031829756275 0.249643366619 0.082133 15.0793201133
