1.0 0.0 inf 0.0
1.0 0.00142653352354 9.013265 0.0
1.0 0.00142653352354 9.013265 0.0
1.0 0.00285306704708 8.574587 0.0
1.0 0.00285306704708 8.574587 0.0
1.0 0.00427960057061 8.219538 0.0
1.0 0.00427960057061 8.219538 0.0
1.0 0.00570613409415 8.075639 0.0
0.666666666667 0.00570613409415 7.796017 0.0056657223796
0.714285714286 0.00713266761769 7.631573 0.0056657223796
0.714285714286 0.00713266761769 7.631573 0.0056657223796
0.75 0.00855920114123 7.429438 0.0056657223796
0.75 0.00855920114123 7.429438 0.0056657223796
0.777777777778 0.00998573466476 7.306724 0.0056657223796
0.777777777778 0.00998573466476 7.306724 0.0056657223796
0.8 0.0114122681883 7.265501 0.0056657223796
0.8 0.0114122681883 7.265501 0.0056657223796
0.818181818182 0.0128388017118 7.169322 0.0056657223796
0.818181818182 0.0128388017118 7.169322 0.0056657223796
0.833333333333 0.0142653352354 7.120998 0.0056657223796
0.769230769231 0.0142653352354 7.054623 0.00849858356941
0.785714285714 0.0156918687589 7.026341 0.00849858356941
0.785714285714 0.0156918687589 7.026341 0.00849858356941
0.8 0.0171184022825 6.927991 0.00849858356941
0.8 0.0171184022825 6.927991 0.00849858356941
0.8125 0.018544935806 6.927792 0.00849858356941
0.8125 0.018544935806 6.927792 0.00849858356941
0.823529411765 0.0199714693295 6.88369 0.00849858356941
0.777777777778 0.0199714693295 6.867106 0.0113314447592
0.789473684211 0.0213980028531 6.853734 0.0113314447592
0.789473684211 0.0213980028531 6.853734 0.0113314447592
0.8 0.0228245363766 6.838041 0.0113314447592
0.8 0.0228245363766 6.838041 0.0113314447592
0.809523809524 0.0242510699001 6.820295 0.0113314447592
0.809523809524 0.0242510699001 6.820295 0.0113314447592
0.818181818182 0.0256776034237 6.819952 0.0113314447592
0.818181818182 0.0256776034237 6.819952 0.0113314447592
0.826086956522 0.0271041369472 6.754408 0.0113314447592
0.826086956522 0.0271041369472 6.754408 0.0113314447592
0.833333333333 0.0285306704708 6.715129 0.0113314447592
0.833333333333 0.0285306704708 6.715129 0.0113314447592
0.84 0.0299572039943 6.694112 0.0113314447592
0.777777777778 0.0299572039943 6.623291 0.0169971671388
0.785714285714 0.0313837375178 6.579891 0.0169971671388
0.785714285714 0.0313837375178 6.579891 0.0169971671388
0.793103448276 0.0328102710414 6.569338 0.0169971671388
0.793103448276 0.0328102710414 6.569338 0.0169971671388
0.8 0.0342368045649 6.525265 0.0169971671388
0.685714285714 0.0342368045649 6.309093 0.0311614730878
0.694444444444 0.0356633380884 6.301183 0.0311614730878
0.694444444444 0.0356633380884 6.301183 0.0311614730878
0.702702702703 0.037089871612 6.275738 0.0311614730878
0.702702702703 0.037089871612 6.275738 0.0311614730878
0.710526315789 0.0385164051355 6.264064 0.0311614730878
0.710526315789 0.0385164051355 6.264064 0.0311614730878
0.717948717949 0.0399429386591 6.215609 0.0311614730878
0.7 0.0399429386591 6.200216 0.0339943342776
0.707317073171 0.0413694721826 6.174925 0.0339943342776
0.690476190476 0.0413694721826 6.163859 0.0368271954674
0.697674418605 0.0427960057061 6.160213 0.0368271954674
0.681818181818 0.0427960057061 6.125929 0.0396600566572
0.688888888889 0.0442225392297 6.078082 0.0396600566572
0.688888888889 0.0442225392297 6.078082 0.0396600566572
0.695652173913 0.0456490727532 6.062234 0.0396600566572
0.627450980392 0.0456490727532 5.925453 0.0538243626062
0.634615384615 0.0470756062767 5.924083 0.0538243626062
0.634615384615 0.0470756062767 5.924083 0.0538243626062
0.641509433962 0.0485021398003 5.921857 0.0538243626062
0.641509433962 0.0485021398003 5.921857 0.0538243626062
0.648148148148 0.0499286733238 5.89049 0.0538243626062
0.625 0.0499286733238 5.714592 0.0594900849858
0.631578947368 0.0513552068474 5.713117 0.0594900849858
0.631578947368 0.0513552068474 5.713117 0.0594900849858
0.637931034483 0.0527817403709 5.698773 0.0594900849858
0.637931034483 0.0527817403709 5.698773 0.0594900849858
0.64406779661 0.0542082738944 5.664172 0.0594900849858
0.633333333333 0.0542082738944 5.639139 0.0623229461756
0.639344262295 0.055634807418 5.613279 0.0623229461756
0.619047619048 0.055634807418 5.584152 0.0679886685552
0.625 0.0570613409415 5.569173 0.0679886685552
0.625 0.0570613409415 5.569173 0.0679886685552
0.630769230769 0.058487874465 5.556247 0.0679886685552
0.630769230769 0.058487874465 5.556247 0.0679886685552
0.636363636364 0.0599144079886 5.519788 0.0679886685552
0.626865671642 0.0599144079886 5.511866 0.070821529745
0.632352941176 0.0613409415121 5.458563 0.070821529745
0.632352941176 0.0613409415121 5.458563 0.070821529745
0.63768115942 0.0627674750357 5.409906 0.070821529745
0.63768115942 0.0627674750357 5.409906 0.070821529745
0.642857142857 0.0641940085592 5.389546 0.070821529745
0.642857142857 0.0641940085592 5.389546 0.070821529745
0.647887323944 0.0656205420827 5.377635 0.070821529745
0.613333333333 0.0656205420827 5.25569 0.0821529745042
0.618421052632 0.0670470756063 5.245121 0.0821529745042
0.618421052632 0.0670470756063 5.245121 0.0821529745042
0.623376623377 0.0684736091298 5.242216 0.0821529745042
0.623376623377 0.0684736091298 5.242216 0.0821529745042
0.628205128205 0.0699001426534 5.233159 0.0821529745042
0.628205128205 0.0699001426534 5.233159 0.0821529745042
0.632911392405 0.0713266761769 5.203891 0.0821529745042
0.632911392405 0.0713266761769 5.203891 0.0821529745042
0.6375 0.0727532097004 5.168798 0.0821529745042
0.62962962963 0.0727532097004 5.168108 0.0849858356941
0.634146341463 0.074179743224 5.147794 0.0849858356941
0.634146341463 0.074179743224 5.147794 0.0849858356941
0.638554216867 0.0756062767475 5.102046 0.0849858356941
0.638554216867 0.0756062767475 5.102046 0.0849858356941
0.642857142857 0.077032810271 5.099552 0.0849858356941
0.642857142857 0.077032810271 5.099552 0.0849858356941
0.647058823529 0.0784593437946 5.079845 0.0849858356941
0.639534883721 0.0784593437946 5.036397 0.0878186968839
0.64367816092 0.0798858773181 5.008893 0.0878186968839
0.64367816092 0.0798858773181 5.008893 0.0878186968839
0.647727272727 0.0813124108417 5.000833 0.0878186968839
0.640449438202 0.0813124108417 4.985476 0.0906515580737
0.644444444444 0.0827389443652 4.973387 0.0906515580737
0.644444444444 0.0827389443652 4.973387 0.0906515580737
0.648351648352 0.0841654778887 4.96643 0.0906515580737
0.648351648352 0.0841654778887 4.96643 0.0906515580737
0.652173913043 0.0855920114123 4.966287 0.0906515580737
0.652173913043 0.0855920114123 4.966287 0.0906515580737
0.655913978495 0.0870185449358 4.948026 0.0906515580737
0.655913978495 0.0870185449358 4.948026 0.0906515580737
0.659574468085 0.0884450784593 4.939819 0.0906515580737
0.645833333333 0.0884450784593 4.934893 0.0963172804533
0.649484536082 0.0898716119829 4.913683 0.0963172804533
0.649484536082 0.0898716119829 4.913683 0.0963172804533
0.65306122449 0.0912981455064 4.9127 0.0963172804533
0.646464646465 0.0912981455064 4.903356 0.0991501416431
0.65 0.09272467903 4.866752 0.0991501416431
0.643564356436 0.09272467903 4.858504 0.101983002833
0.647058823529 0.0941512125535 4.826434 0.101983002833
0.647058823529 0.0941512125535 4.826434 0.101983002833
0.650485436893 0.095577746077 4.825532 0.101983002833
0.650485436893 0.095577746077 4.825532 0.101983002833
0.653846153846 0.0970042796006 4.822018 0.101983002833
0.647619047619 0.0970042796006 4.79368 0.104815864023
0.650943396226 0.0984308131241 4.789999 0.104815864023
0.644859813084 0.0984308131241 4.784144 0.107648725212
0.648148148148 0.0998573466476 4.780082 0.107648725212
0.648148148148 0.0998573466476 4.780082 0.107648725212
0.651376146789 0.101283880171 4.754395 0.107648725212
0.651376146789 0.101283880171 4.754395 0.107648725212
0.654545454545 0.102710413695 4.729172 0.107648725212
0.654545454545 0.102710413695 4.729172 0.107648725212
0.657657657658 0.104136947218 4.698244 0.107648725212
0.657657657658 0.104136947218 4.698244 0.107648725212
0.660714285714 0.105563480742 4.684259 0.107648725212
0.637931034483 0.105563480742 4.610162 0.118980169972
0.641025641026 0.106990014265 4.607058 0.118980169972
0.641025641026 0.106990014265 4.607058 0.118980169972
0.64406779661 0.108416547789 4.603642 0.118980169972
0.64406779661 0.108416547789 4.603642 0.118980169972
0.647058823529 0.109843081312 4.571564 0.118980169972
0.641666666667 0.109843081312 4.557489 0.121813031161
0.644628099174 0.111269614836 4.55169 0.121813031161
0.639344262295 0.111269614836 4.541822 0.124645892351
0.642276422764 0.112696148359 4.531182 0.124645892351
0.622047244094 0.112696148359 4.485847 0.13597733711
0.625 0.114122681883 4.483235 0.13597733711
0.62015503876 0.114122681883 4.482715 0.1388101983
0.623076923077 0.115549215407 4.481683 0.1388101983
0.623076923077 0.115549215407 4.481683 0.1388101983
0.625954198473 0.11697574893 4.472391 0.1388101983
0.621212121212 0.11697574893 4.469169 0.14164305949
0.624060150376 0.118402282454 4.442086 0.14164305949
0.624060150376 0.118402282454 4.442086 0.14164305949
0.626865671642 0.119828815977 4.436486 0.14164305949
0.626865671642 0.119828815977 4.436486 0.14164305949
0.62962962963 0.121255349501 4.429556 0.14164305949
0.625 0.121255349501 4.427176 0.14447592068
0.627737226277 0.122681883024 4.386991 0.14447592068
0.623188405797 0.122681883024 4.366083 0.14730878187
0.625899280576 0.124108416548 4.3345 0.14730878187
0.621428571429 0.124108416548 4.300252 0.150141643059
0.624113475177 0.125534950071 4.29415 0.150141643059
0.619718309859 0.125534950071 4.293428 0.152974504249
0.622377622378 0.126961483595 4.264002 0.152974504249
0.613793103448 0.126961483595 4.220243 0.158640226629
0.616438356164 0.128388017118 4.218696 0.158640226629
0.616438356164 0.128388017118 4.218696 0.158640226629
0.619047619048 0.129814550642 4.200051 0.158640226629
0.610738255034 0.129814550642 4.191644 0.164305949008
0.613333333333 0.131241084165 4.179652 0.164305949008
0.613333333333 0.131241084165 4.179652 0.164305949008
0.615894039735 0.132667617689 4.179008 0.164305949008
0.615894039735 0.132667617689 4.179008 0.164305949008
0.618421052632 0.134094151213 4.174846 0.164305949008
0.618421052632 0.134094151213 4.174846 0.164305949008
0.62091503268 0.135520684736 4.169801 0.164305949008
0.62091503268 0.135520684736 4.169801 0.164305949008
0.623376623377 0.13694721826 4.166126 0.164305949008
0.61935483871 0.13694721826 4.157021 0.167138810198
0.621794871795 0.138373751783 4.156247 0.167138810198
0.617834394904 0.138373751783 4.151874 0.169971671388
0.620253164557 0.139800285307 4.145245 0.169971671388
0.6125 0.139800285307 4.131935 0.175637393768
0.614906832298 0.14122681883 4.111568 0.175637393768
0.614906832298 0.14122681883 4.111568 0.175637393768
0.617283950617 0.142653352354 4.104737 0.175637393768
0.617283950617 0.142653352354 4.104737 0.175637393768
0.61963190184 0.144079885877 4.094247 0.175637393768
0.60843373494 0.144079885877 4.072255 0.184135977337
0.610778443114 0.145506419401 4.04777 0.184135977337
0.607142857143 0.145506419401 4.044708 0.186968838527
0.609467455621 0.146932952924 4.008842 0.186968838527
0.598837209302 0.146932952924 3.970141 0.195467422096
0.601156069364 0.148359486448 3.96266 0.195467422096
0.597701149425 0.148359486448 3.948783 0.198300283286
0.6 0.149786019971 3.914868 0.198300283286
0.6 0.149786019971 3.914868 0.198300283286
0.602272727273 0.151212553495 3.913489 0.198300283286
0.598870056497 0.151212553495 3.899552 0.201133144476
0.601123595506 0.152639087019 3.895193 0.201133144476
0.601123595506 0.152639087019 3.895193 0.201133144476
0.603351955307 0.154065620542 3.876564 0.201133144476
0.603351955307 0.154065620542 3.876564 0.201133144476
0.605555555556 0.155492154066 3.852924 0.201133144476
0.605555555556 0.155492154066 3.852924 0.201133144476
0.60773480663 0.156918687589 3.831802 0.201133144476
0.604395604396 0.156918687589 3.830345 0.203966005666
0.606557377049 0.158345221113 3.818944 0.203966005666
0.606557377049 0.158345221113 3.818944 0.203966005666
0.608695652174 0.159771754636 3.816511 0.203966005666
0.608695652174 0.159771754636 3.816511 0.203966005666
0.610810810811 0.16119828816 3.762638 0.203966005666
0.604278074866 0.16119828816 3.760228 0.209631728045
0.606382978723 0.162624821683 3.760075 0.209631728045
0.606382978723 0.162624821683 3.760075 0.209631728045
0.608465608466 0.164051355207 3.758694 0.209631728045
0.608465608466 0.164051355207 3.758694 0.209631728045
0.610526315789 0.16547788873 3.728731 0.209631728045
0.610526315789 0.16547788873 3.728731 0.209631728045
0.612565445026 0.166904422254 3.714168 0.209631728045
0.612565445026 0.166904422254 3.714168 0.209631728045
0.614583333333 0.168330955777 3.695908 0.209631728045
0.614583333333 0.168330955777 3.695908 0.209631728045
0.616580310881 0.169757489301 3.66636 0.209631728045
0.616580310881 0.169757489301 3.66636 0.209631728045
0.618556701031 0.171184022825 3.663747 0.209631728045
0.615384615385 0.171184022825 3.659433 0.212464589235
0.617346938776 0.172610556348 3.650715 0.212464589235
0.61421319797 0.172610556348 3.647853 0.215297450425
0.616161616162 0.174037089872 3.628001 0.215297450425
0.616161616162 0.174037089872 3.628001 0.215297450425
0.618090452261 0.175463623395 3.624305 0.215297450425
0.615 0.175463623395 3.610098 0.218130311615
0.616915422886 0.176890156919 3.585657 0.218130311615
0.610837438424 0.176890156919 3.578039 0.223796033994
0.612745098039 0.178316690442 3.574307 0.223796033994
0.609756097561 0.178316690442 3.571242 0.226628895184
0.611650485437 0.179743223966 3.564077 0.226628895184
0.608695652174 0.179743223966 3.552044 0.229461756374
0.610576923077 0.181169757489 3.541996 0.229461756374
0.610576923077 0.181169757489 3.541996 0.229461756374
0.612440191388 0.182596291013 3.524103 0.229461756374
0.612440191388 0.182596291013 3.524103 0.229461756374
0.614285714286 0.184022824536 3.521713 0.229461756374
0.611374407583 0.184022824536 3.52123 0.232294617564
0.61320754717 0.18544935806 3.510896 0.232294617564
0.61320754717 0.18544935806 3.510896 0.232294617564
0.615023474178 0.186875891583 3.499649 0.232294617564
0.609302325581 0.186875891583 3.451202 0.237960339943
0.611111111111 0.188302425107 3.434595 0.237960339943
0.611111111111 0.188302425107 3.434595 0.237960339943
0.612903225806 0.189728958631 3.432423 0.237960339943
0.612903225806 0.189728958631 3.432423 0.237960339943
0.614678899083 0.191155492154 3.409718 0.237960339943
0.606334841629 0.191155492154 3.371581 0.246458923513
0.608108108108 0.192582025678 3.360718 0.246458923513
0.605381165919 0.192582025678 3.329888 0.249291784703
0.607142857143 0.194008559201 3.319111 0.249291784703
0.601769911504 0.194008559201 3.308936 0.254957507082
0.603524229075 0.195435092725 3.304719 0.254957507082
0.603524229075 0.195435092725 3.304719 0.254957507082
0.605263157895 0.196861626248 3.291627 0.254957507082
0.602620087336 0.196861626248 3.273186 0.257790368272
0.604347826087 0.198288159772 3.271053 0.257790368272
0.604347826087 0.198288159772 3.271053 0.257790368272
0.606060606061 0.199714693295 3.265382 0.257790368272
0.606060606061 0.199714693295 3.265382 0.257790368272
0.60775862069 0.201141226819 3.264396 0.257790368272
0.605150214592 0.201141226819 3.261476 0.260623229462
0.606837606838 0.202567760342 3.243513 0.260623229462
0.604255319149 0.202567760342 3.225945 0.263456090652
0.60593220339 0.203994293866 3.193552 0.263456090652
0.60593220339 0.203994293866 3.193552 0.263456090652
0.607594936709 0.205420827389 3.189484 0.263456090652
0.607594936709 0.205420827389 3.189484 0.263456090652
0.609243697479 0.206847360913 3.175171 0.263456090652
0.606694560669 0.206847360913 3.151723 0.266288951841
0.608333333333 0.208273894437 3.127173 0.266288951841
0.608333333333 0.208273894437 3.127173 0.266288951841
0.609958506224 0.20970042796 3.115583 0.266288951841
0.607438016529 0.20970042796 3.097794 0.269121813031
0.609053497942 0.211126961484 3.095978 0.269121813031
0.604081632653 0.211126961484 3.075768 0.274787535411
0.605691056911 0.212553495007 3.074826 0.274787535411
0.605691056911 0.212553495007 3.074826 0.274787535411
0.607287449393 0.213980028531 3.073452 0.274787535411
0.602409638554 0.213980028531 3.04796 0.28045325779
0.604 0.215406562054 3.036416 0.28045325779
0.599206349206 0.215406562054 3.01524 0.28611898017
0.600790513834 0.216833095578 3.003992 0.28611898017
0.600790513834 0.216833095578 3.003992 0.28611898017
0.602362204724 0.218259629101 3.001499 0.28611898017
0.6 0.218259629101 2.978764 0.28895184136
0.6015625 0.219686162625 2.932136 0.28895184136
0.594594594595 0.219686162625 2.858181 0.297450424929
0.596153846154 0.221112696148 2.846096 0.297450424929
0.596153846154 0.221112696148 2.846096 0.297450424929
0.597701149425 0.222539229672 2.824731 0.297450424929
0.597701149425 0.222539229672 2.824731 0.297450424929
0.599236641221 0.223965763195 2.810969 0.297450424929
0.596958174905 0.223965763195 2.807284 0.300283286119
0.598484848485 0.225392296719 2.80529 0.300283286119
0.598484848485 0.225392296719 2.80529 0.300283286119
0.6 0.226818830243 2.802631 0.300283286119
0.597744360902 0.226818830243 2.726288 0.303116147309
0.59925093633 0.228245363766 2.721851 0.303116147309
0.59925093633 0.228245363766 2.721851 0.303116147309
0.600746268657 0.22967189729 2.7012 0.303116147309
0.600746268657 0.22967189729 2.7012 0.303116147309
0.602230483271 0.231098430813 2.689281 0.303116147309
0.595588235294 0.231098430813 2.666962 0.311614730878
0.59706959707 0.232524964337 2.657122 0.311614730878
0.59706959707 0.232524964337 2.657122 0.311614730878
0.598540145985 0.23395149786 2.649688 0.311614730878
0.598540145985 0.23395149786 2.649688 0.311614730878
0.6 0.235378031384 2.633408 0.311614730878
0.595667870036 0.235378031384 2.561568 0.317280453258
0.597122302158 0.236804564907 2.548587 0.317280453258
0.58865248227 0.236804564907 2.524745 0.328611898017
0.590106007067 0.238231098431 2.523328 0.328611898017
0.590106007067 0.238231098431 2.523328 0.328611898017
0.591549295775 0.239657631954 2.480279 0.328611898017
0.591549295775 0.239657631954 2.480279 0.328611898017
0.59298245614 0.241084165478 2.470288 0.328611898017
0.584775086505 0.241084165478 2.426945 0.339943342776
0.586206896552 0.242510699001 2.426105 0.339943342776
0.580204778157 0.242510699001 2.382278 0.348441926346
0.581632653061 0.243937232525 2.358442 0.348441926346
0.581632653061 0.243937232525 2.358442 0.348441926346
0.583050847458 0.245363766049 2.351674 0.348441926346
0.581081081081 0.245363766049 2.327783 0.351274787535
0.582491582492 0.246790299572 2.320728 0.351274787535
0.582491582492 0.246790299572 2.320728 0.351274787535
0.58389261745 0.248216833096 2.315298 0.351274787535
0.56862745098 0.248216833096 2.161647 0.373937677054
0.57003257329 0.249643366619 2.160236 0.373937677054
0.557324840764 0.249643366619 1.944409 0.393767705382
0.55873015873 0.251069900143 1.927867 0.393767705382
0.556962025316 0.251069900143 1.923705 0.396600566572
0.558359621451 0.252496433666 1.914409 0.396600566572
0.556603773585 0.252496433666 1.91305 0.399433427762
0.557993730408 0.25392296719 1.909716 0.399433427762
0.55625 0.25392296719 1.889822 0.402266288952
0.557632398754 0.255349500713 1.880807 0.402266288952
0.552469135802 0.255349500713 1.784609 0.410764872521
0.553846153846 0.256776034237 1.779575 0.410764872521
0.550458715596 0.256776034237 1.727718 0.416430594901
0.551829268293 0.25820256776 1.684914 0.416430594901
0.546827794562 0.25820256776 1.623576 0.42492917847
0.548192771084 0.259629101284 1.621614 0.42492917847
0.548192771084 0.259629101284 1.621614 0.42492917847
0.54954954955 0.261055634807 1.586924 0.42492917847
0.54954954955 0.261055634807 1.586924 0.42492917847
0.550898203593 0.262482168331 1.584166 0.42492917847
0.538011695906 0.262482168331 1.287839 0.447592067989
0.539358600583 0.263908701854 1.254069 0.447592067989
0.539358600583 0.263908701854 1.254069 0.447592067989
0.540697674419 0.265335235378 1.243266 0.447592067989
0.529914529915 0.265335235378 0.47218 0.467422096317
0.528409090909 0.265335235378 0.218609 0.470254957507
