1.0 0.0 inf 0.0
1.0 0.00142653352354 9.013265 0.0
1.0 0.00142653352354 9.013265 0.0
1.0 0.00285306704708 8.574587 0.0
1.0 0.00285306704708 8.574587 0.0
1.0 0.00427960057061 8.219538 0.0
1.0 0.00427960057061 8.219538 0.0
1.0 0.00570613409415 8.075639 0.0
1.0 0.00570613409415 8.075639 0.0
1.0 0.00713266761769 8.014846 0.0
1.0 0.00713266761769 8.014846 0.0
1.0 0.00855920114123 7.796017 0.0
1.0 0.00855920114123 7.796017 0.0
1.0 0.00998573466476 7.631573 0.0
1.0 0.00998573466476 7.631573 0.0
1.0 0.0114122681883 7.429438 0.0
1.0 0.0114122681883 7.429438 0.0
1.0 0.0128388017118 7.306724 0.0
1.0 0.0128388017118 7.306724 0.0
1.0 0.0142653352354 7.265501 0.0
1.0 0.0142653352354 7.265501 0.0
1.0 0.0156918687589 7.169322 0.0
1.0 0.0156918687589 7.169322 0.0
1.0 0.0171184022825 7.120998 0.0
1.0 0.0171184022825 7.120998 0.0
1.0 0.018544935806 7.054623 0.0
1.0 0.018544935806 7.054623 0.0
1.0 0.0199714693295 7.026341 0.0
1.0 0.0199714693295 7.026341 0.0
1.0 0.0213980028531 6.927991 0.0
1.0 0.0213980028531 6.927991 0.0
1.0 0.0228245363766 6.927792 0.0
1.0 0.0228245363766 6.927792 0.0
1.0 0.0242510699001 6.88369 0.0
0.944444444444 0.0242510699001 6.867106 0.0028328611898
0.947368421053 0.0256776034237 6.853734 0.0028328611898
0.947368421053 0.0256776034237 6.853734 0.0028328611898
0.95 0.0271041369472 6.838041 0.0028328611898
0.95 0.0271041369472 6.838041 0.0028328611898
0.952380952381 0.0285306704708 6.820295 0.0028328611898
0.952380952381 0.0285306704708 6.820295 0.0028328611898
0.954545454545 0.0299572039943 6.819952 0.0028328611898
0.954545454545 0.0299572039943 6.819952 0.0028328611898
0.95652173913 0.0313837375178 6.754408 0.0028328611898
0.95652173913 0.0313837375178 6.754408 0.0028328611898
0.958333333333 0.0328102710414 6.715129 0.0028328611898
0.958333333333 0.0328102710414 6.715129 0.0028328611898
0.96 0.0342368045649 6.694112 0.0028328611898
0.96 0.0342368045649 6.694112 0.0028328611898
0.961538461538 0.0356633380884 6.642405 0.0028328611898
0.961538461538 0.0356633380884 6.642405 0.0028328611898
0.962962962963 0.037089871612 6.623291 0.0028328611898
0.962962962963 0.037089871612 6.623291 0.0028328611898
0.964285714286 0.0385164051355 6.579891 0.0028328611898
0.964285714286 0.0385164051355 6.579891 0.0028328611898
0.965517241379 0.0399429386591 6.569338 0.0028328611898
0.965517241379 0.0399429386591 6.569338 0.0028328611898
0.966666666667 0.0413694721826 6.525265 0.0028328611898
0.966666666667 0.0413694721826 6.525265 0.0028328611898
0.967741935484 0.0427960057061 6.472153 0.0028328611898
0.967741935484 0.0427960057061 6.472153 0.0028328611898
0.96875 0.0442225392297 6.445805 0.0028328611898
0.911764705882 0.0442225392297 6.417323 0.00849858356941
0.914285714286 0.0456490727532 6.309093 0.00849858356941
0.914285714286 0.0456490727532 6.309093 0.00849858356941
0.916666666667 0.0470756062767 6.301183 0.00849858356941
0.916666666667 0.0470756062767 6.301183 0.00849858356941
0.918918918919 0.0485021398003 6.275738 0.00849858356941
0.918918918919 0.0485021398003 6.275738 0.00849858356941
0.921052631579 0.0499286733238 6.264064 0.00849858356941
0.921052631579 0.0499286733238 6.264064 0.00849858356941
0.923076923077 0.0513552068474 6.215609 0.00849858356941
0.923076923077 0.0513552068474 6.215609 0.00849858356941
0.925 0.0527817403709 6.200216 0.00849858356941
0.925 0.0527817403709 6.200216 0.00849858356941
0.926829268293 0.0542082738944 6.174925 0.00849858356941
0.926829268293 0.0542082738944 6.174925 0.00849858356941
0.928571428571 0.055634807418 6.163859 0.00849858356941
0.928571428571 0.055634807418 6.163859 0.00849858356941
0.93023255814 0.0570613409415 6.160213 0.00849858356941
0.909090909091 0.0570613409415 6.125929 0.0113314447592
0.911111111111 0.058487874465 6.078082 0.0113314447592
0.911111111111 0.058487874465 6.078082 0.0113314447592
0.913043478261 0.0599144079886 6.062234 0.0113314447592
0.857142857143 0.0599144079886 5.974804 0.0198300283286
0.86 0.0613409415121 5.964782 0.0198300283286
0.843137254902 0.0613409415121 5.925453 0.0226628895184
0.846153846154 0.0627674750357 5.924083 0.0226628895184
0.846153846154 0.0627674750357 5.924083 0.0226628895184
0.849056603774 0.0641940085592 5.921857 0.0226628895184
0.849056603774 0.0641940085592 5.921857 0.0226628895184
0.851851851852 0.0656205420827 5.89049 0.0226628895184
0.821428571429 0.0656205420827 5.714592 0.028328611898
0.824561403509 0.0670470756063 5.713117 0.028328611898
0.824561403509 0.0670470756063 5.713117 0.028328611898
0.827586206897 0.0684736091298 5.698773 0.028328611898
0.827586206897 0.0684736091298 5.698773 0.028328611898
0.830508474576 0.0699001426534 5.664172 0.028328611898
0.816666666667 0.0699001426534 5.639139 0.0311614730878
0.819672131148 0.0713266761769 5.613279 0.0311614730878
0.819672131148 0.0713266761769 5.613279 0.0311614730878
0.822580645161 0.0727532097004 5.593965 0.0311614730878
0.809523809524 0.0727532097004 5.584152 0.0339943342776
0.8125 0.074179743224 5.569173 0.0339943342776
0.8125 0.074179743224 5.569173 0.0339943342776
0.815384615385 0.0756062767475 5.556247 0.0339943342776
0.815384615385 0.0756062767475 5.556247 0.0339943342776
0.818181818182 0.077032810271 5.519788 0.0339943342776
0.818181818182 0.077032810271 5.519788 0.0339943342776
0.820895522388 0.0784593437946 5.511866 0.0339943342776
0.820895522388 0.0784593437946 5.511866 0.0339943342776
0.823529411765 0.0798858773181 5.458563 0.0339943342776
0.823529411765 0.0798858773181 5.458563 0.0339943342776
0.826086956522 0.0813124108417 5.409906 0.0339943342776
0.826086956522 0.0813124108417 5.409906 0.0339943342776
0.828571428571 0.0827389443652 5.389546 0.0339943342776
0.828571428571 0.0827389443652 5.389546 0.0339943342776
0.830985915493 0.0841654778887 5.377635 0.0339943342776
0.830985915493 0.0841654778887 5.377635 0.0339943342776
0.833333333333 0.0855920114123 5.369704 0.0339943342776
0.821917808219 0.0855920114123 5.36331 0.0368271954674
0.824324324324 0.0870185449358 5.305315 0.0368271954674
0.813333333333 0.0870185449358 5.25569 0.0396600566572
0.815789473684 0.0884450784593 5.245121 0.0396600566572
0.815789473684 0.0884450784593 5.245121 0.0396600566572
0.818181818182 0.0898716119829 5.242216 0.0396600566572
0.818181818182 0.0898716119829 5.242216 0.0396600566572
0.820512820513 0.0912981455064 5.233159 0.0396600566572
0.820512820513 0.0912981455064 5.233159 0.0396600566572
0.822784810127 0.09272467903 5.203891 0.0396600566572
0.822784810127 0.09272467903 5.203891 0.0396600566572
0.825 0.0941512125535 5.168798 0.0396600566572
0.814814814815 0.0941512125535 5.168108 0.042492917847
0.817073170732 0.095577746077 5.147794 0.042492917847
0.817073170732 0.095577746077 5.147794 0.042492917847
0.819277108434 0.0970042796006 5.102046 0.042492917847
0.819277108434 0.0970042796006 5.102046 0.042492917847
0.821428571429 0.0984308131241 5.099552 0.042492917847
0.821428571429 0.0984308131241 5.099552 0.042492917847
0.823529411765 0.0998573466476 5.079845 0.042492917847
0.823529411765 0.0998573466476 5.079845 0.042492917847
0.825581395349 0.101283880171 5.036397 0.042492917847
0.825581395349 0.101283880171 5.036397 0.042492917847
0.827586206897 0.102710413695 5.008893 0.042492917847
0.827586206897 0.102710413695 5.008893 0.042492917847
0.829545454545 0.104136947218 5.000833 0.042492917847
0.820224719101 0.104136947218 4.985476 0.0453257790368
0.822222222222 0.105563480742 4.973387 0.0453257790368
0.822222222222 0.105563480742 4.973387 0.0453257790368
0.824175824176 0.106990014265 4.96643 0.0453257790368
0.824175824176 0.106990014265 4.96643 0.0453257790368
0.826086956522 0.108416547789 4.966287 0.0453257790368
0.826086956522 0.108416547789 4.966287 0.0453257790368
0.827956989247 0.109843081312 4.948026 0.0453257790368
0.827956989247 0.109843081312 4.948026 0.0453257790368
0.829787234043 0.111269614836 4.939819 0.0453257790368
0.821052631579 0.111269614836 4.938028 0.0481586402266
0.822916666667 0.112696148359 4.934893 0.0481586402266
0.822916666667 0.112696148359 4.934893 0.0481586402266
0.824742268041 0.114122681883 4.913683 0.0481586402266
0.824742268041 0.114122681883 4.913683 0.0481586402266
0.826530612245 0.115549215407 4.9127 0.0481586402266
0.818181818182 0.115549215407 4.903356 0.0509915014164
0.82 0.11697574893 4.866752 0.0509915014164
0.82 0.11697574893 4.866752 0.0509915014164
0.821782178218 0.118402282454 4.858504 0.0509915014164
0.821782178218 0.118402282454 4.858504 0.0509915014164
0.823529411765 0.119828815977 4.826434 0.0509915014164
0.823529411765 0.119828815977 4.826434 0.0509915014164
0.825242718447 0.121255349501 4.825532 0.0509915014164
0.825242718447 0.121255349501 4.825532 0.0509915014164
0.826923076923 0.122681883024 4.822018 0.0509915014164
0.819047619048 0.122681883024 4.79368 0.0538243626062
0.820754716981 0.124108416548 4.789999 0.0538243626062
0.820754716981 0.124108416548 4.789999 0.0538243626062
0.822429906542 0.125534950071 4.784144 0.0538243626062
0.822429906542 0.125534950071 4.784144 0.0538243626062
0.824074074074 0.126961483595 4.780082 0.0538243626062
0.824074074074 0.126961483595 4.780082 0.0538243626062
0.825688073394 0.128388017118 4.754395 0.0538243626062
0.825688073394 0.128388017118 4.754395 0.0538243626062
0.827272727273 0.129814550642 4.729172 0.0538243626062
0.827272727273 0.129814550642 4.729172 0.0538243626062
0.828828828829 0.131241084165 4.698244 0.0538243626062
0.828828828829 0.131241084165 4.698244 0.0538243626062
0.830357142857 0.132667617689 4.684259 0.0538243626062
0.830357142857 0.132667617689 4.684259 0.0538243626062
0.83185840708 0.134094151213 4.677485 0.0538243626062
0.83185840708 0.134094151213 4.677485 0.0538243626062
0.833333333333 0.135520684736 4.668913 0.0538243626062
0.833333333333 0.135520684736 4.668913 0.0538243626062
0.834782608696 0.13694721826 4.64997 0.0538243626062
0.834782608696 0.13694721826 4.64997 0.0538243626062
0.836206896552 0.138373751783 4.610162 0.0538243626062
0.836206896552 0.138373751783 4.610162 0.0538243626062
0.837606837607 0.139800285307 4.607058 0.0538243626062
0.837606837607 0.139800285307 4.607058 0.0538243626062
0.838983050847 0.14122681883 4.603642 0.0538243626062
0.838983050847 0.14122681883 4.603642 0.0538243626062
0.840336134454 0.142653352354 4.571564 0.0538243626062
0.833333333333 0.142653352354 4.557489 0.056657223796
0.834710743802 0.144079885877 4.55169 0.056657223796
0.827868852459 0.144079885877 4.541822 0.0594900849858
0.829268292683 0.145506419401 4.531182 0.0594900849858
0.829268292683 0.145506419401 4.531182 0.0594900849858
0.83064516129 0.146932952924 4.528129 0.0594900849858
0.83064516129 0.146932952924 4.528129 0.0594900849858
0.832 0.148359486448 4.522827 0.0594900849858
0.818897637795 0.148359486448 4.485847 0.0651558073654
0.8203125 0.149786019971 4.483235 0.0651558073654
0.8203125 0.149786019971 4.483235 0.0651558073654
0.821705426357 0.151212553495 4.482715 0.0651558073654
0.821705426357 0.151212553495 4.482715 0.0651558073654
0.823076923077 0.152639087019 4.481683 0.0651558073654
0.823076923077 0.152639087019 4.481683 0.0651558073654
0.824427480916 0.154065620542 4.472391 0.0651558073654
0.824427480916 0.154065620542 4.472391 0.0651558073654
0.825757575758 0.155492154066 4.469169 0.0651558073654
0.825757575758 0.155492154066 4.469169 0.0651558073654
0.827067669173 0.156918687589 4.442086 0.0651558073654
0.827067669173 0.156918687589 4.442086 0.0651558073654
0.828358208955 0.158345221113 4.436486 0.0651558073654
0.828358208955 0.158345221113 4.436486 0.0651558073654
0.82962962963 0.159771754636 4.429556 0.0651558073654
0.823529411765 0.159771754636 4.427176 0.0679886685552
0.824817518248 0.16119828816 4.386991 0.0679886685552
0.824817518248 0.16119828816 4.386991 0.0679886685552
0.826086956522 0.162624821683 4.366083 0.0679886685552
0.826086956522 0.162624821683 4.366083 0.0679886685552
0.827338129496 0.164051355207 4.3345 0.0679886685552
0.827338129496 0.164051355207 4.3345 0.0679886685552
0.828571428571 0.16547788873 4.300252 0.0679886685552
0.828571428571 0.16547788873 4.300252 0.0679886685552
0.829787234043 0.166904422254 4.29415 0.0679886685552
0.829787234043 0.166904422254 4.29415 0.0679886685552
0.830985915493 0.168330955777 4.293428 0.0679886685552
0.830985915493 0.168330955777 4.293428 0.0679886685552
0.832167832168 0.169757489301 4.264002 0.0679886685552
0.832167832168 0.169757489301 4.264002 0.0679886685552
0.833333333333 0.171184022825 4.263315 0.0679886685552
0.833333333333 0.171184022825 4.263315 0.0679886685552
0.834482758621 0.172610556348 4.220243 0.0679886685552
0.834482758621 0.172610556348 4.220243 0.0679886685552
0.835616438356 0.174037089872 4.218696 0.0679886685552
0.835616438356 0.174037089872 4.218696 0.0679886685552
0.836734693878 0.175463623395 4.200051 0.0679886685552
0.836734693878 0.175463623395 4.200051 0.0679886685552
0.837837837838 0.176890156919 4.197954 0.0679886685552
0.837837837838 0.176890156919 4.197954 0.0679886685552
0.838926174497 0.178316690442 4.191644 0.0679886685552
0.838926174497 0.178316690442 4.191644 0.0679886685552
0.84 0.179743223966 4.179652 0.0679886685552
0.84 0.179743223966 4.179652 0.0679886685552
0.841059602649 0.181169757489 4.179008 0.0679886685552
0.841059602649 0.181169757489 4.179008 0.0679886685552
0.842105263158 0.182596291013 4.174846 0.0679886685552
0.842105263158 0.182596291013 4.174846 0.0679886685552
0.843137254902 0.184022824536 4.169801 0.0679886685552
0.843137254902 0.184022824536 4.169801 0.0679886685552
0.844155844156 0.18544935806 4.166126 0.0679886685552
0.844155844156 0.18544935806 4.166126 0.0679886685552
0.845161290323 0.186875891583 4.157021 0.0679886685552
0.845161290323 0.186875891583 4.157021 0.0679886685552
0.846153846154 0.188302425107 4.156247 0.0679886685552
0.846153846154 0.188302425107 4.156247 0.0679886685552
0.847133757962 0.189728958631 4.151874 0.0679886685552
0.847133757962 0.189728958631 4.151874 0.0679886685552
0.848101265823 0.191155492154 4.145245 0.0679886685552
0.842767295597 0.191155492154 4.134112 0.070821529745
0.84375 0.192582025678 4.131935 0.070821529745
0.84375 0.192582025678 4.131935 0.070821529745
0.844720496894 0.194008559201 4.111568 0.070821529745
0.844720496894 0.194008559201 4.111568 0.070821529745
0.845679012346 0.195435092725 4.104737 0.070821529745
0.845679012346 0.195435092725 4.104737 0.070821529745
0.846625766871 0.196861626248 4.094247 0.070821529745
0.846625766871 0.196861626248 4.094247 0.070821529745
0.84756097561 0.198288159772 4.090913 0.070821529745
0.83734939759 0.198288159772 4.072255 0.0764872521246
0.838323353293 0.199714693295 4.04777 0.0764872521246
0.833333333333 0.199714693295 4.044708 0.0793201133144
0.834319526627 0.201141226819 4.008842 0.0793201133144
0.829411764706 0.201141226819 4.001499 0.0821529745042
0.830409356725 0.202567760342 3.976405 0.0821529745042
0.830409356725 0.202567760342 3.976405 0.0821529745042
0.831395348837 0.203994293866 3.970141 0.0821529745042
0.831395348837 0.203994293866 3.970141 0.0821529745042
0.832369942197 0.205420827389 3.96266 0.0821529745042
0.827586206897 0.205420827389 3.948783 0.0849858356941
0.828571428571 0.206847360913 3.914868 0.0849858356941
0.828571428571 0.206847360913 3.914868 0.0849858356941
0.829545454545 0.208273894437 3.913489 0.0849858356941
0.829545454545 0.208273894437 3.913489 0.0849858356941
0.830508474576 0.20970042796 3.899552 0.0849858356941
0.830508474576 0.20970042796 3.899552 0.0849858356941
0.831460674157 0.211126961484 3.895193 0.0849858356941
0.831460674157 0.211126961484 3.895193 0.0849858356941
0.832402234637 0.212553495007 3.876564 0.0849858356941
0.832402234637 0.212553495007 3.876564 0.0849858356941
0.833333333333 0.213980028531 3.852924 0.0849858356941
0.833333333333 0.213980028531 3.852924 0.0849858356941
0.834254143646 0.215406562054 3.831802 0.0849858356941
0.834254143646 0.215406562054 3.831802 0.0849858356941
0.835164835165 0.216833095578 3.830345 0.0849858356941
0.835164835165 0.216833095578 3.830345 0.0849858356941
0.83606557377 0.218259629101 3.818944 0.0849858356941
0.83606557377 0.218259629101 3.818944 0.0849858356941
0.836956521739 0.219686162625 3.816511 0.0849858356941
0.836956521739 0.219686162625 3.816511 0.0849858356941
0.837837837838 0.221112696148 3.762638 0.0849858356941
0.837837837838 0.221112696148 3.762638 0.0849858356941
0.838709677419 0.222539229672 3.760677 0.0849858356941
0.83422459893 0.222539229672 3.760228 0.0878186968839
0.835106382979 0.223965763195 3.760075 0.0878186968839
0.835106382979 0.223965763195 3.760075 0.0878186968839
0.835978835979 0.225392296719 3.758694 0.0878186968839
0.835978835979 0.225392296719 3.758694 0.0878186968839
0.836842105263 0.226818830243 3.728731 0.0878186968839
0.836842105263 0.226818830243 3.728731 0.0878186968839
0.837696335079 0.228245363766 3.714168 0.0878186968839
0.837696335079 0.228245363766 3.714168 0.0878186968839
0.838541666667 0.22967189729 3.695908 0.0878186968839
0.838541666667 0.22967189729 3.695908 0.0878186968839
0.839378238342 0.231098430813 3.66636 0.0878186968839
0.839378238342 0.231098430813 3.66636 0.0878186968839
0.840206185567 0.232524964337 3.663747 0.0878186968839
0.840206185567 0.232524964337 3.663747 0.0878186968839
0.841025641026 0.23395149786 3.659433 0.0878186968839
0.841025641026 0.23395149786 3.659433 0.0878186968839
0.841836734694 0.235378031384 3.650715 0.0878186968839
0.841836734694 0.235378031384 3.650715 0.0878186968839
0.842639593909 0.236804564907 3.647853 0.0878186968839
0.842639593909 0.236804564907 3.647853 0.0878186968839
0.843434343434 0.238231098431 3.628001 0.0878186968839
0.843434343434 0.238231098431 3.628001 0.0878186968839
0.844221105528 0.239657631954 3.624305 0.0878186968839
0.844221105528 0.239657631954 3.624305 0.0878186968839
0.845 0.241084165478 3.610098 0.0878186968839
0.845 0.241084165478 3.610098 0.0878186968839
0.845771144279 0.242510699001 3.585657 0.0878186968839
0.837438423645 0.242510699001 3.578039 0.0934844192635
0.838235294118 0.243937232525 3.574307 0.0934844192635
0.838235294118 0.243937232525 3.574307 0.0934844192635
0.839024390244 0.245363766049 3.571242 0.0934844192635
0.839024390244 0.245363766049 3.571242 0.0934844192635
0.839805825243 0.246790299572 3.564077 0.0934844192635
0.839805825243 0.246790299572 3.564077 0.0934844192635
0.840579710145 0.248216833096 3.552044 0.0934844192635
0.840579710145 0.248216833096 3.552044 0.0934844192635
0.841346153846 0.249643366619 3.541996 0.0934844192635
0.841346153846 0.249643366619 3.541996 0.0934844192635
0.842105263158 0.251069900143 3.524103 0.0934844192635
0.842105263158 0.251069900143 3.524103 0.0934844192635
0.842857142857 0.252496433666 3.521713 0.0934844192635
0.842857142857 0.252496433666 3.521713 0.0934844192635
0.843601895735 0.25392296719 3.52123 0.0934844192635
0.843601895735 0.25392296719 3.52123 0.0934844192635
0.844339622642 0.255349500713 3.510896 0.0934844192635
0.844339622642 0.255349500713 3.510896 0.0934844192635
0.845070422535 0.256776034237 3.499649 0.0934844192635
0.845070422535 0.256776034237 3.499649 0.0934844192635
0.845794392523 0.25820256776 3.482699 0.0934844192635
0.845794392523 0.25820256776 3.482699 0.0934844192635
0.846511627907 0.259629101284 3.451202 0.0934844192635
0.846511627907 0.259629101284 3.451202 0.0934844192635
0.847222222222 0.261055634807 3.434595 0.0934844192635
0.847222222222 0.261055634807 3.434595 0.0934844192635
0.847926267281 0.262482168331 3.432423 0.0934844192635
0.847926267281 0.262482168331 3.432423 0.0934844192635
0.848623853211 0.263908701854 3.409718 0.0934844192635
0.848623853211 0.263908701854 3.409718 0.0934844192635
0.849315068493 0.265335235378 3.394442 0.0934844192635
0.849315068493 0.265335235378 3.394442 0.0934844192635
0.85 0.266761768902 3.377732 0.0934844192635
0.846153846154 0.266761768902 3.371581 0.0963172804533
0.846846846847 0.268188302425 3.360718 0.0963172804533
0.846846846847 0.268188302425 3.360718 0.0963172804533
0.847533632287 0.269614835949 3.329888 0.0963172804533
0.847533632287 0.269614835949 3.329888 0.0963172804533
0.848214285714 0.271041369472 3.319111 0.0963172804533
0.840707964602 0.271041369472 3.308936 0.101983002833
0.84140969163 0.272467902996 3.304719 0.101983002833
0.84140969163 0.272467902996 3.304719 0.101983002833
0.842105263158 0.273894436519 3.291627 0.101983002833
0.842105263158 0.273894436519 3.291627 0.101983002833
0.842794759825 0.275320970043 3.273186 0.101983002833
0.842794759825 0.275320970043 3.273186 0.101983002833
0.84347826087 0.276747503566 3.271053 0.101983002833
0.84347826087 0.276747503566 3.271053 0.101983002833
0.844155844156 0.27817403709 3.265382 0.101983002833
0.844155844156 0.27817403709 3.265382 0.101983002833
0.844827586207 0.279600570613 3.264396 0.101983002833
0.844827586207 0.279600570613 3.264396 0.101983002833
0.845493562232 0.281027104137 3.261476 0.101983002833
0.845493562232 0.281027104137 3.261476 0.101983002833
0.846153846154 0.28245363766 3.243513 0.101983002833
0.842553191489 0.28245363766 3.225945 0.104815864023
0.843220338983 0.283880171184 3.193552 0.104815864023
0.843220338983 0.283880171184 3.193552 0.104815864023
0.84388185654 0.285306704708 3.189484 0.104815864023
0.84388185654 0.285306704708 3.189484 0.104815864023
0.844537815126 0.286733238231 3.175171 0.104815864023
0.844537815126 0.286733238231 3.175171 0.104815864023
0.845188284519 0.288159771755 3.151723 0.104815864023
0.845188284519 0.288159771755 3.151723 0.104815864023
0.845833333333 0.289586305278 3.127173 0.104815864023
0.845833333333 0.289586305278 3.127173 0.104815864023
0.846473029046 0.291012838802 3.115583 0.104815864023
0.842975206612 0.291012838802 3.097794 0.107648725212
0.843621399177 0.292439372325 3.095978 0.107648725212
0.840163934426 0.292439372325 3.077737 0.110481586402
0.840816326531 0.293865905849 3.075768 0.110481586402
0.840816326531 0.293865905849 3.075768 0.110481586402
0.841463414634 0.295292439372 3.074826 0.110481586402
0.841463414634 0.295292439372 3.074826 0.110481586402
0.842105263158 0.296718972896 3.073452 0.110481586402
0.842105263158 0.296718972896 3.073452 0.110481586402
0.842741935484 0.298145506419 3.056132 0.110481586402
0.842741935484 0.298145506419 3.056132 0.110481586402
0.843373493976 0.299572039943 3.04796 0.110481586402
0.843373493976 0.299572039943 3.04796 0.110481586402
0.844 0.300998573466 3.036416 0.110481586402
0.844 0.300998573466 3.036416 0.110481586402
0.844621513944 0.30242510699 3.021584 0.110481586402
0.844621513944 0.30242510699 3.021584 0.110481586402
0.845238095238 0.303851640514 3.01524 0.110481586402
0.845238095238 0.303851640514 3.01524 0.110481586402
0.845849802372 0.305278174037 3.003992 0.110481586402
0.845849802372 0.305278174037 3.003992 0.110481586402
0.846456692913 0.306704707561 3.001499 0.110481586402
0.846456692913 0.306704707561 3.001499 0.110481586402
0.847058823529 0.308131241084 2.978764 0.110481586402
0.847058823529 0.308131241084 2.978764 0.110481586402
0.84765625 0.309557774608 2.932136 0.110481586402
0.844357976654 0.309557774608 2.929074 0.113314447592
0.84496124031 0.310984308131 2.85923 0.113314447592
0.84496124031 0.310984308131 2.85923 0.113314447592
0.84555984556 0.312410841655 2.858181 0.113314447592
0.84555984556 0.312410841655 2.858181 0.113314447592
0.846153846154 0.313837375178 2.846096 0.113314447592
0.846153846154 0.313837375178 2.846096 0.113314447592
0.846743295019 0.315263908702 2.824731 0.113314447592
0.846743295019 0.315263908702 2.824731 0.113314447592
0.847328244275 0.316690442225 2.810969 0.113314447592
0.844106463878 0.316690442225 2.807284 0.116147308782
0.844696969697 0.318116975749 2.80529 0.116147308782
0.844696969697 0.318116975749 2.80529 0.116147308782
0.845283018868 0.319543509272 2.802631 0.116147308782
0.845283018868 0.319543509272 2.802631 0.116147308782
0.845864661654 0.320970042796 2.726288 0.116147308782
0.845864661654 0.320970042796 2.726288 0.116147308782
0.846441947566 0.32239657632 2.721851 0.116147308782
0.846441947566 0.32239657632 2.721851 0.116147308782
0.847014925373 0.323823109843 2.7012 0.116147308782
0.847014925373 0.323823109843 2.7012 0.116147308782
0.847583643123 0.325249643367 2.689281 0.116147308782
0.847583643123 0.325249643367 2.689281 0.116147308782
0.848148148148 0.32667617689 2.682694 0.116147308782
0.848148148148 0.32667617689 2.682694 0.116147308782
0.848708487085 0.328102710414 2.667067 0.116147308782
0.845588235294 0.328102710414 2.666962 0.118980169972
0.846153846154 0.329529243937 2.657122 0.118980169972
0.846153846154 0.329529243937 2.657122 0.118980169972
0.846715328467 0.330955777461 2.649688 0.118980169972
0.846715328467 0.330955777461 2.649688 0.118980169972
0.847272727273 0.332382310984 2.633408 0.118980169972
0.847272727273 0.332382310984 2.633408 0.118980169972
0.847826086957 0.333808844508 2.582077 0.118980169972
0.847826086957 0.333808844508 2.582077 0.118980169972
0.848375451264 0.335235378031 2.561568 0.118980169972
0.848375451264 0.335235378031 2.561568 0.118980169972
0.848920863309 0.336661911555 2.548587 0.118980169972
0.848920863309 0.336661911555 2.548587 0.118980169972
0.849462365591 0.338088445078 2.546854 0.118980169972
0.849462365591 0.338088445078 2.546854 0.118980169972
0.85 0.339514978602 2.535894 0.118980169972
0.843971631206 0.339514978602 2.524745 0.124645892351
0.844522968198 0.340941512126 2.523328 0.124645892351
0.844522968198 0.340941512126 2.523328 0.124645892351
0.845070422535 0.342368045649 2.480279 0.124645892351
0.845070422535 0.342368045649 2.480279 0.124645892351
0.845614035088 0.343794579173 2.470288 0.124645892351
0.845614035088 0.343794579173 2.470288 0.124645892351
0.846153846154 0.345221112696 2.465094 0.124645892351
0.843205574913 0.345221112696 2.459663 0.127478753541
0.84375 0.34664764622 2.453167 0.127478753541
0.840830449827 0.34664764622 2.426945 0.130311614731
0.841379310345 0.348074179743 2.426105 0.130311614731
0.838487972509 0.348074179743 2.410452 0.133144475921
0.83904109589 0.349500713267 2.393763 0.133144475921
0.83904109589 0.349500713267 2.393763 0.133144475921
0.839590443686 0.35092724679 2.382278 0.133144475921
0.839590443686 0.35092724679 2.382278 0.133144475921
0.840136054422 0.352353780314 2.358442 0.133144475921
0.840136054422 0.352353780314 2.358442 0.133144475921
0.840677966102 0.353780313837 2.351674 0.133144475921
0.840677966102 0.353780313837 2.351674 0.133144475921
0.841216216216 0.355206847361 2.327783 0.133144475921
0.841216216216 0.355206847361 2.327783 0.133144475921
0.841750841751 0.356633380884 2.320728 0.133144475921
0.841750841751 0.356633380884 2.320728 0.133144475921
0.842281879195 0.358059914408 2.315298 0.133144475921
0.842281879195 0.358059914408 2.315298 0.133144475921
0.842809364548 0.359486447932 2.313486 0.133144475921
0.842809364548 0.359486447932 2.313486 0.133144475921
0.843333333333 0.360912981455 2.303764 0.133144475921
0.843333333333 0.360912981455 2.303764 0.133144475921
0.843853820598 0.362339514979 2.295022 0.133144475921
0.843853820598 0.362339514979 2.295022 0.133144475921
0.844370860927 0.363766048502 2.275234 0.133144475921
0.844370860927 0.363766048502 2.275234 0.133144475921
0.844884488449 0.365192582026 2.237347 0.133144475921
0.839344262295 0.365192582026 2.223869 0.1388101983
0.839869281046 0.366619115549 2.161647 0.1388101983
0.839869281046 0.366619115549 2.161647 0.1388101983
0.840390879479 0.368045649073 2.160236 0.1388101983
0.840390879479 0.368045649073 2.160236 0.1388101983
0.840909090909 0.369472182596 2.150184 0.1388101983
0.838187702265 0.369472182596 2.121678 0.14164305949
0.838709677419 0.37089871612 2.109643 0.14164305949
0.828025477707 0.37089871612 1.944409 0.152974504249
0.828571428571 0.372325249643 1.927867 0.152974504249
0.825949367089 0.372325249643 1.923705 0.155807365439
0.826498422713 0.373751783167 1.914409 0.155807365439
0.826498422713 0.373751783167 1.914409 0.155807365439
0.827044025157 0.37517831669 1.91305 0.155807365439
0.827044025157 0.37517831669 1.91305 0.155807365439
0.827586206897 0.376604850214 1.909716 0.155807365439
0.825 0.376604850214 1.889822 0.158640226629
0.82554517134 0.378031383738 1.880807 0.158640226629
0.82554517134 0.378031383738 1.880807 0.158640226629
0.826086956522 0.379457917261 1.798252 0.158640226629
0.826086956522 0.379457917261 1.798252 0.158640226629
0.826625386997 0.380884450785 1.79096 0.158640226629
0.826625386997 0.380884450785 1.79096 0.158640226629
0.827160493827 0.382310984308 1.784609 0.158640226629
0.827160493827 0.382310984308 1.784609 0.158640226629
0.827692307692 0.383737517832 1.779575 0.158640226629
0.822629969419 0.383737517832 1.727718 0.164305949008
0.823170731707 0.385164051355 1.684914 0.164305949008
0.815709969789 0.385164051355 1.623576 0.172804532578
0.816265060241 0.386590584879 1.621614 0.172804532578
0.816265060241 0.386590584879 1.621614 0.172804532578
0.816816816817 0.388017118402 1.586924 0.172804532578
0.816816816817 0.388017118402 1.586924 0.172804532578
0.817365269461 0.389443651926 1.584166 0.172804532578
0.807692307692 0.389443651926 1.489237 0.184135977337
0.808259587021 0.390870185449 1.476503 0.184135977337
0.803519061584 0.390870185449 1.376353 0.189801699717
0.804093567251 0.392296718973 1.287839 0.189801699717
0.804093567251 0.392296718973 1.287839 0.189801699717
0.804664723032 0.393723252496 1.254069 0.189801699717
0.804664723032 0.393723252496 1.254069 0.189801699717
0.80523255814 0.39514978602 1.243266 0.189801699717
0.80523255814 0.39514978602 1.243266 0.189801699717
0.805797101449 0.396576319544 1.239262 0.189801699717
0.792022792023 0.396576319544 0.47218 0.206798866856
0.789772727273 0.396576319544 0.218609 0.209631728045
