1.0 0.0 inf 0.0
1.0 0.00142653352354 8.291371 0.0
1.0 0.00142653352354 8.291371 0.0
1.0 0.00285306704708 8.219538 0.0
1.0 0.00285306704708 8.219538 0.0
1.0 0.00427960057061 7.964972 0.0
0.75 0.00427960057061 7.796017 0.0028328611898
0.8 0.00570613409415 7.079572 0.0028328611898
0.8 0.00570613409415 7.079572 0.0028328611898
0.833333333333 0.00713266761769 6.927991 0.0028328611898
0.833333333333 0.00713266761769 6.927991 0.0028328611898
0.857142857143 0.00855920114123 6.88369 0.0028328611898
0.75 0.00855920114123 6.867106 0.0056657223796
0.777777777778 0.00998573466476 6.854418 0.0056657223796
0.777777777778 0.00998573466476 6.854418 0.0056657223796
0.8 0.0114122681883 6.819952 0.0056657223796
0.8 0.0114122681883 6.819952 0.0056657223796
0.818181818182 0.0128388017118 6.754408 0.0056657223796
0.818181818182 0.0128388017118 6.754408 0.0056657223796
0.833333333333 0.0142653352354 6.735159 0.0056657223796
0.833333333333 0.0142653352354 6.735159 0.0056657223796
0.846153846154 0.0156918687589 6.715129 0.0056657223796
0.846153846154 0.0156918687589 6.715129 0.0056657223796
0.857142857143 0.0171184022825 6.569338 0.0056657223796
0.857142857143 0.0171184022825 6.569338 0.0056657223796
0.866666666667 0.018544935806 6.559652 0.0056657223796
0.684210526316 0.018544935806 6.417323 0.0169971671388
0.7 0.0199714693295 6.402267 0.0169971671388
0.7 0.0199714693295 6.402267 0.0169971671388
0.714285714286 0.0213980028531 6.394212 0.0169971671388
0.714285714286 0.0213980028531 6.394212 0.0169971671388
0.727272727273 0.0228245363766 6.345255 0.0169971671388
0.727272727273 0.0228245363766 6.345255 0.0169971671388
0.739130434783 0.0242510699001 6.289186 0.0169971671388
0.739130434783 0.0242510699001 6.289186 0.0169971671388
0.75 0.0256776034237 6.269044 0.0169971671388
0.666666666667 0.0256776034237 6.120784 0.0254957507082
0.678571428571 0.0271041369472 6.105542 0.0254957507082
0.678571428571 0.0271041369472 6.105542 0.0254957507082
0.689655172414 0.0285306704708 6.062234 0.0254957507082
0.689655172414 0.0285306704708 6.062234 0.0254957507082
0.7 0.0299572039943 6.06089 0.0254957507082
0.7 0.0299572039943 6.06089 0.0254957507082
0.709677419355 0.0313837375178 6.038332 0.0254957507082
0.709677419355 0.0313837375178 6.038332 0.0254957507082
0.71875 0.0328102710414 6.016278 0.0254957507082
0.71875 0.0328102710414 6.016278 0.0254957507082
0.727272727273 0.0342368045649 5.98666 0.0254957507082
0.685714285714 0.0342368045649 5.964782 0.0311614730878
0.694444444444 0.0356633380884 5.956417 0.0311614730878
0.675675675676 0.0356633380884 5.925453 0.0339943342776
0.684210526316 0.037089871612 5.924083 0.0339943342776
0.65 0.037089871612 5.82224 0.0396600566572
0.658536585366 0.0385164051355 5.728032 0.0396600566572
0.658536585366 0.0385164051355 5.728032 0.0396600566572
0.666666666667 0.0399429386591 5.713117 0.0396600566572
0.636363636364 0.0399429386591 5.639139 0.0453257790368
0.644444444444 0.0413694721826 5.613279 0.0453257790368
0.617021276596 0.0413694721826 5.584152 0.0509915014164
0.625 0.0427960057061 5.556247 0.0509915014164
0.6 0.0427960057061 5.511866 0.056657223796
0.607843137255 0.0442225392297 5.483197 0.056657223796
0.607843137255 0.0442225392297 5.483197 0.056657223796
0.615384615385 0.0456490727532 5.458563 0.056657223796
0.615384615385 0.0456490727532 5.458563 0.056657223796
0.622641509434 0.0470756062767 5.395216 0.056657223796
0.611111111111 0.0470756062767 5.377749 0.0594900849858
0.618181818182 0.0485021398003 5.377635 0.0594900849858
0.618181818182 0.0485021398003 5.377635 0.0594900849858
0.625 0.0499286733238 5.372085 0.0594900849858
0.603448275862 0.0499286733238 5.36331 0.0651558073654
0.610169491525 0.0513552068474 5.358857 0.0651558073654
0.610169491525 0.0513552068474 5.358857 0.0651558073654
0.616666666667 0.0527817403709 5.343637 0.0651558073654
0.596774193548 0.0527817403709 5.25569 0.070821529745
0.603174603175 0.0542082738944 5.242216 0.070821529745
0.603174603175 0.0542082738944 5.242216 0.070821529745
0.609375 0.055634807418 5.233159 0.070821529745
0.609375 0.055634807418 5.233159 0.070821529745
0.615384615385 0.0570613409415 5.191051 0.070821529745
0.615384615385 0.0570613409415 5.191051 0.070821529745
0.621212121212 0.058487874465 5.168798 0.070821529745
0.621212121212 0.058487874465 5.168798 0.070821529745
0.626865671642 0.0599144079886 5.158311 0.070821529745
0.626865671642 0.0599144079886 5.158311 0.070821529745
0.632352941176 0.0613409415121 5.147794 0.070821529745
0.632352941176 0.0613409415121 5.147794 0.070821529745
0.63768115942 0.0627674750357 5.070544 0.070821529745
0.63768115942 0.0627674750357 5.070544 0.070821529745
0.642857142857 0.0641940085592 5.008893 0.070821529745
0.625 0.0641940085592 4.934893 0.0764872521246
0.630136986301 0.0656205420827 4.9127 0.0764872521246
0.630136986301 0.0656205420827 4.9127 0.0764872521246
0.635135135135 0.0670470756063 4.88021 0.0764872521246
0.635135135135 0.0670470756063 4.88021 0.0764872521246
0.64 0.0684736091298 4.866752 0.0764872521246
0.631578947368 0.0684736091298 4.858504 0.0793201133144
0.636363636364 0.0699001426534 4.853056 0.0793201133144
0.636363636364 0.0699001426534 4.853056 0.0793201133144
0.641025641026 0.0713266761769 4.829668 0.0793201133144
0.641025641026 0.0713266761769 4.829668 0.0793201133144
0.645569620253 0.0727532097004 4.827268 0.0793201133144
0.645569620253 0.0727532097004 4.827268 0.0793201133144
0.65 0.074179743224 4.826434 0.0793201133144
0.65 0.074179743224 4.826434 0.0793201133144
0.654320987654 0.0756062767475 4.825532 0.0793201133144
0.654320987654 0.0756062767475 4.825532 0.0793201133144
0.658536585366 0.077032810271 4.822018 0.0793201133144
0.650602409639 0.077032810271 4.79368 0.0821529745042
0.654761904762 0.0784593437946 4.789999 0.0821529745042
0.654761904762 0.0784593437946 4.789999 0.0821529745042
0.658823529412 0.0798858773181 4.756231 0.0821529745042
0.658823529412 0.0798858773181 4.756231 0.0821529745042
0.662790697674 0.0813124108417 4.740794 0.0821529745042
0.662790697674 0.0813124108417 4.740794 0.0821529745042
0.666666666667 0.0827389443652 4.729172 0.0821529745042
0.666666666667 0.0827389443652 4.729172 0.0821529745042
0.670454545455 0.0841654778887 4.713708 0.0821529745042
0.655555555556 0.0841654778887 4.68724 0.0878186968839
0.659340659341 0.0855920114123 4.684259 0.0878186968839
0.652173913043 0.0855920114123 4.64997 0.0906515580737
0.655913978495 0.0870185449358 4.637122 0.0906515580737
0.648936170213 0.0870185449358 4.610162 0.0934844192635
0.652631578947 0.0884450784593 4.607058 0.0934844192635
0.645833333333 0.0884450784593 4.601923 0.0963172804533
0.649484536082 0.0898716119829 4.598575 0.0963172804533
0.649484536082 0.0898716119829 4.598575 0.0963172804533
0.65306122449 0.0912981455064 4.561612 0.0963172804533
0.65306122449 0.0912981455064 4.561612 0.0963172804533
0.656565656566 0.09272467903 4.55169 0.0963172804533
0.643564356436 0.09272467903 4.528129 0.101983002833
0.647058823529 0.0941512125535 4.499281 0.101983002833
0.640776699029 0.0941512125535 4.485847 0.104815864023
0.644230769231 0.095577746077 4.483235 0.104815864023
0.638095238095 0.095577746077 4.482715 0.107648725212
0.641509433962 0.0970042796006 4.481683 0.107648725212
0.641509433962 0.0970042796006 4.481683 0.107648725212
0.644859813084 0.0984308131241 4.471466 0.107648725212
0.644859813084 0.0984308131241 4.471466 0.107648725212
0.648148148148 0.0998573466476 4.45606 0.107648725212
0.648148148148 0.0998573466476 4.45606 0.107648725212
0.651376146789 0.101283880171 4.431594 0.107648725212
0.645454545455 0.101283880171 4.427176 0.110481586402
0.648648648649 0.102710413695 4.425071 0.110481586402
0.642857142857 0.102710413695 4.410179 0.113314447592
0.646017699115 0.104136947218 4.353463 0.113314447592
0.646017699115 0.104136947218 4.353463 0.113314447592
0.649122807018 0.105563480742 4.29415 0.113314447592
0.64347826087 0.105563480742 4.293428 0.116147308782
0.646551724138 0.106990014265 4.289337 0.116147308782
0.641025641026 0.106990014265 4.283314 0.118980169972
0.64406779661 0.108416547789 4.265343 0.118980169972
0.64406779661 0.108416547789 4.265343 0.118980169972
0.647058823529 0.109843081312 4.218696 0.118980169972
0.636363636364 0.109843081312 4.20902 0.124645892351
0.639344262295 0.111269614836 4.174846 0.124645892351
0.634146341463 0.111269614836 4.17045 0.127478753541
0.637096774194 0.112696148359 4.169801 0.127478753541
0.632 0.112696148359 4.157021 0.130311614731
0.634920634921 0.114122681883 4.145245 0.130311614731
0.62015503876 0.114122681883 4.113587 0.1388101983
0.623076923077 0.115549215407 4.104737 0.1388101983
0.623076923077 0.115549215407 4.104737 0.1388101983
0.625954198473 0.11697574893 4.094247 0.1388101983
0.598540145985 0.11697574893 4.042861 0.155807365439
0.601449275362 0.118402282454 4.022571 0.155807365439
0.592857142857 0.118402282454 4.001499 0.161473087819
0.595744680851 0.119828815977 4.000971 0.161473087819
0.591549295775 0.119828815977 3.990951 0.164305949008
0.594405594406 0.121255349501 3.989781 0.164305949008
0.590277777778 0.121255349501 3.970141 0.167138810198
0.593103448276 0.122681883024 3.96266 0.167138810198
0.58904109589 0.122681883024 3.947784 0.169971671388
0.591836734694 0.124108416548 3.916801 0.169971671388
0.591836734694 0.124108416548 3.916801 0.169971671388
0.594594594595 0.125534950071 3.913489 0.169971671388
0.590604026846 0.125534950071 3.899552 0.172804532578
0.593333333333 0.126961483595 3.895193 0.172804532578
0.593333333333 0.126961483595 3.895193 0.172804532578
0.596026490066 0.128388017118 3.876564 0.172804532578
0.592105263158 0.128388017118 3.857374 0.175637393768
0.59477124183 0.129814550642 3.8335 0.175637393768
0.59477124183 0.129814550642 3.8335 0.175637393768
0.597402597403 0.131241084165 3.816511 0.175637393768
0.597402597403 0.131241084165 3.816511 0.175637393768
0.6 0.132667617689 3.79847 0.175637393768
0.596153846154 0.132667617689 3.79612 0.178470254958
0.59872611465 0.134094151213 3.762638 0.178470254958
0.594936708861 0.134094151213 3.760228 0.181303116147
0.59748427673 0.135520684736 3.758694 0.181303116147
0.59748427673 0.135520684736 3.758694 0.181303116147
0.6 0.13694721826 3.746349 0.181303116147
0.6 0.13694721826 3.746349 0.181303116147
0.60248447205 0.138373751783 3.728731 0.181303116147
0.60248447205 0.138373751783 3.728731 0.181303116147
0.604938271605 0.139800285307 3.695908 0.181303116147
0.604938271605 0.139800285307 3.695908 0.181303116147
0.60736196319 0.14122681883 3.689045 0.181303116147
0.60736196319 0.14122681883 3.689045 0.181303116147
0.609756097561 0.142653352354 3.66636 0.181303116147
0.609756097561 0.142653352354 3.66636 0.181303116147
0.612121212121 0.144079885877 3.663747 0.181303116147
0.612121212121 0.144079885877 3.663747 0.181303116147
0.614457831325 0.145506419401 3.615217 0.181303116147
0.603550295858 0.145506419401 3.599059 0.189801699717
0.605882352941 0.146932952924 3.594058 0.189801699717
0.605882352941 0.146932952924 3.594058 0.189801699717
0.608187134503 0.148359486448 3.585657 0.189801699717
0.608187134503 0.148359486448 3.585657 0.189801699717
0.610465116279 0.149786019971 3.574307 0.189801699717
0.603448275862 0.149786019971 3.56402 0.195467422096
0.605714285714 0.151212553495 3.56233 0.195467422096
0.605714285714 0.151212553495 3.56233 0.195467422096
0.607954545455 0.152639087019 3.558766 0.195467422096
0.607954545455 0.152639087019 3.558766 0.195467422096
0.610169491525 0.154065620542 3.541996 0.195467422096
0.606741573034 0.154065620542 3.539469 0.198300283286
0.608938547486 0.155492154066 3.536468 0.198300283286
0.608938547486 0.155492154066 3.536468 0.198300283286
0.611111111111 0.156918687589 3.521713 0.198300283286
0.60773480663 0.156918687589 3.52123 0.201133144476
0.60989010989 0.158345221113 3.518114 0.201133144476
0.60989010989 0.158345221113 3.518114 0.201133144476
0.612021857923 0.159771754636 3.510896 0.201133144476
0.608695652174 0.159771754636 3.508831 0.203966005666
0.610810810811 0.16119828816 3.471462 0.203966005666
0.610810810811 0.16119828816 3.471462 0.203966005666
0.612903225806 0.162624821683 3.466468 0.203966005666
0.603174603175 0.162624821683 3.441766 0.212464589235
0.605263157895 0.164051355207 3.434711 0.212464589235
0.605263157895 0.164051355207 3.434711 0.212464589235
0.607329842932 0.16547788873 3.432423 0.212464589235
0.591836734694 0.16547788873 3.371581 0.226628895184
0.593908629442 0.166904422254 3.360718 0.226628895184
0.590909090909 0.166904422254 3.356036 0.229461756374
0.592964824121 0.168330955777 3.330714 0.229461756374
0.587064676617 0.168330955777 3.308198 0.235127478754
0.589108910891 0.169757489301 3.304719 0.235127478754
0.586206896552 0.169757489301 3.293422 0.237960339943
0.588235294118 0.171184022825 3.291627 0.237960339943
0.582524271845 0.171184022825 3.261476 0.243626062323
0.584541062802 0.172610556348 3.253776 0.243626062323
0.581730769231 0.172610556348 3.248401 0.246458923513
0.583732057416 0.174037089872 3.232203 0.246458923513
0.580952380952 0.174037089872 3.225945 0.249291784703
0.582938388626 0.175463623395 3.193552 0.249291784703
0.582938388626 0.175463623395 3.193552 0.249291784703
0.584905660377 0.176890156919 3.189484 0.249291784703
0.584905660377 0.176890156919 3.189484 0.249291784703
0.586854460094 0.178316690442 3.183091 0.249291784703
0.584112149533 0.178316690442 3.153255 0.252124645892
0.586046511628 0.179743223966 3.130546 0.252124645892
0.586046511628 0.179743223966 3.130546 0.252124645892
0.587962962963 0.181169757489 3.125597 0.252124645892
0.585253456221 0.181169757489 3.117967 0.254957507082
0.587155963303 0.182596291013 3.115583 0.254957507082
0.587155963303 0.182596291013 3.115583 0.254957507082
0.58904109589 0.184022824536 3.100121 0.254957507082
0.586363636364 0.184022824536 3.097794 0.257790368272
0.588235294118 0.18544935806 3.095978 0.257790368272
0.588235294118 0.18544935806 3.095978 0.257790368272
0.59009009009 0.186875891583 3.079781 0.257790368272
0.587443946188 0.186875891583 3.075768 0.260623229462
0.589285714286 0.188302425107 3.074826 0.260623229462
0.589285714286 0.188302425107 3.074826 0.260623229462
0.591111111111 0.189728958631 3.073452 0.260623229462
0.591111111111 0.189728958631 3.073452 0.260623229462
0.592920353982 0.191155492154 3.054973 0.260623229462
0.592920353982 0.191155492154 3.054973 0.260623229462
0.594713656388 0.192582025678 3.043484 0.260623229462
0.594713656388 0.192582025678 3.043484 0.260623229462
0.59649122807 0.194008559201 3.036416 0.260623229462
0.591304347826 0.194008559201 3.010804 0.266288951841
0.593073593074 0.195435092725 3.004149 0.266288951841
0.580508474576 0.195435092725 2.933311 0.28045325779
0.582278481013 0.196861626248 2.932136 0.28045325779
0.575 0.196861626248 2.910776 0.28895184136
0.576763485477 0.198288159772 2.899323 0.28895184136
0.572016460905 0.198288159772 2.858181 0.294617563739
0.573770491803 0.199714693295 2.846096 0.294617563739
0.573770491803 0.199714693295 2.846096 0.294617563739
0.575510204082 0.201141226819 2.811031 0.294617563739
0.575510204082 0.201141226819 2.811031 0.294617563739
0.577235772358 0.202567760342 2.810969 0.294617563739
0.574898785425 0.202567760342 2.807284 0.297450424929
0.576612903226 0.203994293866 2.80529 0.297450424929
0.576612903226 0.203994293866 2.80529 0.297450424929
0.578313253012 0.205420827389 2.802631 0.297450424929
0.578313253012 0.205420827389 2.802631 0.297450424929
0.58 0.206847360913 2.801575 0.297450424929
0.577689243028 0.206847360913 2.778374 0.300283286119
0.579365079365 0.208273894437 2.768287 0.300283286119
0.572549019608 0.208273894437 2.717511 0.308781869688
0.57421875 0.20970042796 2.7012 0.308781869688
0.57421875 0.20970042796 2.7012 0.308781869688
0.575875486381 0.211126961484 2.689281 0.308781869688
0.569230769231 0.211126961484 2.658633 0.317280453258
0.570881226054 0.212553495007 2.657122 0.317280453258
0.568702290076 0.212553495007 2.637058 0.320113314448
0.570342205323 0.213980028531 2.617129 0.320113314448
0.561797752809 0.213980028531 2.546854 0.331444759207
0.563432835821 0.215406562054 2.54276 0.331444759207
0.561338289963 0.215406562054 2.533118 0.334277620397
0.562962962963 0.216833095578 2.523328 0.334277620397
0.562962962963 0.216833095578 2.523328 0.334277620397
0.564575645756 0.218259629101 2.516729 0.334277620397
0.564575645756 0.218259629101 2.516729 0.334277620397
0.566176470588 0.219686162625 2.480279 0.334277620397
0.566176470588 0.219686162625 2.480279 0.334277620397
0.567765567766 0.221112696148 2.470288 0.334277620397
0.561594202899 0.221112696148 2.453167 0.342776203966
0.563176895307 0.222539229672 2.444047 0.342776203966
0.561151079137 0.222539229672 2.426945 0.345609065156
0.562724014337 0.223965763195 2.426105 0.345609065156
0.554770318021 0.223965763195 2.382278 0.356940509915
0.556338028169 0.225392296719 2.351674 0.356940509915
0.556338028169 0.225392296719 2.351674 0.356940509915
0.557894736842 0.226818830243 2.33253 0.356940509915
0.546391752577 0.226818830243 2.250896 0.373937677054
0.547945205479 0.228245363766 2.249097 0.373937677054
0.544217687075 0.228245363766 2.223869 0.379603399433
0.545762711864 0.22967189729 2.223032 0.379603399433
0.545762711864 0.22967189729 2.223032 0.379603399433
0.547297297297 0.231098430813 2.192777 0.379603399433
0.538205980066 0.231098430813 1.944409 0.393767705382
0.539735099338 0.232524964337 1.943905 0.393767705382
0.53795379538 0.232524964337 1.923705 0.396600566572
0.539473684211 0.23395149786 1.909716 0.396600566572
0.539473684211 0.23395149786 1.909716 0.396600566572
0.540983606557 0.235378031384 1.880807 0.396600566572
0.528846153846 0.235378031384 1.688494 0.416430594901
0.5303514377 0.236804564907 1.684914 0.416430594901
0.528662420382 0.236804564907 1.664546 0.419263456091
0.530158730159 0.238231098431 1.636054 0.419263456091
0.526813880126 0.238231098431 1.623576 0.42492917847
0.528301886792 0.239657631954 1.609351 0.42492917847
0.528301886792 0.239657631954 1.609351 0.42492917847
0.529780564263 0.241084165478 1.584166 0.42492917847
0.51367781155 0.241084165478 1.287639 0.453257790368
0.515151515152 0.242510699001 1.268617 0.453257790368
0.515151515152 0.242510699001 1.268617 0.453257790368
0.516616314199 0.243937232525 1.263456 0.453257790368
0.516616314199 0.243937232525 1.263456 0.453257790368
0.518072289157 0.245363766049 1.254069 0.453257790368
0.518072289157 0.245363766049 1.254069 0.453257790368
0.51951951952 0.246790299572 1.243266 0.453257790368
0.511834319527 0.246790299572 1.175652 0.467422096317
0.513274336283 0.248216833096 1.135855 0.467422096317
0.495726495726 0.248216833096 0.364098 0.501416430595
0.494318181818 0.248216833096 0.218609 0.504249291785
