1.0 0.0 inf 0.0
1.0 0.00142653352354 9.013265 0.0
1.0 0.00142653352354 9.013265 0.0
0.5 0.00142653352354 8.883469 0.0028328611898
0.5 0.00142653352354 8.883469 0.0028328611898
0.333333333333 0.00142653352354 8.728572 0.0056657223796
0.25 0.00142653352354 8.64762 0.00849858356941
0.4 0.00285306704708 8.574587 0.00849858356941
0.4 0.00285306704708 8.574587 0.00849858356941
0.333333333333 0.00285306704708 8.49513 0.0113314447592
0.333333333333 0.00285306704708 8.49513 0.0113314447592
0.285714285714 0.00285306704708 8.413513 0.014164305949
0.285714285714 0.00285306704708 8.413513 0.014164305949
0.25 0.00285306704708 8.291371 0.0169971671388
0.25 0.00285306704708 8.291371 0.0169971671388
0.333333333333 0.00427960057061 8.219538 0.0169971671388
0.25 0.00427960057061 8.014846 0.0254957507082
0.230769230769 0.00427960057061 8.005821 0.028328611898
0.214285714286 0.00427960057061 7.914122 0.0311614730878
0.2 0.00427960057061 7.876225 0.0339943342776
0.157894736842 0.00427960057061 7.743796 0.0453257790368
0.15 0.00427960057061 7.693444 0.0481586402266
0.15 0.00427960057061 7.693444 0.0481586402266
0.142857142857 0.00427960057061 7.685859 0.0509915014164
0.125 0.00427960057061 7.58953 0.0594900849858
0.16 0.00570613409415 7.489131 0.0594900849858
0.153846153846 0.00570613409415 7.429438 0.0623229461756
0.185185185185 0.00713266761769 7.384385 0.0623229461756
0.166666666667 0.00713266761769 7.329079 0.070821529745
0.193548387097 0.00855920114123 7.306724 0.070821529745
0.1875 0.00855920114123 7.265501 0.0736543909348
0.181818181818 0.00855920114123 7.173276 0.0764872521246
0.171428571429 0.00855920114123 7.153769 0.0821529745042
0.194444444444 0.00998573466476 7.120998 0.0821529745042
0.189189189189 0.00998573466476 7.085692 0.0849858356941
0.184210526316 0.00998573466476 7.079572 0.0878186968839
0.179487179487 0.00998573466476 7.078343 0.0906515580737
0.2 0.0114122681883 7.066289 0.0906515580737
0.181818181818 0.0114122681883 7.051706 0.101983002833
0.177777777778 0.0114122681883 7.0344 0.104815864023
0.177777777778 0.0114122681883 7.0344 0.104815864023
0.173913043478 0.0114122681883 7.031717 0.107648725212
0.173913043478 0.0114122681883 7.031717 0.107648725212
0.191489361702 0.0128388017118 7.026341 0.107648725212
0.183673469388 0.0128388017118 6.981792 0.113314447592
0.18 0.0128388017118 6.95715 0.116147308782
0.169811320755 0.0128388017118 6.932358 0.124645892351
0.185185185185 0.0142653352354 6.927991 0.124645892351
0.172413793103 0.0142653352354 6.894303 0.13597733711
0.169491525424 0.0142653352354 6.893587 0.1388101983
0.15625 0.0142653352354 6.867106 0.152974504249
0.153846153846 0.0142653352354 6.854418 0.155807365439
0.153846153846 0.0142653352354 6.854418 0.155807365439
0.166666666667 0.0156918687589 6.853734 0.155807365439
0.166666666667 0.0156918687589 6.853734 0.155807365439
0.164179104478 0.0156918687589 6.851959 0.158640226629
0.159420289855 0.0156918687589 6.827461 0.164305949008
0.171428571429 0.0171184022825 6.820295 0.164305949008
0.166666666667 0.0171184022825 6.818699 0.169971671388
0.164383561644 0.0171184022825 6.816178 0.172804532578
0.155844155844 0.0171184022825 6.747945 0.184135977337
0.153846153846 0.0171184022825 6.740051 0.186968838527
0.153846153846 0.0171184022825 6.740051 0.186968838527
0.164556962025 0.018544935806 6.715129 0.186968838527
0.158536585366 0.018544935806 6.682347 0.195467422096
0.156626506024 0.018544935806 6.671617 0.198300283286
0.156626506024 0.018544935806 6.671617 0.198300283286
0.154761904762 0.018544935806 6.664794 0.201133144476
0.154761904762 0.018544935806 6.664794 0.201133144476
0.152941176471 0.018544935806 6.659772 0.203966005666
0.147727272727 0.018544935806 6.623291 0.212464589235
0.14606741573 0.018544935806 6.594196 0.215297450425
0.144444444444 0.018544935806 6.592971 0.218130311615
0.153846153846 0.0199714693295 6.579891 0.218130311615
0.152173913043 0.0199714693295 6.574907 0.220963172805
0.161290322581 0.0213980028531 6.569338 0.220963172805
0.161290322581 0.0213980028531 6.569338 0.220963172805
0.159574468085 0.0213980028531 6.566294 0.223796033994
0.157894736842 0.0213980028531 6.565088 0.226628895184
0.15625 0.0213980028531 6.559652 0.229461756374
0.154639175258 0.0213980028531 6.554375 0.232294617564
0.15306122449 0.0213980028531 6.551537 0.235127478754
0.151515151515 0.0213980028531 6.548235 0.237960339943
0.16 0.0228245363766 6.529197 0.237960339943
0.16 0.0228245363766 6.529197 0.237960339943
0.168316831683 0.0242510699001 6.525265 0.237960339943
0.161904761905 0.0242510699001 6.503788 0.249291784703
0.160377358491 0.0242510699001 6.485345 0.252124645892
0.160377358491 0.0242510699001 6.485345 0.252124645892
0.158878504673 0.0242510699001 6.482169 0.254957507082
0.154545454545 0.0242510699001 6.445805 0.263456090652
0.153153153153 0.0242510699001 6.442827 0.266288951841
0.149122807018 0.0242510699001 6.440032 0.274787535411
0.147826086957 0.0242510699001 6.418893 0.277620396601
0.146551724138 0.0242510699001 6.417323 0.28045325779
0.153846153846 0.0256776034237 6.409009 0.28045325779
0.153846153846 0.0256776034237 6.409009 0.28045325779
0.152542372881 0.0256776034237 6.407683 0.28328611898
0.15 0.0256776034237 6.402777 0.28895184136
0.148760330579 0.0256776034237 6.402267 0.29178470255
0.146341463415 0.0256776034237 6.396921 0.297450424929
0.145161290323 0.0256776034237 6.387722 0.300283286119
0.145161290323 0.0256776034237 6.387722 0.300283286119
0.152 0.0271041369472 6.385274 0.300283286119
0.152 0.0271041369472 6.385274 0.300283286119
0.150793650794 0.0271041369472 6.377388 0.303116147309
0.147286821705 0.0271041369472 6.32787 0.311614730878
0.153846153846 0.0285306704708 6.327548 0.311614730878
0.151515151515 0.0285306704708 6.301183 0.317280453258
0.15037593985 0.0285306704708 6.297796 0.320113314448
0.140845070423 0.0285306704708 6.264064 0.345609065156
0.13986013986 0.0285306704708 6.230328 0.348441926346
0.13986013986 0.0285306704708 6.230328 0.348441926346
0.138888888889 0.0285306704708 6.226061 0.351274787535
0.137931034483 0.0285306704708 6.219319 0.354107648725
0.143835616438 0.0299572039943 6.215609 0.354107648725
0.140939597315 0.0299572039943 6.179982 0.362606232295
0.146666666667 0.0313837375178 6.174925 0.362606232295
0.132530120482 0.0313837375178 6.078082 0.407932011331
0.131736526946 0.0313837375178 6.075034 0.410764872521
0.130177514793 0.0313837375178 6.062234 0.416430594901
0.129411764706 0.0313837375178 6.06089 0.419263456091
0.12865497076 0.0313837375178 6.058575 0.42209631728
0.127906976744 0.0313837375178 6.057078 0.42492917847
0.125714285714 0.0313837375178 6.045817 0.43342776204
0.130681818182 0.0328102710414 6.038332 0.43342776204
0.130681818182 0.0328102710414 6.038332 0.43342776204
0.129943502825 0.0328102710414 6.027798 0.436260623229
0.125 0.0328102710414 6.000275 0.456090651558
0.12972972973 0.0342368045649 5.98666 0.456090651558
0.126315789474 0.0342368045649 5.925453 0.470254957507
0.130890052356 0.0356633380884 5.924299 0.470254957507
0.129533678756 0.0356633380884 5.921857 0.475920679887
0.128865979381 0.0356633380884 5.907869 0.478753541076
0.126262626263 0.0356633380884 5.89427 0.490084985836
0.125628140704 0.0356633380884 5.891491 0.492917847025
0.122549019608 0.0356633380884 5.870919 0.507082152975
0.121951219512 0.0356633380884 5.870206 0.509915014164
0.121359223301 0.0356633380884 5.862561 0.512747875354
0.12077294686 0.0356633380884 5.862397 0.515580736544
0.114678899083 0.0356633380884 5.745807 0.546742209632
0.118721461187 0.037089871612 5.728032 0.546742209632
0.116591928251 0.037089871612 5.709911 0.558073654391
0.120535714286 0.0385164051355 5.698773 0.558073654391
0.119469026549 0.0385164051355 5.695018 0.563739376771
0.118942731278 0.0385164051355 5.694095 0.56657223796
0.115384615385 0.0385164051355 5.664172 0.586402266289
0.114893617021 0.0385164051355 5.661188 0.589235127479
0.113445378151 0.0385164051355 5.622062 0.597733711048
0.112970711297 0.0385164051355 5.619606 0.600566572238
0.112033195021 0.0385164051355 5.613279 0.606232294618
0.111570247934 0.0385164051355 5.610716 0.609065155807
0.107569721116 0.0385164051355 5.556247 0.634560906516
0.111111111111 0.0399429386591 5.552503 0.634560906516
0.110236220472 0.0399429386591 5.546806 0.640226628895
0.109803921569 0.0399429386591 5.532256 0.643059490085
0.106870229008 0.0399429386591 5.511866 0.662889518414
0.110266159696 0.0413694721826 5.510045 0.662889518414
0.107407407407 0.0413694721826 5.451711 0.682719546742
0.110701107011 0.0427960057061 5.43077 0.682719546742
0.109489051095 0.0427960057061 5.421415 0.691218130312
0.112727272727 0.0442225392297 5.409906 0.691218130312
0.111111111111 0.0442225392297 5.397455 0.702549575071
0.114285714286 0.0456490727532 5.395216 0.702549575071
0.112280701754 0.0456490727532 5.377749 0.71671388102
0.115384615385 0.0470756062767 5.377635 0.71671388102
0.111486486486 0.0470756062767 5.358159 0.745042492918
0.111111111111 0.0470756062767 5.356532 0.747875354108
0.110367892977 0.0470756062767 5.323714 0.753541076487
0.11 0.0470756062767 5.318186 0.756373937677
0.109271523179 0.0470756062767 5.305315 0.762039660057
0.108910891089 0.0470756062767 5.302891 0.764872521246
0.108552631579 0.0470756062767 5.297021 0.767705382436
0.108196721311 0.0470756062767 5.290943 0.770538243626
0.107491856678 0.0470756062767 5.25569 0.776203966006
0.11038961039 0.0485021398003 5.245121 0.776203966006
0.107594936709 0.0485021398003 5.208309 0.798866855524
0.107255520505 0.0485021398003 5.205129 0.801699716714
0.10625 0.0485021398003 5.196868 0.810198300283
0.105919003115 0.0485021398003 5.194704 0.813031161473
0.105919003115 0.0485021398003 5.194704 0.813031161473
0.105590062112 0.0485021398003 5.190064 0.815864022663
0.104615384615 0.0485021398003 5.175591 0.824362606232
0.10736196319 0.0499286733238 5.168798 0.824362606232
0.106707317073 0.0499286733238 5.164443 0.830028328612
0.106382978723 0.0499286733238 5.161036 0.832861189802
0.104166666667 0.0499286733238 5.140183 0.85269121813
0.103857566766 0.0499286733238 5.140069 0.85552407932
0.101744186047 0.0499286733238 5.104255 0.875354107649
0.104347826087 0.0513552068474 5.103874 0.875354107649
0.104347826087 0.0513552068474 5.103874 0.875354107649
0.106936416185 0.0527817403709 5.102046 0.875354107649
0.10632183908 0.0527817403709 5.08937 0.881019830028
0.106017191977 0.0527817403709 5.085574 0.883852691218
0.103351955307 0.0527817403709 5.061539 0.909348441926
0.105849582173 0.0542082738944 5.053993 0.909348441926
0.105263157895 0.0542082738944 5.036397 0.915014164306
0.104972375691 0.0542082738944 5.030048 0.917847025496
0.102150537634 0.0542082738944 4.984985 0.946175637394
0.104557640751 0.055634807418 4.973387 0.946175637394
0.10182767624 0.055634807418 4.938028 0.974504249292
0.1015625 0.055634807418 4.935122 0.977337110482
0.0997442455243 0.055634807418 4.913683 0.99716713881
0.102040816327 0.0570613409415 4.9127 0.99716713881
0.100250626566 0.0570613409415 4.881431 1.01699716714
0.1025 0.058487874465 4.88021 1.01699716714
0.101990049751 0.058487874465 4.863734 1.02266288952
0.104218362283 0.0599144079886 4.863692 1.02266288952
0.101694915254 0.0599144079886 4.837835 1.05099150142
0.1038647343 0.0613409415121 4.835129 1.05099150142
0.102870813397 0.0613409415121 4.826434 1.06232294618
0.105011933174 0.0627674750357 4.825532 1.06232294618
0.103044496487 0.0627674750357 4.79368 1.08498583569
0.102803738318 0.0627674750357 4.790421 1.08781869688
0.102564102564 0.0627674750357 4.789999 1.09065155807
0.104651162791 0.0641940085592 4.789929 1.09065155807
0.103448275862 0.0641940085592 4.780082 1.10481586402
0.105504587156 0.0656205420827 4.775769 1.10481586402
0.105263157895 0.0656205420827 4.772845 1.10764872521
0.10502283105 0.0656205420827 4.761674 1.1104815864
0.10407239819 0.0656205420827 4.756231 1.12181303116
0.103837471783 0.0656205420827 4.755165 1.12464589235
0.103603603604 0.0656205420827 4.754395 1.12747875354
0.103370786517 0.0656205420827 4.750404 1.13031161473
0.102449888641 0.0656205420827 4.73367 1.14164305949
0.104444444444 0.0670470756063 4.729172 1.14164305949
0.104444444444 0.0670470756063 4.729172 1.14164305949
0.10421286031 0.0670470756063 4.726093 1.14447592068
0.103296703297 0.0670470756063 4.702786 1.15580736544
0.103070175439 0.0670470756063 4.698337 1.15864022663
0.101952277657 0.0670470756063 4.683941 1.17280453258
0.101731601732 0.0670470756063 4.682527 1.17563739377
0.10151187905 0.0670470756063 4.67999 1.17847025496
0.101293103448 0.0670470756063 4.678802 1.18130311615
0.100858369099 0.0670470756063 4.677485 1.18696883853
0.100642398287 0.0670470756063 4.676584 1.18980169972
0.0993657505285 0.0670470756063 4.646975 1.20679886686
0.0991561181435 0.0670470756063 4.640958 1.20963172805
0.0991561181435 0.0670470756063 4.640958 1.20963172805
0.101052631579 0.0684736091298 4.625826 1.20963172805
0.0983606557377 0.0684736091298 4.58936 1.24645892351
0.0981595092025 0.0684736091298 4.589227 1.2492917847
0.0969696969697 0.0684736091298 4.579737 1.26628895184
0.0987903225806 0.0699001426534 4.578656 1.26628895184
0.0985915492958 0.0699001426534 4.575622 1.26912181303
0.100401606426 0.0713266761769 4.571564 1.26912181303
0.1 0.0713266761769 4.569977 1.27478753541
0.0998003992016 0.0713266761769 4.567425 1.2776203966
0.093984962406 0.0713266761769 4.493357 1.36543909348
0.0956848030019 0.0727532097004 4.490467 1.36543909348
0.0956848030019 0.0727532097004 4.490467 1.36543909348
0.0955056179775 0.0727532097004 4.488624 1.36827195467
0.09426987061 0.0727532097004 4.472391 1.388101983
0.0940959409594 0.0727532097004 4.471666 1.39093484419
0.0918918918919 0.0727532097004 4.451344 1.42776203966
0.091726618705 0.0727532097004 4.450235 1.43059490085
0.0909090909091 0.0727532097004 4.439342 1.4447592068
0.0925266903915 0.074179743224 4.436486 1.4447592068
0.0912280701754 0.074179743224 4.41505 1.46742209632
0.0910683012259 0.074179743224 4.414732 1.47025495751
0.0904347826087 0.074179743224 4.392717 1.48158640227
0.0920138888889 0.0756062767475 4.387282 1.48158640227
0.0889261744966 0.0756062767475 4.341009 1.53824362606
0.0904522613065 0.077032810271 4.336722 1.53824362606
0.085308056872 0.077032810271 4.24507 1.6402266289
0.0867507886435 0.0784593437946 4.235743 1.6402266289
0.0867507886435 0.0784593437946 4.235743 1.6402266289
0.0866141732283 0.0784593437946 4.235328 1.64305949008
0.0848765432099 0.0784593437946 4.196463 1.67988668555
0.0847457627119 0.0784593437946 4.194521 1.68271954674
0.0839694656489 0.0784593437946 4.179652 1.69971671388
0.0853658536585 0.0798858773181 4.179008 1.69971671388
0.0853658536585 0.0798858773181 4.179008 1.69971671388
0.0852359208524 0.0798858773181 4.175232 1.70254957507
0.0839580209895 0.0798858773181 4.161801 1.73087818697
0.0838323353293 0.0798858773181 4.161146 1.73371104816
0.0825958702065 0.0798858773181 4.147002 1.76203966006
0.0839469808542 0.0813124108417 4.145245 1.76203966006
0.0837004405286 0.0813124108417 4.142601 1.76770538244
0.08357771261 0.0813124108417 4.139164 1.77053824363
0.0793871866295 0.0813124108417 4.054918 1.87252124646
0.0792767732962 0.0813124108417 4.053313 1.87535410765
0.0769230769231 0.0813124108417 4.013552 1.93767705382
0.078167115903 0.0827389443652 4.008842 1.93767705382
0.0774365821095 0.0827389443652 3.997944 1.95750708215
0.0786666666667 0.0841654778887 3.996528 1.95750708215
0.0783532536521 0.0841654778887 3.989781 1.96600566572
0.079575596817 0.0855920114123 3.984872 1.96600566572
0.0794701986755 0.0855920114123 3.984769 1.96883852691
0.0793650793651 0.0855920114123 3.983504 1.9716713881
0.0788436268068 0.0855920114123 3.973955 1.98583569405
0.0800524934383 0.0870185449358 3.973342 1.98583569405
0.0794270833333 0.0870185449358 3.963656 2.00283286119
0.0806241872562 0.0884450784593 3.96266 2.00283286119
0.080310880829 0.0884450784593 3.95992 2.01133144476
0.0815006468305 0.0898716119829 3.957278 2.01133144476
0.0798479087452 0.0898716119829 3.936919 2.0566572238
0.079746835443 0.0898716119829 3.933722 2.05949008499
0.0791457286432 0.0898716119829 3.92862 2.07648725212
0.0790464240903 0.0898716119829 3.927505 2.07932011331
0.0783582089552 0.0898716119829 3.92051 2.09915014164
0.0795031055901 0.0912981455064 3.916801 2.09915014164
0.0794044665012 0.0912981455064 3.916641 2.10198300283
0.0805452292441 0.09272467903 3.914868 2.10198300283
0.0796568627451 0.09272467903 3.905628 2.12747875354
0.0795593635251 0.09272467903 3.902064 2.13031161473
0.0786924939467 0.09272467903 3.894525 2.15580736544
0.0785973397823 0.09272467903 3.886561 2.15864022663
0.078031212485 0.09272467903 3.881518 2.17563739377
0.0779376498801 0.09272467903 3.879838 2.17847025496
0.0776583034648 0.09272467903 3.876564 2.18696883853
0.0775656324582 0.09272467903 3.870707 2.18980169972
0.0771055753262 0.09272467903 3.852924 2.20396600567
0.0770142180095 0.09272467903 3.851882 2.20679886686
0.0767414403778 0.09272467903 3.846946 2.21529745042
0.0778301886792 0.0941512125535 3.84637 2.21529745042
0.0776470588235 0.0941512125535 3.837196 2.2209631728
0.0775558166863 0.0941512125535 3.836862 2.22379603399
0.0775558166863 0.0941512125535 3.836862 2.22379603399
0.0786384976526 0.095577746077 3.8335 2.22379603399
0.0779976717113 0.095577746077 3.818944 2.24362606232
0.0790697674419 0.0970042796006 3.816511 2.24362606232
0.0787949015064 0.0970042796006 3.805693 2.25212464589
0.0787037037037 0.0970042796006 3.80389 2.25495750708
0.078250863061 0.0970042796006 3.78816 2.26912181303
0.0781609195402 0.0970042796006 3.787966 2.27195467422
0.0773606370876 0.0970042796006 3.760677 2.29745042493
0.0772727272727 0.0970042796006 3.760235 2.30028328612
0.0766629086809 0.0970042796006 3.750413 2.32011331445
0.0765765765766 0.0970042796006 3.74932 2.32294617564
0.0763187429854 0.0970042796006 3.737859 2.33144475921
0.0773542600897 0.0984308131241 3.728731 2.33144475921
0.0756578947368 0.0984308131241 3.691688 2.388101983
0.0755750273823 0.0984308131241 3.69101 2.39093484419
0.0748373101952 0.0984308131241 3.679912 2.4164305949
0.0747562296858 0.0984308131241 3.679524 2.41926345609
0.0743534482759 0.0984308131241 3.67022 2.43342776204
0.0742734122713 0.0984308131241 3.669838 2.43626062323
0.0741935483871 0.0984308131241 3.66975 2.43909348442
0.0751879699248 0.0998573466476 3.66636 2.43909348442
0.075026795284 0.0998573466476 3.663747 2.4447592068
0.0749464668094 0.0998573466476 3.663341 2.44759206799
0.0746268656716 0.0998573466476 3.651836 2.45892351275
0.0745473908413 0.0998573466476 3.650913 2.46175637394
0.0743099787686 0.0998573466476 3.649285 2.47025495751
0.0742311770944 0.0998573466476 3.648054 2.4730878187
0.0726895119418 0.0998573466476 3.620177 2.52974504249
0.0736514522822 0.101283880171 3.619584 2.52974504249
0.0734989648033 0.101283880171 3.618547 2.53541076487
0.0734229576008 0.101283880171 3.616532 2.53824362606
0.0725971370143 0.101283880171 3.603518 2.56940509915
0.073544433095 0.102710413695 3.60259 2.56940509915
0.0721442885772 0.102710413695 3.57082 2.62322946176
0.0720720720721 0.102710413695 3.570317 2.62606232295
0.0720720720721 0.102710413695 3.570317 2.62606232295
0.072 0.102710413695 3.56787 2.62889518414
0.0717131474104 0.102710413695 3.563255 2.6402266289
0.0726368159204 0.104136947218 3.56233 2.6402266289
0.0719921104536 0.104136947218 3.550449 2.6657223796
0.071921182266 0.104136947218 3.544304 2.66855524079
0.071921182266 0.104136947218 3.544304 2.66855524079
0.0728346456693 0.105563480742 3.542414 2.66855524079
0.0721951219512 0.105563480742 3.532863 2.6940509915
0.0721247563353 0.105563480742 3.531989 2.69688385269
0.0719144800777 0.105563480742 3.527071 2.70538243626
0.0728155339806 0.106990014265 3.524103 2.70538243626
0.0727449078565 0.106990014265 3.523225 2.70821529745
0.0736434108527 0.108416547789 3.521713 2.70821529745
0.0730769230769 0.108416547789 3.510896 2.73087818697
0.0730067243036 0.108416547789 3.508111 2.73371104816
0.0725190839695 0.108416547789 3.499649 2.75354107649
0.0724499523356 0.108416547789 3.498612 2.75637393768
0.0716981132075 0.108416547789 3.48081 2.78753541076
0.071630537229 0.108416547789 3.478566 2.79036827195
0.0711610486891 0.108416547789 3.460157 2.81019830028
0.0710944808232 0.108416547789 3.457671 2.81303116147
0.0710280373832 0.108416547789 3.455559 2.81586402266
0.0718954248366 0.109843081312 3.455408 2.81586402266
0.0714948932219 0.109843081312 3.446689 2.8328611898
0.0714285714286 0.109843081312 3.445605 2.83569405099
0.0713623725672 0.109843081312 3.441766 2.83852691218
0.0712962962963 0.109843081312 3.436884 2.84135977337
0.0712962962963 0.109843081312 3.436884 2.84135977337
0.0721554116559 0.111269614836 3.434711 2.84135977337
0.0719557195572 0.111269614836 3.432423 2.84985835694
0.0718894009217 0.111269614836 3.431631 2.85269121813
0.0718894009217 0.111269614836 3.431631 2.85269121813
0.0718232044199 0.111269614836 3.430685 2.85552407932
0.070460704607 0.111269614836 3.384036 2.91501416431
0.0703971119134 0.111269614836 3.383158 2.9178470255
0.0700808625337 0.111269614836 3.37465 2.93201133144
0.0709156193896 0.112696148359 3.374488 2.93201133144
0.0700354609929 0.112696148359 3.343801 2.9716713881
0.0699734278122 0.112696148359 3.340915 2.97450424929
0.0699115044248 0.112696148359 3.340115 2.97733711048
0.0707338638373 0.114122681883 3.337056 2.97733711048
0.0702370500439 0.114122681883 3.3192 3.0
0.0710526315789 0.115549215407 3.319111 3.0
0.0709903593339 0.115549215407 3.317392 3.00283286119
0.0709281961471 0.115549215407 3.316956 3.00566572238
0.0708661417323 0.115549215407 3.316719 3.00849858357
0.0708041958042 0.115549215407 3.316034 3.01133144476
0.0706190061029 0.115549215407 3.306092 3.01983002833
0.0714285714286 0.11697574893 3.304719 3.01983002833
0.0711805555556 0.11697574893 3.293422 3.03116147309
0.071986123157 0.118402282454 3.291627 3.03116147309
0.069224353628 0.118402282454 3.210427 3.16147308782
0.0691666666667 0.118402282454 3.207733 3.16430594901
0.0682004930156 0.118402282454 3.164482 3.21246458924
0.068144499179 0.118402282454 3.164071 3.21529745042
0.0675895765472 0.118402282454 3.146665 3.24362606232
0.0683482506103 0.119828815977 3.145328 3.24362606232
0.068016194332 0.119828815977 3.127173 3.26062322946
0.0679611650485 0.119828815977 3.124289 3.26345609065
0.0676873489122 0.119828815977 3.115583 3.2776203966
0.0684380032206 0.121255349501 3.115191 3.2776203966
0.0684380032206 0.121255349501 3.115191 3.2776203966
0.0691874497184 0.122681883024 3.113396 3.2776203966
0.0689655172414 0.122681883024 3.105298 3.28895184136
0.0689102564103 0.122681883024 3.105094 3.29178470255
0.0687450039968 0.122681883024 3.101313 3.30028328612
0.0686900958466 0.122681883024 3.100121 3.30311614731
0.0678233438486 0.122681883024 3.075768 3.34844192635
0.0677698975571 0.122681883024 3.075047 3.35127478754
0.0662557781202 0.122681883024 3.043484 3.43342776204
0.0662047729022 0.122681883024 3.041947 3.43626062323
0.0662047729022 0.122681883024 3.041947 3.43626062323
0.0669230769231 0.124108416548 3.039381 3.43626062323
0.0663615560641 0.124108416548 3.025248 3.46742209632
0.0663109756098 0.124108416548 3.022171 3.47025495751
0.0659090909091 0.124108416548 3.013306 3.49291784703
0.0666161998486 0.125534950071 3.012877 3.49291784703
0.065671641791 0.125534950071 2.98123 3.54674220963
0.0663683818046 0.126961483595 2.980835 3.54674220963
0.066269545793 0.126961483595 2.980697 3.55240793201
0.0669642857143 0.128388017118 2.97959 3.55240793201
0.0669144981413 0.128388017118 2.978764 3.5552407932
0.0668647845468 0.128388017118 2.975955 3.55807365439
0.0663716814159 0.128388017118 2.941307 3.58640226629
0.066322770818 0.128388017118 2.941167 3.58923512748
0.065264684554 0.128388017118 2.899594 3.65155807365
0.0652173913043 0.128388017118 2.899323 3.65439093484
0.0651230101302 0.128388017118 2.896682 3.66005665722
0.0650759219089 0.128388017118 2.895057 3.66288951841
0.0649819494585 0.128388017118 2.888281 3.66855524079
0.0656565656566 0.129814550642 2.88767 3.66855524079
0.0635918937806 0.129814550642 2.757784 3.79603399433
0.0635474860335 0.129814550642 2.756898 3.79886685552
0.0631944444444 0.129814550642 2.726288 3.82152974504
0.0638445523942 0.131241084165 2.721851 3.82152974504
0.0631001371742 0.131241084165 2.682694 3.86968838527
0.0637422892392 0.132667617689 2.680793 3.86968838527
0.061876247505 0.132667617689 2.597476 3.99433427762
0.061835106383 0.132667617689 2.597013 3.99716713881
0.0612648221344 0.132667617689 2.55885 4.03682719547
0.0612244897959 0.132667617689 2.558103 4.03966005666
0.0611439842209 0.132667617689 2.555175 4.04532577904
0.0617608409987 0.134094151213 2.554851 4.04532577904
0.0612777053455 0.134094151213 2.54276 4.07932011331
0.0618892508143 0.135520684736 2.536826 4.07932011331
0.0612113402062 0.135520684736 2.51288 4.12747875354
0.0611719253059 0.135520684736 2.512438 4.13031161473
0.0605095541401 0.135520684736 2.474715 4.17847025496
0.0611075747931 0.13694721826 2.470288 4.17847025496
0.0609911054638 0.13694721826 2.465094 4.18696883853
0.0615873015873 0.138373751783 2.464102 4.18696883853
0.0610446821901 0.138373751783 2.430931 4.22662889518
0.0610062893082 0.138373751783 2.430931 4.22946175637
0.0610062893082 0.138373751783 2.430931 4.22946175637
0.0615964802011 0.139800285307 2.428755 4.22946175637
0.0606811145511 0.139800285307 2.349221 4.29745042493
0.0612623762376 0.14122681883 2.345642 4.29745042493
0.0612244897959 0.14122681883 2.343318 4.30028328612
0.061804697157 0.142653352354 2.339596 4.30028328612
0.0615763546798 0.142653352354 2.331566 4.31728045326
0.0621538461538 0.144079885877 2.330872 4.31728045326
0.0610640870617 0.144079885877 2.27125 4.39943342776
0.0616314199396 0.145506419401 2.270233 4.39943342776
0.0615199034982 0.145506419401 2.263247 4.40793201133
0.0614828209765 0.145506419401 2.259448 4.41076487252
0.0614087898856 0.145506419401 2.258386 4.4164305949
0.0619735258724 0.146932952924 2.252844 4.4164305949
0.0615660490137 0.146932952924 2.223869 4.44759206799
0.0615292712067 0.146932952924 2.223032 4.45042492918
0.0602691632534 0.146932952924 2.150184 4.54957507082
0.0602339181287 0.146932952924 2.147663 4.55240793201
0.0601987142022 0.146932952924 2.144305 4.5552407932
0.0607476635514 0.148359486448 2.140088 4.5552407932
0.0597357840322 0.148359486448 2.033948 4.63739376771
0.0602755453502 0.149786019971 2.033544 4.63739376771
0.0599657338664 0.149786019971 2.009126 4.66288951841
0.060502283105 0.151212553495 2.009019 4.66288951841
0.0601589103292 0.151212553495 1.967297 4.69121813031
0.0601247872944 0.151212553495 1.963892 4.6940509915
0.0599547511312 0.151212553495 1.956127 4.70821529745
0.0599208592425 0.151212553495 1.953629 4.71104815864
0.0591517857143 0.151212553495 1.902829 4.77620396601
0.0591187953151 0.151212553495 1.897481 4.7790368272
0.058856191005 0.151212553495 1.84788 4.80169971671
0.0593784683685 0.152639087019 1.834861 4.80169971671
0.0587912087912 0.152639087019 1.784609 4.85269121813
0.0593080724876 0.154065620542 1.779575 4.85269121813
0.0591456736035 0.154065620542 1.748686 4.86685552408
0.0596606458675 0.155492154066 1.747649 4.86685552408
0.0593358737071 0.155492154066 1.719741 4.89518413598
0.0598476605005 0.156918687589 1.718868 4.89518413598
0.0595238095238 0.156918687589 1.694944 4.92351274788
0.060032449973 0.158345221113 1.693268 4.92351274788
0.0598705501618 0.158345221113 1.68595 4.93767705382
0.0603773584906 0.159771754636 1.684914 4.93767705382
0.0596696856686 0.159771754636 1.623576 5.0
0.0601703940362 0.16119828816 1.621614 5.0
0.0600425079702 0.16119828816 1.609351 5.01133144476
0.0600106213489 0.16119828816 1.609351 5.01416430595
0.0594736842105 0.16119828816 1.572361 5.06232294618
0.0594423987375 0.16119828816 1.570813 5.06515580737
0.0592243186583 0.16119828816 1.542823 5.08498583569
0.0591932949188 0.16119828816 1.539873 5.08781869688
0.0589462702139 0.16119828816 1.491658 5.1104815864
0.0594369134515 0.162624821683 1.491315 5.1104815864
0.0591593149974 0.162624821683 1.476503 5.13597733711
0.0591286307054 0.162624821683 1.473518 5.1388101983
0.058975685463 0.162624821683 1.449242 5.15297450425
0.0589451913133 0.162624821683 1.446602 5.15580736544
0.0582524271845 0.162624821683 1.34523 5.2209631728
0.05873340143 0.164051355207 1.341312 5.2209631728
0.0584349593496 0.164051355207 1.32071 5.2492917847
0.0589131538852 0.16547788873 1.320538 5.2492917847
0.0560928433269 0.16547788873 0.685368 5.52974504249
0.0565490575157 0.166904422254 0.68328 5.52974504249
0.0560076591671 0.166904422254 0.147964 5.58640226629
0.055980861244 0.166904422254 0.082133 5.58923512748
