1.0 0.0 inf 0.0
1.0 0.00142653352354 9.013265 0.0
1.0 0.00142653352354 9.013265 0.0
0.5 0.00142653352354 8.883469 0.0028328611898
0.5 0.00142653352354 8.883469 0.0028328611898
0.333333333333 0.00142653352354 8.728572 0.0056657223796
0.25 0.00142653352354 8.64762 0.00849858356941
0.4 0.00285306704708 8.574587 0.00849858356941
0.4 0.00285306704708 8.574587 0.00849858356941
0.333333333333 0.00285306704708 8.49513 0.0113314447592
0.333333333333 0.00285306704708 8.49513 0.0113314447592
0.285714285714 0.00285306704708 8.413513 0.014164305949
0.285714285714 0.00285306704708 8.413513 0.014164305949
0.25 0.00285306704708 8.291371 0.0169971671388
0.25 0.00285306704708 8.291371 0.0169971671388
0.333333333333 0.00427960057061 8.219538 0.0169971671388
0.25 0.00427960057061 8.014846 0.0254957507082
0.230769230769 0.00427960057061 8.005821 0.028328611898
0.214285714286 0.00427960057061 7.964972 0.0311614730878
0.2 0.00427960057061 7.964377 0.0339943342776
0.1875 0.00427960057061 7.914122 0.0368271954674
0.176470588235 0.00427960057061 7.912356 0.0396600566572
0.166666666667 0.00427960057061 7.89877 0.042492917847
0.157894736842 0.00427960057061 7.876225 0.0453257790368
0.130434782609 0.00427960057061 7.743796 0.056657223796
0.125 0.00427960057061 7.693444 0.0594900849858
0.125 0.00427960057061 7.693444 0.0594900849858
0.12 0.00427960057061 7.690177 0.0623229461756
0.12 0.00427960057061 7.690177 0.0623229461756
0.115384615385 0.00427960057061 7.685859 0.0651558073654
0.103448275862 0.00427960057061 7.628784 0.0736543909348
0.1 0.00427960057061 7.60481 0.0764872521246
0.0967741935484 0.00427960057061 7.58953 0.0793201133144
0.09375 0.00427960057061 7.583073 0.0821529745042
0.09375 0.00427960057061 7.583073 0.0821529745042
0.0909090909091 0.00427960057061 7.566069 0.0849858356941
0.0909090909091 0.00427960057061 7.566069 0.0849858356941
0.0882352941176 0.00427960057061 7.563789 0.0878186968839
0.0857142857143 0.00427960057061 7.561289 0.0906515580737
0.0833333333333 0.00427960057061 7.555832 0.0934844192635
0.0810810810811 0.00427960057061 7.55336 0.0963172804533
0.105263157895 0.00570613409415 7.489131 0.0963172804533
0.105263157895 0.00570613409415 7.489131 0.0963172804533
0.102564102564 0.00570613409415 7.443892 0.0991501416431
0.0975609756098 0.00570613409415 7.407397 0.104815864023
0.0952380952381 0.00570613409415 7.388568 0.107648725212
0.0952380952381 0.00570613409415 7.388568 0.107648725212
0.116279069767 0.00713266761769 7.384385 0.107648725212
0.106382978723 0.00713266761769 7.309332 0.118980169972
0.125 0.00855920114123 7.306724 0.118980169972
0.125 0.00855920114123 7.306724 0.118980169972
0.122448979592 0.00855920114123 7.295203 0.121813031161
0.12 0.00855920114123 7.272249 0.124645892351
0.117647058824 0.00855920114123 7.266248 0.127478753541
0.11320754717 0.00855920114123 7.216612 0.133144475921
0.111111111111 0.00855920114123 7.210746 0.13597733711
0.109090909091 0.00855920114123 7.206361 0.1388101983
0.107142857143 0.00855920114123 7.173276 0.14164305949
0.103448275862 0.00855920114123 7.153769 0.14730878187
0.118644067797 0.00998573466476 7.120998 0.14730878187
0.114754098361 0.00998573466476 7.085692 0.152974504249
0.112903225806 0.00998573466476 7.079572 0.155807365439
0.107692307692 0.00998573466476 7.068721 0.164305949008
0.121212121212 0.0114122681883 7.066289 0.164305949008
0.112676056338 0.0114122681883 7.045356 0.178470254958
0.111111111111 0.0114122681883 7.0344 0.181303116147
0.111111111111 0.0114122681883 7.0344 0.181303116147
0.109589041096 0.0114122681883 7.031717 0.184135977337
0.109589041096 0.0114122681883 7.031717 0.184135977337
0.121621621622 0.0128388017118 7.026341 0.184135977337
0.121621621622 0.0128388017118 7.026341 0.184135977337
0.12 0.0128388017118 7.01764 0.186968838527
0.115384615385 0.0128388017118 7.000637 0.195467422096
0.113924050633 0.0128388017118 6.997505 0.198300283286
0.1125 0.0128388017118 6.981792 0.201133144476
0.111111111111 0.0128388017118 6.962113 0.203966005666
0.111111111111 0.0128388017118 6.962113 0.203966005666
0.109756097561 0.0128388017118 6.958733 0.206798866856
0.109756097561 0.0128388017118 6.958733 0.206798866856
0.10843373494 0.0128388017118 6.95715 0.209631728045
0.103448275862 0.0128388017118 6.928734 0.220963172805
0.113636363636 0.0142653352354 6.927991 0.220963172805
0.103092783505 0.0142653352354 6.894303 0.246458923513
0.102040816327 0.0142653352354 6.893587 0.249291784703
0.0934579439252 0.0142653352354 6.863621 0.274787535411
0.0925925925926 0.0142653352354 6.854418 0.277620396601
0.0925925925926 0.0142653352354 6.854418 0.277620396601
0.100917431193 0.0156918687589 6.853734 0.277620396601
0.100917431193 0.0156918687589 6.853734 0.277620396601
0.1 0.0156918687589 6.851959 0.28045325779
0.0964912280702 0.0156918687589 6.834114 0.29178470255
0.095652173913 0.0156918687589 6.833428 0.294617563739
0.0940170940171 0.0156918687589 6.827461 0.300283286119
0.101694915254 0.0171184022825 6.820295 0.300283286119
0.099173553719 0.0171184022825 6.818699 0.308781869688
0.0983606557377 0.0171184022825 6.816178 0.311614730878
0.0975609756098 0.0171184022825 6.816095 0.314447592068
0.0967741935484 0.0171184022825 6.809471 0.317280453258
0.096 0.0171184022825 6.805989 0.320113314448
0.0952380952381 0.0171184022825 6.804197 0.322946175637
0.0909090909091 0.0171184022825 6.747945 0.339943342776
0.0902255639098 0.0171184022825 6.742696 0.342776203966
0.0902255639098 0.0171184022825 6.742696 0.342776203966
0.089552238806 0.0171184022825 6.740051 0.345609065156
0.089552238806 0.0171184022825 6.740051 0.345609065156
0.0888888888889 0.0171184022825 6.738297 0.348441926346
0.0875912408759 0.0171184022825 6.735159 0.354107648725
0.0942028985507 0.018544935806 6.715129 0.354107648725
0.0915492957746 0.018544935806 6.688231 0.365439093484
0.0909090909091 0.018544935806 6.683105 0.368271954674
0.0890410958904 0.018544935806 6.678889 0.376770538244
0.0884353741497 0.018544935806 6.671617 0.379603399433
0.0878378378378 0.018544935806 6.668231 0.382436260623
0.0872483221477 0.018544935806 6.666451 0.385269121813
0.0872483221477 0.018544935806 6.666451 0.385269121813
0.0866666666667 0.018544935806 6.664794 0.388101983003
0.0860927152318 0.018544935806 6.66175 0.390934844193
0.0855263157895 0.018544935806 6.659772 0.393767705382
0.0833333333333 0.018544935806 6.642405 0.405099150142
0.0828025477707 0.018544935806 6.639463 0.407932011331
0.0807453416149 0.018544935806 6.598309 0.419263456091
0.0802469135802 0.018544935806 6.594196 0.42209631728
0.0792682926829 0.018544935806 6.585667 0.42776203966
0.0848484848485 0.0199714693295 6.579891 0.42776203966
0.0843373493976 0.0199714693295 6.574907 0.43059490085
0.0898203592814 0.0213980028531 6.569338 0.43059490085
0.0887573964497 0.0213980028531 6.567035 0.436260623229
0.0882352941176 0.0213980028531 6.566294 0.439093484419
0.0882352941176 0.0213980028531 6.566294 0.439093484419
0.0877192982456 0.0213980028531 6.566043 0.441926345609
0.0872093023256 0.0213980028531 6.565088 0.444759206799
0.0867052023121 0.0213980028531 6.559652 0.447592067989
0.0862068965517 0.0213980028531 6.554375 0.450424929178
0.0857142857143 0.0213980028531 6.551537 0.453257790368
0.0852272727273 0.0213980028531 6.548235 0.456090651558
0.090395480226 0.0228245363766 6.529197 0.456090651558
0.090395480226 0.0228245363766 6.529197 0.456090651558
0.0898876404494 0.0228245363766 6.528398 0.458923512748
0.0898876404494 0.0228245363766 6.528398 0.458923512748
0.0949720670391 0.0242510699001 6.525265 0.458923512748
0.0949720670391 0.0242510699001 6.525265 0.458923512748
0.0944444444444 0.0242510699001 6.522581 0.461756373938
0.0913978494624 0.0242510699001 6.503788 0.478753541076
0.0909090909091 0.0242510699001 6.493757 0.481586402266
0.0909090909091 0.0242510699001 6.493757 0.481586402266
0.0904255319149 0.0242510699001 6.492454 0.484419263456
0.0899470899471 0.0242510699001 6.487401 0.487252124646
0.0894736842105 0.0242510699001 6.487285 0.490084985836
0.0894736842105 0.0242510699001 6.487285 0.490084985836
0.0890052356021 0.0242510699001 6.485345 0.492917847025
0.0890052356021 0.0242510699001 6.485345 0.492917847025
0.0885416666667 0.0242510699001 6.482169 0.495750708215
0.0876288659794 0.0242510699001 6.472153 0.501416430595
0.0871794871795 0.0242510699001 6.469196 0.504249291785
0.0867346938776 0.0242510699001 6.467722 0.507082152975
0.0862944162437 0.0242510699001 6.461318 0.509915014164
0.0854271356784 0.0242510699001 6.445805 0.515580736544
0.085 0.0242510699001 6.442827 0.518413597734
0.0829268292683 0.0242510699001 6.440032 0.532577903683
0.0825242718447 0.0242510699001 6.418893 0.535410764873
0.0821256038647 0.0242510699001 6.417323 0.538243626062
0.0865384615385 0.0256776034237 6.409009 0.538243626062
0.0865384615385 0.0256776034237 6.409009 0.538243626062
0.0861244019139 0.0256776034237 6.407683 0.541076487252
0.0849056603774 0.0256776034237 6.402777 0.549575070822
0.0845070422535 0.0256776034237 6.402267 0.552407932011
0.0837209302326 0.0256776034237 6.396921 0.558073654391
0.0833333333333 0.0256776034237 6.394212 0.560906515581
0.0833333333333 0.0256776034237 6.394212 0.560906515581
0.0829493087558 0.0256776034237 6.393093 0.563739376771
0.0821917808219 0.0256776034237 6.392245 0.56940509915
0.0818181818182 0.0256776034237 6.387722 0.57223796034
0.0818181818182 0.0256776034237 6.387722 0.57223796034
0.0859728506787 0.0271041369472 6.385274 0.57223796034
0.085201793722 0.0271041369472 6.379103 0.57790368272
0.0848214285714 0.0271041369472 6.377388 0.580736543909
0.0844444444444 0.0271041369472 6.375211 0.583569405099
0.0840707964602 0.0271041369472 6.3652 0.586402266289
0.0826086956522 0.0271041369472 6.32787 0.597733711048
0.0865800865801 0.0285306704708 6.327548 0.597733711048
0.084388185654 0.0285306704708 6.301183 0.614730878187
0.0840336134454 0.0285306704708 6.297796 0.617563739377
0.0840336134454 0.0285306704708 6.297796 0.617563739377
0.0836820083682 0.0285306704708 6.297236 0.620396600567
0.0829875518672 0.0285306704708 6.289186 0.626062322946
0.0826446280992 0.0285306704708 6.288799 0.628895184136
0.0793650793651 0.0285306704708 6.264064 0.657223796034
0.0790513833992 0.0285306704708 6.256859 0.660056657224
0.0787401574803 0.0285306704708 6.253242 0.662889518414
0.078431372549 0.0285306704708 6.253197 0.665722379603
0.0772200772201 0.0285306704708 6.233 0.677053824363
0.0769230769231 0.0285306704708 6.230328 0.679886685552
0.0766283524904 0.0285306704708 6.228244 0.682719546742
0.0763358778626 0.0285306704708 6.226061 0.685552407932
0.0763358778626 0.0285306704708 6.226061 0.685552407932
0.0760456273764 0.0285306704708 6.225411 0.688385269122
0.0749063670412 0.0285306704708 6.219319 0.699716713881
0.0783582089552 0.0299572039943 6.215609 0.699716713881
0.0758122743682 0.0299572039943 6.179982 0.725212464589
0.0791366906475 0.0313837375178 6.174925 0.725212464589
0.078853046595 0.0313837375178 6.174548 0.728045325779
0.0785714285714 0.0313837375178 6.172736 0.730878186969
0.076124567474 0.0313837375178 6.149281 0.756373937677
0.0758620689655 0.0313837375178 6.144224 0.759206798867
0.0738255033557 0.0313837375178 6.120286 0.781869688385
0.0735785953177 0.0313837375178 6.108129 0.784702549575
0.0735785953177 0.0313837375178 6.108129 0.784702549575
0.0733333333333 0.0313837375178 6.105542 0.787535410765
0.0726072607261 0.0313837375178 6.100595 0.796033994334
0.0723684210526 0.0313837375178 6.100504 0.798866855524
0.0714285714286 0.0313837375178 6.09123 0.810198300283
0.0744336569579 0.0328102710414 6.09056 0.810198300283
0.073482428115 0.0328102710414 6.075566 0.821529745042
0.0732484076433 0.0328102710414 6.075034 0.824362606232
0.0723270440252 0.0328102710414 6.061408 0.835694050992
0.0721003134796 0.0328102710414 6.06089 0.838526912181
0.0712074303406 0.0328102710414 6.057949 0.849858356941
0.070987654321 0.0328102710414 6.057078 0.85269121813
0.069696969697 0.0328102710414 6.045817 0.869688385269
0.0725075528701 0.0342368045649 6.038332 0.869688385269
0.0722891566265 0.0342368045649 6.037864 0.872521246459
0.0720720720721 0.0342368045649 6.031466 0.875354107649
0.0718562874251 0.0342368045649 6.031198 0.878186968839
0.0716417910448 0.0342368045649 6.029336 0.881019830028
0.0714285714286 0.0342368045649 6.028984 0.883852691218
0.0712166172107 0.0342368045649 6.027798 0.886685552408
0.0710059171598 0.0342368045649 6.025621 0.889518413598
0.070796460177 0.0342368045649 6.023785 0.892351274788
0.0703812316716 0.0342368045649 6.019999 0.898016997167
0.0701754385965 0.0342368045649 6.019601 0.900849858357
0.0701754385965 0.0342368045649 6.019601 0.900849858357
0.069970845481 0.0342368045649 6.016278 0.903682719547
0.0683760683761 0.0342368045649 5.995688 0.926345609065
0.0710227272727 0.0356633380884 5.98666 0.926345609065
0.0704225352113 0.0356633380884 5.974804 0.934844192635
0.0702247191011 0.0356633380884 5.972929 0.937677053824
0.0700280112045 0.0356633380884 5.969657 0.940509915014
0.0698324022346 0.0356633380884 5.967551 0.943342776204
0.0692520775623 0.0356633380884 5.964782 0.951841359773
0.0690607734807 0.0356633380884 5.963628 0.954674220963
0.068870523416 0.0356633380884 5.963295 0.957507082153
0.0686813186813 0.0356633380884 5.956417 0.960339943343
0.0677506775068 0.0356633380884 5.925453 0.974504249292
0.0702702702703 0.037089871612 5.924299 0.974504249292
0.0697050938338 0.037089871612 5.921857 0.983002832861
0.0695187165775 0.037089871612 5.921037 0.985835694051
0.0693333333333 0.037089871612 5.919038 0.988668555241
0.0691489361702 0.037089871612 5.91178 0.991501416431
0.0689655172414 0.037089871612 5.910207 0.99433427762
0.0687830687831 0.037089871612 5.907869 0.99716713881
0.0673575129534 0.037089871612 5.893109 1.01983002833
0.0671834625323 0.037089871612 5.891491 1.02266288952
0.0661577608142 0.037089871612 5.886237 1.03966005666
0.0685279187817 0.0385164051355 5.885776 1.03966005666
0.0675 0.0385164051355 5.870919 1.0566572238
0.0673316708229 0.0385164051355 5.870206 1.05949008499
0.0671641791045 0.0385164051355 5.862561 1.06232294618
0.0669975186104 0.0385164051355 5.862397 1.06515580737
0.0663390663391 0.0385164051355 5.84696 1.07648725212
0.0661764705882 0.0385164051355 5.842405 1.07932011331
0.0656934306569 0.0385164051355 5.838395 1.08781869688
0.0655339805825 0.0385164051355 5.83804 1.09065155807
0.0652173913043 0.0385164051355 5.833143 1.09631728045
0.0650602409639 0.0385164051355 5.829911 1.09915014164
0.0644391408115 0.0385164051355 5.82224 1.1104815864
0.0642857142857 0.0385164051355 5.820442 1.11331444759
0.063829787234 0.0385164051355 5.812567 1.12181303116
0.063679245283 0.0385164051355 5.812531 1.12464589235
0.0627906976744 0.0385164051355 5.790241 1.14164305949
0.0626450116009 0.0385164051355 5.788564 1.14447592068
0.0613636363636 0.0385164051355 5.738947 1.16997167139
0.0612244897959 0.0385164051355 5.736649 1.17280453258
0.0612244897959 0.0385164051355 5.736649 1.17280453258
0.0610859728507 0.0385164051355 5.732076 1.17563739377
0.0610859728507 0.0385164051355 5.732076 1.17563739377
0.0632054176072 0.0399429386591 5.728032 1.17563739377
0.0632054176072 0.0399429386591 5.728032 1.17563739377
0.0630630630631 0.0399429386591 5.727324 1.17847025496
0.0618101545254 0.0399429386591 5.703144 1.20396600567
0.0638766519824 0.0413694721826 5.698773 1.20396600567
0.0635964912281 0.0413694721826 5.695018 1.20963172805
0.0634573304158 0.0413694721826 5.694095 1.21246458924
0.0634573304158 0.0413694721826 5.694095 1.21246458924
0.0633187772926 0.0413694721826 5.692673 1.21529745042
0.0618336886994 0.0413694721826 5.664172 1.24645892351
0.0617021276596 0.0413694721826 5.663469 1.2492917847
0.0617021276596 0.0413694721826 5.663469 1.2492917847
0.0615711252654 0.0413694721826 5.661188 1.25212464589
0.061310782241 0.0413694721826 5.657897 1.25779036827
0.0611814345992 0.0413694721826 5.654953 1.26062322946
0.0609243697479 0.0413694721826 5.641516 1.26628895184
0.0607966457023 0.0413694721826 5.639656 1.26912181303
0.0601659751037 0.0413694721826 5.620405 1.28328611898
0.0600414078675 0.0413694721826 5.619606 1.28611898017
0.0595482546201 0.0413694721826 5.613279 1.29745042493
0.0594262295082 0.0413694721826 5.610716 1.30028328612
0.0587044534413 0.0413694721826 5.599689 1.31728045326
0.0585858585859 0.0413694721826 5.598068 1.32011331445
0.0578842315369 0.0413694721826 5.573839 1.33711048159
0.0577689243028 0.0413694721826 5.572591 1.33994334278
0.056974459725 0.0413694721826 5.556247 1.3597733711
0.0588235294118 0.0427960057061 5.552503 1.3597733711
0.05859375 0.0427960057061 5.546806 1.36543909348
0.0584795321637 0.0427960057061 5.535167 1.36827195467
0.0584795321637 0.0427960057061 5.535167 1.36827195467
0.0583657587549 0.0427960057061 5.532256 1.37110481586
0.0582524271845 0.0427960057061 5.531808 1.37393767705
0.0581395348837 0.0427960057061 5.531204 1.37677053824
0.0579150579151 0.0427960057061 5.528003 1.38243626062
0.0578034682081 0.0427960057061 5.527621 1.38526912181
0.0576923076923 0.0427960057061 5.526257 1.388101983
0.0575815738964 0.0427960057061 5.525671 1.39093484419
0.0570342205323 0.0427960057061 5.511866 1.40509915014
0.0588235294118 0.0442225392297 5.510045 1.40509915014
0.0578358208955 0.0442225392297 5.451711 1.43059490085
0.0577281191806 0.0442225392297 5.437938 1.43342776204
0.0577281191806 0.0442225392297 5.437938 1.43342776204
0.0594795539033 0.0456490727532 5.43077 1.43342776204
0.0588235294118 0.0456490727532 5.412862 1.45042492918
0.0605504587156 0.0470756062767 5.409906 1.45042492918
0.0601092896175 0.0470756062767 5.397455 1.46175637394
0.06 0.0470756062767 5.396433 1.46458923513
0.06 0.0470756062767 5.396433 1.46458923513
0.0617059891107 0.0485021398003 5.395216 1.46458923513
0.0611510791367 0.0485021398003 5.386085 1.47875354108
0.0610412926391 0.0485021398003 5.382966 1.48158640227
0.0609318996416 0.0485021398003 5.377749 1.48441926346
0.0626118067979 0.0499286733238 5.377635 1.48441926346
0.0614035087719 0.0499286733238 5.358159 1.51558073654
0.061295971979 0.0499286733238 5.356532 1.51841359773
0.0606585788562 0.0499286733238 5.335116 1.53541076487
0.060553633218 0.0499286733238 5.335098 1.53824362606
0.0602409638554 0.0499286733238 5.328071 1.54674220963
0.0601374570447 0.0499286733238 5.324951 1.54957507082
0.0597269624573 0.0499286733238 5.318963 1.56090651558
0.0596252129472 0.0499286733238 5.318186 1.56373937677
0.0592216582064 0.0499286733238 5.305315 1.57507082153
0.0591216216216 0.0499286733238 5.302891 1.57790368272
0.0588235294118 0.0499286733238 5.296866 1.58640226629
0.0587248322148 0.0499286733238 5.290943 1.58923512748
0.0587248322148 0.0499286733238 5.290943 1.58923512748
0.0586264656616 0.0499286733238 5.28429 1.59206798867
0.0584307178631 0.0499286733238 5.274943 1.59773371105
0.06 0.0513552068474 5.270657 1.59773371105
0.0596026490066 0.0513552068474 5.253737 1.60906515581
0.0611570247934 0.0527817403709 5.245121 1.60906515581
0.0597738287561 0.0527817403709 5.208309 1.64872521246
0.0596774193548 0.0527817403709 5.205129 1.65155807365
0.0594855305466 0.0527817403709 5.203798 1.65722379603
0.0593900481541 0.0527817403709 5.201861 1.66005665722
0.0590111642743 0.0527817403709 5.195689 1.67138810198
0.0589171974522 0.0527817403709 5.194704 1.67422096317
0.0588235294118 0.0527817403709 5.191051 1.67705382436
0.0587301587302 0.0527817403709 5.190064 1.67988668555
0.0582677165354 0.0527817403709 5.178957 1.6940509915
0.0581761006289 0.0527817403709 5.178932 1.69688385269
0.0578125 0.0527817403709 5.174363 1.70821529745
0.0592823712949 0.0542082738944 5.168798 1.70821529745
0.0590979782271 0.0542082738944 5.166462 1.71388101983
0.0590062111801 0.0542082738944 5.16475 1.71671388102
0.0588235294118 0.0542082738944 5.164266 1.7223796034
0.0587326120556 0.0542082738944 5.161036 1.72521246459
0.0576631259484 0.0542082738944 5.140183 1.75920679887
0.0575757575758 0.0542082738944 5.140069 1.76203966006
0.0573152337858 0.0542082738944 5.134643 1.77053824363
0.0572289156627 0.0542082738944 5.133629 1.77337110482
0.0571428571429 0.0542082738944 5.133389 1.77620396601
0.0570570570571 0.0542082738944 5.132024 1.7790368272
0.0562962962963 0.0542082738944 5.104255 1.8045325779
0.0576923076923 0.055634807418 5.103874 1.8045325779
0.0576923076923 0.055634807418 5.103874 1.8045325779
0.0590841949778 0.0570613409415 5.102046 1.8045325779
0.0589970501475 0.0570613409415 5.099552 1.80736543909
0.0589101620029 0.0570613409415 5.098799 1.81019830028
0.0584795321637 0.0570613409415 5.087384 1.82436260623
0.0583941605839 0.0570613409415 5.085574 1.82719546742
0.0570613409415 0.0570613409415 5.061539 1.87252124646
0.0584045584046 0.058487874465 5.053993 1.87252124646
0.0579096045198 0.058487874465 5.037665 1.8895184136
0.0578279266573 0.058487874465 5.037516 1.89235127479
0.0576652601969 0.058487874465 5.032844 1.89801699717
0.0575842696629 0.058487874465 5.030048 1.90084985836
0.0574229691877 0.058487874465 5.02407 1.90651558074
0.0573426573427 0.058487874465 5.023913 1.90934844193
0.0571030640669 0.058487874465 5.020906 1.9178470255
0.0570236439499 0.058487874465 5.018116 1.92067988669
0.0563186813187 0.058487874465 4.993107 1.94617563739
0.0562414266118 0.058487874465 4.987742 1.94900849858
0.0562414266118 0.058487874465 4.987742 1.94900849858
0.0561643835616 0.058487874465 4.986746 1.95184135977
0.0558583106267 0.058487874465 4.982421 1.96317280453
0.0557823129252 0.058487874465 4.979178 1.96600566572
0.0557065217391 0.058487874465 4.977897 1.96883852691
0.055630936228 0.058487874465 4.975231 1.9716713881
0.055630936228 0.058487874465 4.975231 1.9716713881
0.0569105691057 0.0599144079886 4.973387 1.9716713881
0.0569105691057 0.0599144079886 4.973387 1.9716713881
0.0568335588633 0.0599144079886 4.972786 1.97450424929
0.0559254327563 0.0599144079886 4.954255 2.00849858357
0.0558510638298 0.0599144079886 4.952652 2.01133144476
0.0551905387648 0.0599144079886 4.938028 2.03682719547
0.0551181102362 0.0599144079886 4.935122 2.03966005666
0.0539845758355 0.0599144079886 4.913683 2.08498583569
0.0551989730424 0.0613409415121 4.9127 2.08498583569
0.0550576184379 0.0613409415121 4.909746 2.09065155807
0.0549872122762 0.0613409415121 4.908606 2.09348441926
0.0540880503145 0.0613409415121 4.89213 2.13031161473
0.0540201005025 0.0613409415121 4.888613 2.13314447592
0.0539523212045 0.0613409415121 4.888193 2.13597733711
0.0538847117794 0.0613409415121 4.886931 2.1388101983
0.0538172715895 0.0613409415121 4.881431 2.14164305949
0.055 0.0627674750357 4.88021 2.14164305949
0.0545229244114 0.0627674750357 4.863734 2.16147308782
0.0556930693069 0.0641940085592 4.863692 2.16147308782
0.0547445255474 0.0641940085592 4.837835 2.20113314448
0.0558930741191 0.0656205420827 4.835129 2.20113314448
0.0552220888355 0.0656205420827 4.826434 2.22946175637
0.0563549160671 0.0670470756063 4.825532 2.22946175637
0.0558858501784 0.0670470756063 4.814645 2.2492917847
0.0558194774347 0.0670470756063 4.814219 2.25212464589
0.0550351288056 0.0670470756063 4.791622 2.28611898017
0.0549707602339 0.0670470756063 4.790421 2.28895184136
0.0548424737456 0.0670470756063 4.789999 2.29461756374
0.0559440559441 0.0684736091298 4.789929 2.29461756374
0.0552359033372 0.0684736091298 4.778714 2.32577903683
0.0563218390805 0.0699001426534 4.778501 2.32577903683
0.0562571756602 0.0699001426534 4.778332 2.32861189802
0.0573394495413 0.0713266761769 4.775769 2.32861189802
0.0570776255708 0.0713266761769 4.767453 2.33994334278
0.0570125427594 0.0713266761769 4.761674 2.34277620397
0.0566251415629 0.0713266761769 4.756231 2.3597733711
0.0565610859729 0.0713266761769 4.755165 2.36260623229
0.0563697857948 0.0713266761769 4.751635 2.37110481586
0.0563063063063 0.0713266761769 4.750404 2.37393767705
0.0562429696288 0.0713266761769 4.74994 2.37677053824
0.0561797752809 0.0713266761769 4.747128 2.37960339943
0.0556792873051 0.0713266761769 4.73367 2.40226628895
0.0567296996663 0.0727532097004 4.729172 2.40226628895
0.0567296996663 0.0727532097004 4.729172 2.40226628895
0.0566666666667 0.0727532097004 4.726093 2.40509915014
0.0559210526316 0.0727532097004 4.713708 2.43909348442
0.0558598028478 0.0727532097004 4.713061 2.44192634561
0.0554951033732 0.0727532097004 4.702786 2.45892351275
0.0554347826087 0.0727532097004 4.698337 2.46175637394
0.0548977395048 0.0727532097004 4.68311 2.48725212465
0.0548387096774 0.0727532097004 4.682527 2.49008498584
0.0547210300429 0.0727532097004 4.67999 2.49575070822
0.0546623794212 0.0727532097004 4.678802 2.49858356941
0.0544871794872 0.0727532097004 4.677485 2.50708215297
0.0544290288154 0.0727532097004 4.676584 2.50991501416
0.0544290288154 0.0727532097004 4.676584 2.50991501416
0.0543710021322 0.0727532097004 4.675388 2.51274787535
0.0532915360502 0.0727532097004 4.642062 2.56657223796
0.053235908142 0.0727532097004 4.640958 2.56940509915
0.053235908142 0.0727532097004 4.640958 2.56940509915
0.0531803962461 0.0727532097004 4.640257 2.57223796034
0.0530697190427 0.0727532097004 4.637615 2.57790368272
0.0530145530146 0.0727532097004 4.637122 2.58073654391
0.0528497409326 0.0727532097004 4.626524 2.58923512748
0.0538302277433 0.074179743224 4.625826 2.58923512748
0.0536082474227 0.074179743224 4.622141 2.60056657224
0.053553038105 0.074179743224 4.621092 2.60339943343
0.0533333333333 0.074179743224 4.618017 2.61473087819
0.0532786885246 0.074179743224 4.616899 2.61756373938
0.0529531568228 0.074179743224 4.610162 2.63456090652
0.0528992878942 0.074179743224 4.609312 2.63739376771
0.0528455284553 0.074179743224 4.608847 2.6402266289
0.0527918781726 0.074179743224 4.608787 2.64305949008
0.0521564694082 0.074179743224 4.600454 2.67705382436
0.0521042084168 0.074179743224 4.598575 2.67988668555
0.051638530288 0.074179743224 4.58936 2.70538243626
0.0515873015873 0.074179743224 4.589227 2.70821529745
0.050930460333 0.074179743224 4.579737 2.74504249292
0.0518590998043 0.0756062767475 4.578656 2.74504249292
0.0518084066471 0.0756062767475 4.57805 2.74787535411
0.0517578125 0.0756062767475 4.575777 2.7507082153
0.0514563106796 0.0756062767475 4.571653 2.76770538244
0.0523763336566 0.077032810271 4.571564 2.76770538244
0.0521739130435 0.077032810271 4.567661 2.7790368272
0.0521235521236 0.077032810271 4.567425 2.78186968839
0.0516252390057 0.077032810271 4.557489 2.81019830028
0.0525310410697 0.0784593437946 4.55656 2.81019830028
0.0524809160305 0.0784593437946 4.554513 2.81303116147
0.0524308865586 0.0784593437946 4.554166 2.81586402266
0.0518867924528 0.0784593437946 4.544943 2.84702549575
0.0518378887842 0.0784593437946 4.543872 2.84985835694
0.0513538748833 0.0784593437946 4.534503 2.87818696884
0.0522388059701 0.0798858773181 4.534005 2.87818696884
0.0519480519481 0.0798858773181 4.528129 2.89518413598
0.0518999073216 0.0798858773181 4.526642 2.89801699717
0.0516129032258 0.0798858773181 4.521162 2.91501416431
0.0515653775322 0.0798858773181 4.520059 2.9178470255
0.0515653775322 0.0798858773181 4.520059 2.9178470255
0.0515179392824 0.0798858773181 4.519267 2.92067988669
0.0510948905109 0.0798858773181 4.509887 2.94617563739
0.0510483135825 0.0798858773181 4.508614 2.94900849858
0.0510018214936 0.0798858773181 4.507847 2.95184135977
0.0509554140127 0.0798858773181 4.507319 2.95467422096
0.0506787330317 0.0798858773181 4.505325 2.9716713881
0.0506329113924 0.0798858773181 4.504817 2.97450424929
0.0501342882722 0.0798858773181 4.490724 3.00566572238
0.0509838998211 0.0813124108417 4.490467 3.00566572238
0.0509383378016 0.0813124108417 4.488645 3.00849858357
0.0508928571429 0.0813124108417 4.488624 3.01133144476
0.0504424778761 0.0813124108417 4.478128 3.03966005666
0.0503978779841 0.0813124108417 4.477279 3.04249291785
0.0502202643172 0.0813124108417 4.472391 3.05382436261
0.050176056338 0.0813124108417 4.471666 3.0566572238
0.0491803278689 0.0813124108417 4.45054 3.12181303116
0.0491379310345 0.0813124108417 4.450235 3.12464589235
0.0486763450043 0.0813124108417 4.440699 3.15580736544
0.0486348122867 0.0813124108417 4.439691 3.15864022663
0.0485933503836 0.0813124108417 4.439342 3.16147308782
0.0494037478705 0.0827389443652 4.436486 3.16147308782
0.0487804878049 0.0827389443652 4.419228 3.20396600567
0.0487394957983 0.0827389443652 4.418964 3.20679886686
0.0486577181208 0.0827389443652 4.41505 3.21246458924
0.0486169321039 0.0827389443652 4.414732 3.21529745042
0.0486169321039 0.0827389443652 4.414732 3.21529745042
0.0485762144054 0.0827389443652 4.410404 3.21813031161
0.0483333333333 0.0827389443652 4.406269 3.23512747875
0.0482930890924 0.0827389443652 4.405307 3.23796033994
0.0480928689884 0.0827389443652 4.397424 3.25212464589
0.0480530240265 0.0827389443652 4.394568 3.25495750708
0.0478547854785 0.0827389443652 4.38868 3.26912181303
0.0486397361913 0.0841654778887 4.387282 3.26912181303
0.0484798685292 0.0841654778887 4.385413 3.28045325779
0.0484400656814 0.0841654778887 4.384473 3.28328611898
0.0477732793522 0.0841654778887 4.361254 3.33144475921
0.0477346278317 0.0841654778887 4.36025 3.3342776204
0.0473895582329 0.0841654778887 4.348484 3.3597733711
0.0473515248796 0.0841654778887 4.348307 3.36260623229
0.0469371519491 0.0841654778887 4.339876 3.39376770538
0.0476947535771 0.0855920114123 4.336722 3.39376770538
0.0469483568075 0.0855920114123 4.311667 3.45042492918
0.0469116497263 0.0855920114123 4.311217 3.45325779037
0.0465477114042 0.0855920114123 4.306657 3.48158640227
0.0472868217054 0.0870185449358 4.306485 3.48158640227
0.0469230769231 0.0870185449358 4.299648 3.50991501416
0.0468870099923 0.0870185449358 4.299574 3.51274787535
0.0466360856269 0.0870185449358 4.296708 3.53257790368
0.0466004583652 0.0870185449358 4.296702 3.53541076487
0.0464231354642 0.0870185449358 4.290981 3.54957507082
0.0463878326996 0.0870185449358 4.289746 3.55240793201
0.0450184501845 0.0870185449358 4.24492 3.6657223796
0.0449852507375 0.0870185449358 4.244208 3.66855524079
0.0448859455482 0.0870185449358 4.239779 3.67705382436
0.0448529411765 0.0870185449358 4.239611 3.67988668555
0.0447870778267 0.0870185449358 4.237008 3.68555240793
0.0454878943507 0.0884450784593 4.235743 3.68555240793
0.0454878943507 0.0884450784593 4.235743 3.68555240793
0.0454545454545 0.0884450784593 4.235328 3.68838526912
0.0448950036206 0.0884450784593 4.209366 3.73654390935
0.0448625180897 0.0884450784593 4.209366 3.73937677054
0.0444763271162 0.0884450784593 4.197954 3.77337110482
0.0444444444444 0.0884450784593 4.197019 3.77620396601
0.0444126074499 0.0884450784593 4.196463 3.7790368272
0.0443808160344 0.0884450784593 4.194521 3.78186968839
0.0443173695497 0.0884450784593 4.193306 3.78753541076
0.0442857142857 0.0884450784593 4.192234 3.79036827195
0.0441595441595 0.0884450784593 4.188709 3.80169971671
0.0448398576512 0.0898716119829 4.187893 3.80169971671
0.0445544554455 0.0898716119829 4.179652 3.82719546742
0.0452296819788 0.0912981455064 4.179008 3.82719546742
0.045165843331 0.0912981455064 4.175928 3.8328611898
0.0451339915374 0.0912981455064 4.175815 3.83569405099
0.0451339915374 0.0912981455064 4.175815 3.83569405099
0.0451021846371 0.0912981455064 4.175232 3.83852691218
0.0449122807018 0.0912981455064 4.169801 3.85552407932
0.0455820476858 0.09272467903 4.16657 3.85552407932
0.0453277545328 0.09272467903 4.161571 3.87818696884
0.0452961672474 0.09272467903 4.161146 3.88101983003
0.045170257123 0.09272467903 4.158698 3.89235127479
0.0451388888889 0.09272467903 4.157595 3.89518413598
0.0446735395189 0.09272467903 4.150353 3.93767705382
0.0446428571429 0.09272467903 4.148297 3.94050991501
0.0445816186557 0.09272467903 4.14572 3.94617563739
0.045236463331 0.0941512125535 4.145245 3.94617563739
0.0449897750511 0.0941512125535 4.139179 3.96883852691
0.0449591280654 0.0941512125535 4.139164 3.9716713881
0.044776119403 0.0941512125535 4.131935 3.98866855524
0.0447457627119 0.0941512125535 4.130165 3.99150141643
0.0437375745527 0.0941512125535 4.101325 4.08781869688
0.0437086092715 0.0941512125535 4.101279 4.09065155807
0.042996742671 0.0941512125535 4.078354 4.16147308782
0.04296875 0.0941512125535 4.077337 4.16430594901
0.0423076923077 0.0941512125535 4.054774 4.23229461756
0.0422805893658 0.0941512125535 4.053313 4.23512747875
0.0421455938697 0.0941512125535 4.049606 4.2492917847
0.0421186981493 0.0941512125535 4.049062 4.25212464589
0.0420650095602 0.0941512125535 4.04777 4.25779036827
0.0420382165605 0.0941512125535 4.047601 4.26062322946
0.0411214953271 0.0941512125535 4.017588 4.3597733711
0.0417185554172 0.095577746077 4.017426 4.3597733711
0.041511771995 0.095577746077 4.009007 4.38243626062
0.0421052631579 0.0970042796006 4.008842 4.38243626062
0.041564792176 0.0970042796006 3.997164 4.44192634561
0.0421502748931 0.0984308131241 3.996528 4.44192634561
0.0419198055893 0.0984308131241 3.984899 4.46742209632
0.0425015179114 0.0998573466476 3.984872 4.46742209632
0.0424757281553 0.0998573466476 3.984769 4.47025495751
0.0424499696786 0.0998573466476 3.983504 4.4730878187
0.0423472474289 0.0998573466476 3.979492 4.48441926346
0.0423216444982 0.0998573466476 3.979379 4.48725212465
0.042042042042 0.0998573466476 3.973439 4.51841359773
0.0426170468187 0.101283880171 3.973342 4.51841359773
0.0420865441612 0.101283880171 3.963058 4.57790368272
0.042654028436 0.102710413695 3.96266 4.57790368272
0.0424778761062 0.102710413695 3.957713 4.59773371105
0.0430424528302 0.104136947218 3.957278 4.59773371105
0.0425407925408 0.104136947218 3.947604 4.65439093484
0.0425160163075 0.104136947218 3.947133 4.65722379603
0.0421965317919 0.104136947218 3.936919 4.6940509915
0.0421721548238 0.104136947218 3.933722 4.69688385269
0.0419299253303 0.104136947218 3.92862 4.72521246459
0.0419058553387 0.104136947218 3.927505 4.72804532578
0.0415480933409 0.104136947218 3.91916 4.77053824363
0.0420932878271 0.105563480742 3.916801 4.77053824363
0.0420454545455 0.105563480742 3.915152 4.77620396601
0.0425894378194 0.106990014265 3.914868 4.77620396601
0.0423489553924 0.106990014265 3.908477 4.8045325779
0.0428893905192 0.108416547789 3.907902 4.8045325779
0.0427927927928 0.108416547789 3.905628 4.81586402266
0.0427687113112 0.108416547789 3.902064 4.81869688385
0.0424581005587 0.108416547789 3.896729 4.85552407932
0.0429927414852 0.109843081312 3.896202 4.85552407932
0.0427777777778 0.109843081312 3.887698 4.88101983003
0.0427540255414 0.109843081312 3.886561 4.88385269122
0.0425179458863 0.109843081312 3.881518 4.91218130312
0.0424944812362 0.109843081312 3.879838 4.91501416431
0.0422380691168 0.109843081312 3.871387 4.94617563739
0.0422149122807 0.109843081312 3.870707 4.94900849858
0.0417118093174 0.109843081312 3.852924 5.01133144476
0.0416892257715 0.109843081312 3.851882 5.01416430595
0.0415542363734 0.109843081312 3.846946 5.03116147309
0.042071197411 0.111269614836 3.84637 5.03116147309
0.0419129500269 0.111269614836 3.842408 5.05099150142
0.0418904403867 0.111269614836 3.84163 5.05382436261
0.0417782538832 0.111269614836 3.837196 5.06798866856
0.041755888651 0.111269614836 3.836862 5.07082152975
0.0416666666667 0.111269614836 3.834894 5.0821529745
0.0421783235451 0.112696148359 3.8335 5.0821529745
0.0421558164354 0.112696148359 3.833336 5.08498583569
0.0421333333333 0.112696148359 3.833144 5.08781869688
0.0418210693489 0.112696148359 3.824489 5.12747875354
0.042328042328 0.114122681883 3.824313 5.12747875354
0.0422832980973 0.114122681883 3.822156 5.13314447592
0.0422609614369 0.114122681883 3.821317 5.13597733711
0.0422386483633 0.114122681883 3.820884 5.1388101983
0.0422163588391 0.114122681883 3.819285 5.14164305949
0.0421274354924 0.114122681883 3.817695 5.15297450425
0.0426315789474 0.115549215407 3.816511 5.15297450425
0.0424083769634 0.115549215407 3.804361 5.18130311615
0.0423861852433 0.115549215407 3.80389 5.18413597734
0.0419254658385 0.115549215407 3.78816 5.24362606232
0.0419037765132 0.115549215407 3.787966 5.24645892351
0.0416024653313 0.115549215407 3.773789 5.28611898017
0.0415811088296 0.115549215407 3.773034 5.28895184136
0.0412633723892 0.115549215407 3.760643 5.33144475921
0.0412423625255 0.115549215407 3.760235 5.3342776204
0.040991902834 0.115549215407 3.753231 5.36827195467
0.040971168437 0.115549215407 3.751175 5.37110481586
0.0409297625063 0.115549215407 3.749346 5.37677053824
0.0409090909091 0.115549215407 3.74932 5.37960339943
0.0406626506024 0.115549215407 3.743697 5.41359773371
0.0406422478675 0.115549215407 3.742762 5.4164305949
0.0404595404595 0.115549215407 3.732474 5.44192634561
0.0404393409885 0.115549215407 3.732139 5.4447592068
0.0404393409885 0.115549215407 3.732139 5.4447592068
0.0404191616766 0.115549215407 3.731939 5.44759206799
0.0403788634098 0.115549215407 3.729135 5.45325779037
0.0408570004983 0.11697574893 3.728731 5.45325779037
0.0403741999015 0.11697574893 3.710003 5.52124645892
0.0403543307087 0.11697574893 3.70978 5.52407932011
0.039902676399 0.11697574893 3.699092 5.58923512748
0.0398832684825 0.11697574893 3.697752 5.59206798867
0.0398638794361 0.11697574893 3.69676 5.59490084986
0.0398445092323 0.11697574893 3.695991 5.59773371105
0.0396326727888 0.11697574893 3.691688 5.62889518414
0.03961352657 0.11697574893 3.69101 5.63172804533
0.0392532312111 0.11697574893 3.679912 5.68555240793
0.0392344497608 0.11697574893 3.679524 5.68838526912
0.0391221374046 0.11697574893 3.677064 5.70538243626
0.0395803528851 0.118402282454 3.676533 5.70538243626
0.0393551446183 0.118402282454 3.67022 5.73937677054
0.039336492891 0.118402282454 3.669838 5.74220963173
0.0393178588347 0.118402282454 3.66975 5.74504249292
0.0397727272727 0.119828815977 3.66636 5.74504249292
0.0397163120567 0.119828815977 3.663747 5.75354107649
0.0396975425331 0.119828815977 3.663341 5.75637393768
0.0395108184384 0.119828815977 3.65669 5.78470254958
0.0394922425952 0.119828815977 3.65625 5.78753541076
0.0394181135617 0.119828815977 3.651836 5.79886685552
0.0393996247655 0.119828815977 3.650913 5.80169971671
0.0392890551918 0.119828815977 3.648824 5.81869688385
0.039270687237 0.119828815977 3.648054 5.82152974504
0.0391061452514 0.119828815977 3.64274 5.84702549575
0.0390879478827 0.119828815977 3.641681 5.84985835694
0.0384615384615 0.119828815977 3.619922 5.94900849858
0.0389016018307 0.121255349501 3.619584 5.94900849858
0.0388482632541 0.121255349501 3.618547 5.95750708215
0.0388305162175 0.121255349501 3.616532 5.96033994334
0.038742023701 0.121255349501 3.613316 5.97450424929
0.0387243735763 0.121255349501 3.613256 5.97733711048
0.0385138196647 0.121255349501 3.603518 6.01133144476
0.0389492753623 0.122681883024 3.60259 6.01133144476
0.0385996409336 0.122681883024 3.588274 6.06798866856
0.0385823239121 0.122681883024 3.588148 6.07082152975
0.0382052421146 0.122681883024 3.570458 6.13314447592
0.038188277087 0.122681883024 3.570317 6.13597733711
0.0381713271194 0.122681883024 3.569446 6.1388101983
0.0381543921917 0.122681883024 3.568856 6.14164305949
0.0381543921917 0.122681883024 3.568856 6.14164305949
0.0381374722838 0.122681883024 3.56787 6.14447592068
0.0380868024801 0.122681883024 3.56657 6.15297450425
0.0380699424524 0.122681883024 3.566537 6.15580736544
0.0379858657244 0.122681883024 3.563255 6.16997167139
0.0384105960265 0.124108416548 3.56233 6.16997167139
0.0380244755245 0.124108416548 3.550278 6.23512747875
0.0384447356924 0.125534950071 3.549138 6.23512747875
0.0383944153578 0.125534950071 3.546959 6.24362606232
0.0383776711731 0.125534950071 3.546911 6.24645892351
0.0383442265795 0.125534950071 3.544816 6.25212464589
0.0383275261324 0.125534950071 3.544304 6.25495750708
0.0383108402264 0.125534950071 3.542825 6.25779036827
0.038729329852 0.126961483595 3.542414 6.25779036827
0.0383786114705 0.126961483595 3.532697 6.31728045326
0.0383620689655 0.126961483595 3.531989 6.32011331445
0.0382466695316 0.126961483595 3.524286 6.33994334278
0.0386597938144 0.128388017118 3.524103 6.33994334278
0.0386431945041 0.128388017118 3.523225 6.34277620397
0.0390557939914 0.129814550642 3.521713 6.34277620397
0.039039039039 0.129814550642 3.521653 6.34560906516
0.0390222984563 0.129814550642 3.521517 6.34844192635
0.0388225255973 0.129814550642 3.514939 6.38243626062
0.0388059701493 0.129814550642 3.513433 6.38526912181
0.0387563884157 0.129814550642 3.508831 6.39376770538
0.0387398893146 0.129814550642 3.508111 6.39660056657
0.0384452893959 0.129814550642 3.499649 6.44759206799
0.0384290540541 0.129814550642 3.498612 6.45042492918
0.0380753138075 0.129814550642 3.479055 6.51274787535
0.0380593893768 0.129814550642 3.478566 6.51558073654
0.037853577371 0.129814550642 3.471412 6.55240793201
0.0378378378378 0.129814550642 3.466468 6.5552407932
0.0378378378378 0.129814550642 3.466468 6.5552407932
0.0378221113882 0.129814550642 3.464669 6.55807365439
0.0375103050289 0.129814550642 3.457828 6.61473087819
0.0374948496086 0.129814550642 3.457671 6.61756373938
0.0374485596708 0.129814550642 3.455559 6.62606232295
0.0378445084327 0.131241084165 3.455408 6.62606232295
0.0377358490566 0.131241084165 3.449376 6.64589235127
0.0377203772038 0.131241084165 3.449247 6.64872521246
0.0375816993464 0.131241084165 3.445934 6.67422096317
0.0375663536137 0.131241084165 3.445605 6.67705382436
0.0374288039056 0.131241084165 3.436976 6.70254957507
0.0374135827572 0.131241084165 3.436884 6.70538243626
0.0374135827572 0.131241084165 3.436884 6.70538243626
0.0373983739837 0.131241084165 3.43487 6.70821529745
0.0373983739837 0.131241084165 3.43487 6.70821529745
0.0377895164567 0.132667617689 3.434711 6.70821529745
0.0376976084313 0.132667617689 3.431993 6.72521246459
0.0376823338736 0.132667617689 3.431737 6.72804532578
0.0376823338736 0.132667617689 3.431737 6.72804532578
0.0376670716889 0.132667617689 3.431631 6.73087818697
0.0376365843788 0.132667617689 3.430894 6.73654390935
0.0376213592233 0.132667617689 3.430685 6.73937677054
0.0375302663438 0.132667617689 3.424226 6.75637393768
0.0375151270674 0.132667617689 3.424024 6.75920679887
0.0369928400955 0.132667617689 3.407439 6.85835694051
0.0373757455268 0.134094151213 3.403879 6.85835694051
0.0369642154935 0.134094151213 3.388128 6.93767705382
0.0369496855346 0.134094151213 3.387666 6.94050991501
0.0368772067477 0.134094151213 3.384036 6.95467422096
0.036862745098 0.134094151213 3.383165 6.95750708215
0.036862745098 0.134094151213 3.383165 6.95750708215
0.0368482947864 0.134094151213 3.383158 6.96033994334
0.0367330988667 0.134094151213 3.379462 6.98300283286
0.03671875 0.134094151213 3.379164 6.98583569405
0.0365901128844 0.134094151213 3.37551 7.01133144476
0.0365758754864 0.134094151213 3.37517 7.01416430595
0.0365616491637 0.134094151213 3.37465 7.01699716714
0.0369362363919 0.135520684736 3.374488 7.01699716714
0.036722071898 0.135520684736 3.367796 7.05949008499
0.0367078825348 0.135520684736 3.367779 7.06232294618
0.0366937041329 0.135520684736 3.367355 7.06515580737
0.0366795366795 0.135520684736 3.366385 7.06798866856
0.0366653801621 0.135520684736 3.36512 7.07082152975
0.0366512345679 0.135520684736 3.364451 7.07365439093
0.0362457077451 0.135520684736 3.349772 7.15580736544
0.036231884058 0.135520684736 3.348227 7.15864022663
0.036231884058 0.135520684736 3.348227 7.15864022663
0.0362180709112 0.135520684736 3.347971 7.16147308782
0.0362180709112 0.135520684736 3.347971 7.16147308782
0.0362042682927 0.135520684736 3.347678 7.16430594901
0.036094224924 0.135520684736 3.343116 7.18696883853
0.0360805165211 0.135520684736 3.342653 7.18980169972
0.0360531309298 0.135520684736 3.342005 7.1954674221
0.0360394537178 0.135520684736 3.340915 7.19830028329
0.036025786879 0.135520684736 3.340609 7.20113314448
0.0360121304018 0.135520684736 3.340163 7.20396600567
0.0359440030269 0.135520684736 3.337325 7.21813031161
0.036308623298 0.13694721826 3.337056 7.21813031161
0.0361173814898 0.13694721826 3.329888 7.25779036827
0.036479879654 0.138373751783 3.329382 7.25779036827
0.0362210604929 0.138373751783 3.3192 7.31161473088
0.0365808137365 0.139800285307 3.319111 7.31161473088
0.0365262765561 0.139800285307 3.317392 7.32294617564
0.0365126676602 0.139800285307 3.316956 7.32577903683
0.0364854802681 0.139800285307 3.316719 7.33144475921
0.0364719017492 0.139800285307 3.316034 7.3342776204
0.0364583333333 0.139800285307 3.31548 7.33711048159
0.0364447750093 0.139800285307 3.315049 7.33994334278
0.0362560118387 0.139800285307 3.30492 7.37960339943
0.0366124260355 0.14122681883 3.304719 7.37960339943
0.0365718507573 0.14122681883 3.303504 7.388101983
0.0365583456425 0.14122681883 3.303351 7.39093484419
0.0365178900775 0.14122681883 3.301898 7.39943342776
0.0365044247788 0.14122681883 3.301877 7.40226628895
0.0364238410596 0.14122681883 3.298374 7.41926345609
0.0367782272894 0.142653352354 3.298171 7.41926345609
0.0367647058824 0.142653352354 3.296111 7.42209631728
0.0367511944138 0.142653352354 3.294888 7.42492917847
0.0366434591425 0.142653352354 3.293224 7.44759206799
0.0369963369963 0.144079885877 3.291627 7.44759206799
0.0363048166786 0.144079885877 3.262834 7.59490084986
0.0362917714696 0.144079885877 3.262526 7.59773371105
0.0360199714693 0.144079885877 3.249491 7.65722379603
0.0360071301248 0.144079885877 3.249447 7.66005665722
0.0359047280483 0.144079885877 3.247034 7.68271954674
0.0358919687278 0.144079885877 3.246913 7.68555240793
0.0357395612173 0.144079885877 3.238808 7.71954674221
0.0357269189954 0.144079885877 3.23793 7.7223796034
0.0356764394207 0.144079885877 3.235642 7.73371104816
0.0356638418079 0.144079885877 3.23445 7.73654390935
0.0354634831461 0.144079885877 3.228038 7.78186968839
0.035802035802 0.145506419401 3.227681 7.78186968839
0.0356394129979 0.145506419401 3.221649 7.81869688385
0.0359762486902 0.146932952924 3.220819 7.81869688385
0.0357390700902 0.146932952924 3.210427 7.87252124646
0.0357266736039 0.146932952924 3.208731 7.87535410765
0.0357142857143 0.146932952924 3.208399 7.87818696884
0.0357019064125 0.146932952924 3.207733 7.88101983003
0.034891598916 0.146932952924 3.166535 8.07082152975
0.0348797832712 0.146932952924 3.165947 8.07365439093
0.0348561759729 0.146932952924 3.164385 8.07932011331
0.0348443843031 0.146932952924 3.164071 8.0821529745
0.0348326006087 0.146932952924 3.16405 8.08498583569
0.0348208248817 0.146932952924 3.163544 8.08781869688
0.0344596855135 0.146932952924 3.146507 8.17563739377
0.0347826086957 0.148359486448 3.145328 8.17563739377
0.0347245409015 0.148359486448 3.142506 8.18980169972
0.035046728972 0.149786019971 3.142413 8.18980169972
0.0350116705569 0.149786019971 3.140229 8.19830028329
0.035 0.149786019971 3.140191 8.20113314448
0.0348027842227 0.149786019971 3.130774 8.2492917847
0.0351225977469 0.151212553495 3.130546 8.2492917847
0.0351109638953 0.151212553495 3.1285 8.25212464589
0.0350993377483 0.151212553495 3.128007 8.25495750708
0.0350877192982 0.151212553495 3.127173 8.25779036827
0.0350761085374 0.151212553495 3.125597 8.26062322946
0.0350645054582 0.151212553495 3.12476 8.26345609065
0.0350529100529 0.151212553495 3.124289 8.26628895184
0.0349143610013 0.151212553495 3.116326 8.30028328612
0.0349028646691 0.151212553495 3.116019 8.30311614731
0.0348798947022 0.151212553495 3.115583 8.30878186969
0.0351973684211 0.152639087019 3.115191 8.30878186969
0.0351857941467 0.152639087019 3.113564 8.31161473088
0.0355029585799 0.154065620542 3.113396 8.31161473088
0.0353518821604 0.154065620542 3.105298 8.34844192635
0.0353403141361 0.154065620542 3.105094 8.35127478754
0.035305655443 0.154065620542 3.103966 8.3597733711
0.0352941176471 0.154065620542 3.103853 8.36260623229
0.0352480417755 0.154065620542 3.100324 8.37393767705
0.0352365415987 0.154065620542 3.100121 8.37677053824
0.0350991225219 0.154065620542 3.094272 8.41076487252
0.035412605588 0.155492154066 3.093872 8.41076487252
0.0353666450357 0.155492154066 3.088124 8.42209631728
0.0353551735323 0.155492154066 3.087969 8.42492917847
0.0352180936995 0.155492154066 3.079781 8.45892351275
0.0352067183463 0.155492154066 3.078676 8.46175637394
0.035138620245 0.155492154066 3.075585 8.47875354108
0.035127296165 0.155492154066 3.075047 8.48158640227
0.0350595046639 0.155492154066 3.070621 8.49858356941
0.0353697749196 0.156918687589 3.070378 8.49858356941
0.0347661188369 0.156918687589 3.042033 8.65155807365
0.0347551342812 0.156918687589 3.041947 8.65439093484
0.0347551342812 0.156918687589 3.041947 8.65439093484
0.0350600126342 0.158345221113 3.039381 8.65439093484
0.0347417840376 0.158345221113 3.024788 8.73654390935
0.0347309136421 0.158345221113 3.022171 8.73937677054
0.0347309136421 0.158345221113 3.022171 8.73937677054
0.0350328432906 0.159771754636 3.022003 8.73937677054
0.034815045073 0.159771754636 3.013306 8.79603399433
0.0351149782474 0.16119828816 3.012877 8.79603399433
0.0350061957869 0.16119828816 3.003992 8.82436260623
0.0349953545989 0.16119828816 3.003697 8.82719546742
0.0349953545989 0.16119828816 3.003697 8.82719546742
0.0349845201238 0.16119828816 3.002546 8.83002832861
0.0347906403941 0.16119828816 2.991135 8.88101983003
0.0347799322869 0.16119828816 2.991057 8.88385269122
0.0345883073156 0.16119828816 2.98123 8.93484419263
0.0348837209302 0.162624821683 2.980835 8.93484419263
0.0348623853211 0.162624821683 2.980697 8.94050991501
0.0351574442067 0.164051355207 2.97959 8.94050991501
0.0351252290776 0.164051355207 2.978302 8.94900849858
0.0351145038168 0.164051355207 2.977992 8.95184135977
0.0351037851038 0.164051355207 2.976845 8.95467422096
0.0350930729326 0.164051355207 2.975955 8.95750708215
0.0346698824239 0.164051355207 2.944027 9.07082152975
0.0349608197709 0.16547788873 2.942936 9.07082152975
0.0349187236604 0.16547788873 2.941307 9.0821529745
0.034908215468 0.16547788873 2.941167 9.08498583569
0.034908215468 0.16547788873 2.941167 9.08498583569
0.0348977135981 0.16547788873 2.940972 9.08781869688
0.0347409404013 0.16547788873 2.934544 9.13031161473
0.0347305389222 0.16547788873 2.933356 9.13314447592
0.0343703703704 0.16547788873 2.913167 9.23229461756
0.0343601895735 0.16547788873 2.912887 9.23512747875
0.0342789598109 0.16547788873 2.911491 9.25779036827
0.0342688330871 0.16547788873 2.910857 9.26062322946
0.0340675477239 0.16547788873 2.900762 9.31728045326
0.0340575455079 0.16547788873 2.90038 9.32011331445
0.0340475491635 0.16547788873 2.90015 9.32294617564
0.0340375586854 0.16547788873 2.900015 9.32577903683
0.0340175953079 0.16547788873 2.899594 9.33144475921
0.0340076223981 0.16547788873 2.899323 9.3342776204
0.0339876941108 0.16547788873 2.897916 9.33994334278
0.0342706502636 0.166904422254 2.897869 9.33994334278
0.0342505854801 0.166904422254 2.896682 9.34560906516
0.0342405618964 0.166904422254 2.895057 9.34844192635
0.034180543383 0.166904422254 2.891352 9.36543909348
0.0344626168224 0.168330955777 2.890284 9.36543909348
0.034422403734 0.168330955777 2.888281 9.37677053824
0.0347039953339 0.169757489301 2.88767 9.37677053824
0.0346433770015 0.169757489301 2.883336 9.39376770538
0.0346332945285 0.169757489301 2.883258 9.39660056657
0.0345729227193 0.169757489301 2.878402 9.41359773371
0.0345628812082 0.169757489301 2.877897 9.4164305949
0.0345428156749 0.169757489301 2.877155 9.42209631728
0.0345327916425 0.169757489301 2.876708 9.42492917847
0.0343533487298 0.169757489301 2.866988 9.47592067989
0.034632034632 0.171184022825 2.866784 9.47592067989
0.0345323741007 0.171184022825 2.863918 9.50424929178
0.0345224395857 0.171184022825 2.863826 9.50708215297
0.0343642611684 0.171184022825 2.855232 9.55240793201
0.0346407099914 0.172610556348 2.854799 9.55240793201
0.0345911949686 0.172610556348 2.85372 9.56657223796
0.0345813089454 0.172610556348 2.852854 9.56940509915
0.0344434955878 0.172610556348 2.84387 9.60906515581
0.0344336937962 0.172610556348 2.843837 9.611898017
0.0343652371485 0.172610556348 2.842021 9.63172804533
0.034355479841 0.172610556348 2.840008 9.63456090652
0.0343262411348 0.172610556348 2.836945 9.64305949008
0.034600113443 0.174037089872 2.836933 9.64305949008
0.0341832446063 0.174037089872 2.819394 9.76487252125
0.0341736694678 0.174037089872 2.819384 9.76770538244
0.0339832869081 0.174037089872 2.807796 9.82436260623
0.0342522974102 0.175463623395 2.807766 9.82436260623
0.0341476957246 0.175463623395 2.802631 9.85552407932
0.0341382181515 0.175463623395 2.80255 9.85835694051
0.0339216767788 0.175463623395 2.786603 9.92351274788
0.0339123242349 0.175463623395 2.786595 9.92634560907
0.0338004946414 0.175463623395 2.782223 9.96033994334
0.0337912087912 0.175463623395 2.782011 9.96317280453
0.0337819280417 0.175463623395 2.781891 9.96600566572
0.0337726523888 0.175463623395 2.78123 9.96883852691
0.0336433260394 0.175463623395 2.77446 10.0084985836
0.0336341263331 0.175463623395 2.774403 10.0113314448
0.0333876221498 0.175463623395 2.757478 10.0878186969
0.0333785617368 0.175463623395 2.756898 10.0906515581
0.0333423692057 0.175463623395 2.753773 10.1019830028
0.0333333333333 0.175463623395 2.752877 10.104815864
0.0333243023571 0.175463623395 2.751244 10.1076487252
0.033315276273 0.175463623395 2.751152 10.1104815864
0.0332792207792 0.175463623395 2.750066 10.1218130312
0.0332702190966 0.175463623395 2.75005 10.1246458924
0.0331001076426 0.175463623395 2.742903 10.178470255
0.0330912025827 0.175463623395 2.742687 10.1813031161
0.0328701229289 0.175463623395 2.725152 10.2521246459
0.0328613411702 0.175463623395 2.72386 10.2549575071
0.0328613411702 0.175463623395 2.72386 10.2549575071
0.0331196581197 0.176890156919 2.721851 10.2549575071
0.0329611908559 0.176890156919 2.709634 10.3059490085
0.0329524315706 0.176890156919 2.70901 10.3087818697
0.0328999734678 0.176890156919 2.704944 10.3257790368
0.0331564986737 0.178316690442 2.704819 10.3257790368
0.0330338266385 0.178316690442 2.701134 10.3654390935
0.0330250990753 0.178316690442 2.701022 10.3682719547
0.032713949228 0.178316690442 2.680945 10.4702549575
0.032967032967 0.179743223966 2.680793 10.4702549575
0.0328638497653 0.179743223966 2.676374 10.5042492918
0.0328552803129 0.179743223966 2.67591 10.507082153
0.0326848249027 0.179743223966 2.669635 10.5637393768
0.0326763485477 0.179743223966 2.669286 10.566572238
0.0326002587322 0.179743223966 2.664259 10.5920679887
0.0325918261769 0.179743223966 2.664156 10.5949008499
0.032457496136 0.179743223966 2.657122 10.6402266289
0.0327066701004 0.181169757489 2.656774 10.6402266289
0.0327066701004 0.181169757489 2.656774 10.6402266289
0.0326982492276 0.181169757489 2.655979 10.6430594901
0.0326394243125 0.181169757489 2.653204 10.6628895184
0.032887975334 0.182596291013 2.653057 10.6628895184
0.0326947637292 0.182596291013 2.644076 10.7280453258
0.0326864147089 0.182596291013 2.644058 10.730878187
0.032619775739 0.182596291013 2.639056 10.7535410765
0.0326114649682 0.182596291013 2.639027 10.7563739377
0.0324790662268 0.182596291013 2.631433 10.8016997167
0.0324708269914 0.182596291013 2.6314 10.8045325779
0.0324296934381 0.182596291013 2.630178 10.8186968839
0.03242147923 0.182596291013 2.630071 10.821529745
0.0324050632911 0.182596291013 2.628703 10.8271954674
0.0326499620349 0.184022824536 2.628174 10.8271954674
0.0325428859738 0.184022824536 2.622038 10.8640226629
0.0325346784363 0.184022824536 2.621772 10.8668555241
0.0323146292585 0.184022824536 2.609499 10.9433427762
0.0323065364388 0.184022824536 2.609389 10.9461756374
0.0321856287425 0.184022824536 2.597476 10.9886685552
0.0321776003991 0.184022824536 2.597287 10.9915014164
0.0321776003991 0.184022824536 2.597287 10.9915014164
0.0321695760599 0.184022824536 2.597013 10.9943342776
0.0321215139442 0.184022824536 2.59076 11.0113314448
0.0321135175504 0.184022824536 2.59067 11.0141643059
0.0320975367007 0.184022824536 2.58974 11.0198300283
0.0320895522388 0.184022824536 2.589592 11.0226628895
0.0319781854239 0.184022824536 2.582793 11.0623229462
0.0322180916976 0.18544935806 2.582784 11.0623229462
0.0321146245059 0.18544935806 2.575376 11.0991501416
0.0321066930106 0.18544935806 2.575152 11.1019830028
0.0318783717509 0.18544935806 2.558103 11.1841359773
0.0318705565089 0.18544935806 2.558103 11.1869688385
0.0318081722535 0.18544935806 2.555115 11.209631728
0.0320450097847 0.186875891583 2.554851 11.209631728
0.0320215106331 0.186875891583 2.553274 11.2181303116
0.0320136852395 0.186875891583 2.553048 11.2209631728
0.0318812363105 0.186875891583 2.54856 11.269121813
0.0318734793187 0.186875891583 2.548464 11.2719546742
0.0316731141199 0.186875891583 2.537438 11.3456090652
0.0319071791153 0.188302425107 2.536826 11.3456090652
0.0317613089509 0.188302425107 2.529557 11.3994334278
0.0317536685109 0.188302425107 2.527497 11.402266289
0.0317383986535 0.188302425107 2.525943 11.4079320113
0.0317307692308 0.188302425107 2.525906 11.4107648725
0.031443544545 0.188302425107 2.51288 11.5184135977
0.0314360562039 0.188302425107 2.512438 11.5212464589
0.0313986679353 0.188302425107 2.511599 11.5354107649
0.0313912009512 0.188302425107 2.5107 11.5382436261
0.0312796208531 0.188302425107 2.50146 11.5807365439
0.0315091210614 0.189728958631 2.501141 11.5807365439
0.0311694398875 0.189728958631 2.47723 11.7110481586
0.0313964386129 0.191155492154 2.476722 11.7110481586
0.0313230481533 0.191155492154 2.47061 11.7393767705
0.0315494274363 0.192582025678 2.470288 11.7393767705
0.031461197856 0.192582025678 2.465094 11.7733711048
0.0316868592731 0.194008559201 2.464102 11.7733711048
0.0315691736305 0.194008559201 2.455447 11.8186968839
0.0315618472964 0.194008559201 2.455388 11.821529745
0.031503358814 0.194008559201 2.450328 11.8441926346
0.0317276516906 0.195435092725 2.449805 11.8441926346
0.0316178167551 0.195435092725 2.442483 11.8866855524
0.0318412551915 0.196861626248 2.442269 11.8866855524
0.0317679558011 0.196861626248 2.436468 11.9150141643
0.0317606444189 0.196861626248 2.436336 11.9178470255
0.0317095588235 0.196861626248 2.430931 11.9376770538
0.0317022742936 0.196861626248 2.430931 11.940509915
0.0316877152698 0.196861626248 2.429198 11.9461756374
0.0319100091827 0.198288159772 2.428755 11.9461756374
0.031880733945 0.198288159772 2.425283 11.9575070822
0.0318734235267 0.198288159772 2.424861 11.9603399433
0.0315049864007 0.198288159772 2.386073 12.104815864
0.0314978472694 0.198288159772 2.384484 12.1076487252
0.0313698939291 0.198288159772 2.376124 12.1586402266
0.0315884476534 0.199714693295 2.375269 12.1586402266
0.0315528510255 0.199714693295 2.370794 12.1728045326
0.0317710680487 0.201141226819 2.370049 12.1728045326
0.0317424583521 0.201141226819 2.368059 12.1841359773
0.031735313977 0.201141226819 2.367904 12.1869688385
0.0317210348706 0.201141226819 2.366732 12.1926345609
0.031713900135 0.201141226819 2.363975 12.1954674221
0.0316853932584 0.201141226819 2.361508 12.2067988669
0.031678274545 0.201141226819 2.360743 12.209631728
0.0315506824793 0.201141226819 2.346665 12.2606232295
0.0315436241611 0.201141226819 2.346424 12.2634560907
0.0315436241611 0.201141226819 2.346424 12.2634560907
0.0317602326102 0.202567760342 2.345642 12.2634560907
0.0316610925307 0.202567760342 2.340498 12.3031161473
0.0318769505127 0.203994293866 2.339596 12.3031161473
0.0318485523385 0.203994293866 2.335274 12.3144475921
0.0318414606992 0.203994293866 2.333914 12.3172804533
0.0317919075145 0.203994293866 2.331146 12.3371104816
0.0320071126917 0.205420827389 2.330872 12.3371104816
0.0319715808171 0.205420827389 2.327783 12.3512747875
0.0319644839068 0.205420827389 2.32751 12.3541076487
0.0317110768553 0.205420827389 2.308522 12.4560906516
0.0319242624395 0.206847360913 2.30791 12.4560906516
0.0318821459982 0.206847360913 2.306171 12.4730878187
0.0320949659266 0.208273894437 2.306087 12.4730878187
0.0320526893524 0.208273894437 2.303833 12.4900849858
0.0320456540825 0.208273894437 2.303811 12.492917847
0.0320105240079 0.208273894437 2.301779 12.507082153
0.0320035072337 0.208273894437 2.301453 12.5099150142
0.0319684694548 0.208273894437 2.297869 12.5240793201
0.0319614711033 0.208273894437 2.29774 12.5269121813
0.0319404944214 0.208273894437 2.296199 12.5354107649
0.0321522309711 0.20970042796 2.295788 12.5354107649
0.032131147541 0.20970042796 2.294809 12.5439093484
0.0321241258741 0.20970042796 2.294306 12.5467422096
0.0320610687023 0.20970042796 2.28796 12.5722379603
0.0320540776276 0.20970042796 2.2876 12.5750708215
0.0318941201996 0.20970042796 2.27125 12.6402266289
0.0321041214751 0.211126961484 2.270233 12.6402266289
0.0320485058467 0.211126961484 2.266934 12.6628895184
0.0320415674388 0.211126961484 2.266762 12.6657223796
0.0319516407599 0.211126961484 2.259605 12.7025495751
0.0319447442262 0.211126961484 2.259448 12.7053824363
0.0318690783807 0.211126961484 2.254074 12.7365439093
0.0320775026911 0.212553495007 2.252844 12.7365439093
0.0317629503304 0.212553495007 2.227202 12.8668555241
0.0317561807332 0.212553495007 2.227148 12.8696883853
0.0317156236696 0.212553495007 2.223869 12.8866855524
0.0317088742286 0.212553495007 2.223032 12.8895184136
0.0315544260906 0.212553495007 2.209956 12.954674221
0.0315477450773 0.212553495007 2.208981 12.9575070822
0.0315343915344 0.212553495007 2.207471 12.9631728045
0.0315277190013 0.212553495007 2.207137 12.9660056657
0.0314810902176 0.212553495007 2.19946 12.9858356941
0.0314744402197 0.212553495007 2.199304 12.9886685552
0.0313354363828 0.212553495007 2.187027 13.0481586402
0.0315391084945 0.213980028531 2.185777 13.0481586402
0.0314465408805 0.213980028531 2.174104 13.0878186969
0.0314399496961 0.213980028531 2.173968 13.0906515581
0.0314399496961 0.213980028531 2.173968 13.0906515581
0.0314333612741 0.213980028531 2.173907 13.0934844193
0.0313610704579 0.213980028531 2.168684 13.1246458924
0.0313545150502 0.213980028531 2.168279 13.1274787535
0.0313021702838 0.213980028531 2.163059 13.1501416431
0.0312956394742 0.213980028531 2.162616 13.1529745042
0.0310302027307 0.213980028531 2.148463 13.269121813
0.0310237849018 0.213980028531 2.147663 13.2719546742
0.0309469775119 0.213980028531 2.140552 13.3059490085
0.0311468646865 0.215406562054 2.140088 13.3059490085
0.0309807139926 0.215406562054 2.129765 13.3796033994
0.0309743589744 0.215406562054 2.128794 13.3824362606
0.0309426229508 0.215406562054 2.126817 13.3966005666
0.0311411595984 0.216833095578 2.126742 13.3966005666
0.0309635363618 0.216833095578 2.110428 13.4759206799
0.0309572301426 0.216833095578 2.110216 13.4787535411
0.0308754824294 0.216833095578 2.103463 13.5155807365
0.0308692120227 0.216833095578 2.103288 13.5184135977
0.0308629441624 0.216833095578 2.103017 13.5212464589
0.0308566788469 0.216833095578 2.102707 13.5240793201
0.0308441558442 0.216833095578 2.102265 13.5297450425
0.0308378981538 0.216833095578 2.100998 13.5325779037
0.0305037126229 0.216833095578 2.07123 13.6855524079
0.0306982343499 0.218259629101 2.071203 13.6855524079
0.0306859205776 0.218259629101 2.070936 13.6912181303
0.0306797673952 0.218259629101 2.070021 13.6940509915
0.0306797673952 0.218259629101 2.070021 13.6940509915
0.03067361668 0.218259629101 2.069944 13.6968838527
0.030587764894 0.218259629101 2.058202 13.7365439093
0.0307815310814 0.219686162625 2.058153 13.7365439093
0.0306956348415 0.219686162625 2.047067 13.776203966
0.0306895177361 0.219686162625 2.047031 13.7790368272
0.0306895177361 0.219686162625 2.047031 13.7790368272
0.0306834030683 0.219686162625 2.046622 13.7818696884
0.0305676855895 0.219686162625 2.035072 13.835694051
0.0305616193689 0.219686162625 2.034225 13.8385269122
0.0305555555556 0.219686162625 2.033948 13.8413597734
0.0307478674866 0.221112696148 2.033544 13.8413597734
0.0307417691392 0.221112696148 2.033029 13.8441926346
0.0307356732104 0.221112696148 2.032869 13.8470254958
0.0306809184481 0.221112696148 2.026944 13.8725212465
0.0306748466258 0.221112696148 2.026209 13.8753541076
0.0305058059437 0.221112696148 2.009023 13.954674221
0.0306965761511 0.222539229672 2.009019 13.954674221
0.0306845003934 0.222539229672 2.008505 13.9603399433
0.0308751229105 0.223965763195 2.007135 13.9603399433
0.0308205732234 0.223965763195 2.000196 13.9858356941
0.0308145240432 0.223965763195 1.999825 13.9886685552
0.030772246178 0.223965763195 1.99686 14.0084985836
0.0307662159514 0.223965763195 1.996684 14.0113314448
0.030682040258 0.223965763195 1.987862 14.0509915014
0.0306760453302 0.223965763195 1.98721 14.0538243626
0.030604288499 0.223965763195 1.972146 14.0878186969
0.0305983239135 0.223965763195 1.971594 14.0906515581
0.0305685358255 0.223965763195 1.967771 14.104815864
0.030757251314 0.225392296719 1.967395 14.104815864
0.0307392996109 0.225392296719 1.965088 14.1133144476
0.0307333203657 0.225392296719 1.964893 14.1161473088
0.0307213688509 0.225392296719 1.964049 14.1218130312
0.0307153965785 0.225392296719 1.963892 14.1246458924
0.0306260903276 0.225392296719 1.954317 14.1671388102
0.0306201550388 0.225392296719 1.953629 14.1699716714
0.0305668407816 0.225392296719 1.947058 14.1954674221
0.0305609284333 0.225392296719 1.947018 14.1983002833
0.0304725168756 0.225392296719 1.940177 14.2407932011
0.0304666409564 0.225392296719 1.940102 14.2436260623
0.0304255728866 0.225392296719 1.93688 14.2634560907
0.0304197150558 0.225392296719 1.936855 14.2662889518
0.0303904597038 0.225392296719 1.934313 14.2804532578
0.0305769230769 0.226818830243 1.932862 14.2804532578
0.0303493033022 0.226818830243 1.906134 14.3909348442
0.0303435114504 0.226818830243 1.905909 14.3937677054
0.030303030303 0.226818830243 1.901989 14.4135977337
0.0302972560976 0.226818830243 1.900731 14.4164305949
0.0302914840922 0.226818830243 1.900569 14.4192634561
0.0302857142857 0.226818830243 1.900035 14.4220963173
0.0302568981922 0.226818830243 1.898881 14.4362606232
0.0302511415525 0.226818830243 1.897481 14.4390934844
0.0300056614456 0.226818830243 1.871441 14.5609065156
0.03 0.226818830243 1.869546 14.5637393768
0.0298311444653 0.226818830243 1.847443 14.6487252125
0.0298255486775 0.226818830243 1.846387 14.6515580737
0.0297641332834 0.226818830243 1.83663 14.6827195467
0.0299457233764 0.228245363766 1.836438 14.6827195467
0.0299233214887 0.228245363766 1.835718 14.6940509915
0.0299177262528 0.228245363766 1.835664 14.6968838527
0.0299177262528 0.228245363766 1.835664 14.6968838527
0.0300990839409 0.22967189729 1.834861 14.6968838527
0.0300597460792 0.22967189729 1.831481 14.716713881
0.0302408064215 0.231098430813 1.830716 14.716713881
0.0300389393658 0.231098430813 1.809725 14.8186968839
0.0300333704116 0.231098430813 1.808833 14.821529745
0.03 0.231098430813 1.806935 14.8385269122
0.0299944454731 0.231098430813 1.806342 14.8413597734
0.0299224233469 0.231098430813 1.798128 14.8781869688
0.0301015697138 0.232524964337 1.797145 14.8781869688
0.030029476787 0.232524964337 1.78847 14.9150141643
0.030023945478 0.232524964337 1.788001 14.9178470255
0.0299632352941 0.232524964337 1.783021 14.9490084986
0.0301415181033 0.23395149786 1.781346 14.9490084986
0.0301249081558 0.23395149786 1.780605 14.9575070822
0.030303030303 0.235378031384 1.779575 14.9575070822
0.0302530253025 0.235378031384 1.773114 14.9830028329
0.0302474793767 0.235378031384 1.772614 14.9858356941
0.0301810865191 0.235378031384 1.763078 15.0198300283
0.0301755669349 0.235378031384 1.762298 15.0226628895
0.0301314828342 0.235378031384 1.755737 15.045325779
0.030308563082 0.236804564907 1.755075 15.045325779
0.0302643573382 0.236804564907 1.747899 15.0679886686
0.0304411228582 0.238231098431 1.747649 15.0679886686
0.0304411228582 0.238231098431 1.747649 15.0679886686
0.0304355749954 0.238231098431 1.747632 15.0708215297
0.0303415697674 0.238231098431 1.738132 15.11898017
0.030336058129 0.238231098431 1.737562 15.1218130312
0.030336058129 0.238231098431 1.737562 15.1218130312
0.0303305484926 0.238231098431 1.736994 15.1246458924
0.0302755620015 0.238231098431 1.73169 15.1529745042
0.0302700743158 0.238231098431 1.731548 15.1558073654
0.0301934550714 0.238231098431 1.720347 15.1954674221
0.0301879971077 0.238231098431 1.720347 15.1983002833
0.0301607368611 0.238231098431 1.719113 15.2124645892
0.0303358613218 0.239657631954 1.718868 15.2124645892
0.0302702702703 0.239657631954 1.713254 15.2464589235
0.0302648171501 0.239657631954 1.712744 15.2492917847
0.0302430243024 0.239657631954 1.710506 15.2606232295
0.0302375809935 0.239657631954 1.709833 15.2634560907
0.0300967395199 0.239657631954 1.698635 15.3371104816
0.0300913487372 0.239657631954 1.697956 15.3399433428
0.0300644237652 0.239657631954 1.694944 15.3541076487
0.030237967436 0.241084165478 1.693268 15.3541076487
0.0302001429593 0.241084165478 1.688208 15.3739376771
0.030194747186 0.241084165478 1.68816 15.3767705382
0.0301785714286 0.241084165478 1.687107 15.3852691218
0.0301731833601 0.241084165478 1.686198 15.388101983
0.0301516503122 0.241084165478 1.685104 15.3994334278
0.0303246521584 0.242510699001 1.684914 15.3994334278
0.0302544936821 0.242510699001 1.678075 15.4362606232
0.0302491103203 0.242510699001 1.677943 15.4390934844
0.0300725278613 0.242510699001 1.658896 15.5325779037
0.0300672090555 0.242510699001 1.658263 15.5354107649
0.0300565770863 0.242510699001 1.657784 15.5410764873
0.0300512639208 0.242510699001 1.657517 15.5439093484
0.0299770763534 0.242510699001 1.646396 15.5835694051
0.0299717912553 0.242510699001 1.646208 15.5864022663
0.0299717912553 0.242510699001 1.646208 15.5864022663
0.0299665080204 0.242510699001 1.646026 15.5892351275
0.0299665080204 0.242510699001 1.646026 15.5892351275
0.0301374691576 0.243937232525 1.644368 15.5892351275
0.0299579537491 0.243937232525 1.622507 15.6855524079
0.0301278682782 0.245363766049 1.621614 15.6855524079
0.0300489168414 0.245363766049 1.611704 15.7280453258
0.0300436681223 0.245363766049 1.610843 15.730878187
0.0300122142733 0.245363766049 1.609351 15.7478753541
0.0300069783671 0.245363766049 1.609351 15.7507082153
0.0300017442875 0.245363766049 1.607371 15.7535410765
0.0301709103593 0.246790299572 1.606485 15.7535410765
0.030144624499 0.246790299572 1.603332 15.7677053824
0.0301393728223 0.246790299572 1.60312 15.7705382436
0.029832729781 0.246790299572 1.570913 15.9376770538
0.0298275862069 0.246790299572 1.570813 15.940509915
0.0296740994854 0.246790299572 1.551407 16.0254957507
0.0296690104613 0.246790299572 1.551144 16.0283286119
0.0296080780421 0.246790299572 1.540262 16.0623229462
0.0296030116359 0.246790299572 1.539873 16.0651558074
0.0295272230756 0.246790299572 1.531464 16.1076487252
0.0295221843003 0.246790299572 1.531147 16.1104815864
0.0295121119072 0.246790299572 1.528355 16.1161473088
0.0296776394337 0.248216833096 1.526642 16.1161473088
0.0295868049651 0.248216833096 1.513955 16.1671388102
0.0295817749065 0.248216833096 1.512827 16.1699716714
0.0295616717635 0.248216833096 1.510696 16.1813031161
0.0295566502463 0.248216833096 1.510394 16.1841359773
0.029466553768 0.248216833096 1.491658 16.2351274788
0.0296308838469 0.249643366619 1.491315 16.2351274788
0.029530880864 0.249643366619 1.475516 16.2917847025
0.0295258984309 0.249643366619 1.473518 16.2946175637
0.0295209176788 0.249643366619 1.473295 16.2974504249
0.0295159386068 0.249643366619 1.472193 16.3002832861
0.0294662401078 0.249643366619 1.46126 16.328611898
0.0294612794613 0.249643366619 1.458223 16.3314447592
0.0294117647059 0.249643366619 1.450156 16.3597733711
0.0295748613678 0.251069900143 1.449877 16.3597733711
0.0295649252478 0.251069900143 1.44815 16.3654390935
0.029559959691 0.251069900143 1.446602 16.3682719547
0.029416680595 0.251069900143 1.415656 16.4504249292
0.0294117647059 0.251069900143 1.41519 16.4532577904
0.0293089092423 0.251069900143 1.395162 16.5127478754
0.0294705294705 0.252496433666 1.394943 16.5127478754
0.0292465300727 0.252496433666 1.361006 16.6430594901
0.0294069056666 0.25392296719 1.360781 16.6430594901
0.0294069056666 0.25392296719 1.360781 16.6430594901
0.0295672282788 0.255349500713 1.360453 16.6430594901
0.029474724189 0.255349500713 1.342961 16.6968838527
0.0296345077379 0.256776034237 1.341312 16.6968838527
0.0295760762406 0.256776034237 1.331992 16.730878187
0.0295712173484 0.256776034237 1.329796 16.7337110482
0.0294936916271 0.256776034237 1.32071 16.7790368272
0.0296526867628 0.25820256776 1.320538 16.7790368272
0.0295269168026 0.25820256776 1.298667 16.8526912181
0.0295221007992 0.25820256776 1.297063 16.8555240793
0.0294836292556 0.25820256776 1.293643 16.8781869688
0.0294788273616 0.25820256776 1.293273 16.88101983
0.0294213263979 0.25820256776 1.283041 16.9150141643
0.0294165447749 0.25820256776 1.281824 16.9178470255
0.0293212376478 0.25820256776 1.263456 16.9745042493
0.0293164885002 0.25820256776 1.263424 16.9773371105
0.02924543545 0.25820256776 1.244649 17.0198300283
0.0294022617124 0.259629101284 1.244626 17.0198300283
0.0293737895416 0.259629101284 1.241564 17.0368271955
0.0293690495401 0.259629101284 1.240346 17.0396600567
0.0293122886133 0.259629101284 1.234585 17.0736543909
0.029307568438 0.259629101284 1.232676 17.0764872521
0.0292934170288 0.259629101284 1.229767 17.0849858357
0.0292887029289 0.259629101284 1.228338 17.0878186969
0.0292416452442 0.259629101284 1.222796 17.1161473088
0.0292369477912 0.259629101284 1.222411 17.11898017
0.0289716650748 0.259629101284 1.169928 17.2804532578
0.0291262135922 0.261055634807 1.168692 17.2804532578
0.0289373814042 0.261055634807 1.1239 17.3966005666
0.0290909090909 0.262482168331 1.121171 17.3966005666
0.0288899356257 0.262482168331 1.074963 17.5212464589
0.028885400314 0.262482168331 1.074892 17.5240793201
0.0287724784988 0.262482168331 1.055286 17.5949008499
0.0287679799875 0.262482168331 1.053257 17.597733711
0.0286693674042 0.262482168331 1.037767 17.6600566572
0.0286649010749 0.262482168331 1.037287 17.6628895184
0.0285271317829 0.262482168331 1.014075 17.7507082153
0.0286777243838 0.263908701854 1.013724 17.7507082153
0.0283960092095 0.263908701854 0.964835 17.9320113314
0.0285451197053 0.265335235378 0.964098 17.9320113314
0.0284926470588 0.265335235378 0.954847 17.9660056657
0.0284882830449 0.265335235378 0.954691 17.9688385269
0.0283148119957 0.265335235378 0.911466 18.0821529745
0.0283105022831 0.265335235378 0.911429 18.0849858357
0.0281476997579 0.265335235378 0.87567 18.1926345609
0.0281434407626 0.265335235378 0.875014 18.1954674221
0.0279237351749 0.265335235378 0.832627 18.342776204
0.0280696487541 0.266761768902 0.832481 18.342776204
0.0276545400769 0.266761768902 0.728326 18.6260623229
0.0276504509833 0.266761768902 0.727883 18.6288951841
0.0275 0.266761768902 0.683994 18.7337110482
0.0276429936774 0.268188302425 0.68328 18.7337110482
0.0273057371097 0.268188302425 0.594412 18.9716713881
0.0274469939007 0.269614835949 0.592673 18.9716713881
0.0265225933202 0.269614835949 0.232024 19.6515580737
0.0266591833871 0.271041369472 0.230975 19.6515580737
0.0266106442577 0.271041369472 0.147964 19.6883852691
0.0266069177986 0.271041369472 0.082133 19.6912181303
