1.0 0.0 inf 0.0
1.0 0.00142653352354 8.291371 0.0
1.0 0.00142653352354 8.291371 0.0
1.0 0.00285306704708 8.219538 0.0
0.5 0.00285306704708 7.964972 0.0056657223796
0.4 0.00285306704708 7.876225 0.00849858356941
0.333333333333 0.00285306704708 7.796017 0.0113314447592
0.285714285714 0.00285306704708 7.693444 0.014164305949
0.285714285714 0.00285306704708 7.693444 0.014164305949
0.25 0.00285306704708 7.690177 0.0169971671388
0.25 0.00285306704708 7.690177 0.0169971671388
0.222222222222 0.00285306704708 7.563789 0.0198300283286
0.222222222222 0.00285306704708 7.563789 0.0198300283286
0.2 0.00285306704708 7.555832 0.0226628895184
0.142857142857 0.00285306704708 7.1048 0.0339943342776
0.2 0.00427960057061 7.079572 0.0339943342776
0.176470588235 0.00427960057061 7.06015 0.0396600566572
0.166666666667 0.00427960057061 7.01764 0.042492917847
0.157894736842 0.00427960057061 7.000637 0.0453257790368
0.2 0.00570613409415 6.927991 0.0453257790368
0.16 0.00570613409415 6.867106 0.0594900849858
0.192307692308 0.00713266761769 6.854418 0.0594900849858
0.147058823529 0.00713266761769 6.735159 0.0821529745042
0.171428571429 0.00855920114123 6.715129 0.0821529745042
0.153846153846 0.00855920114123 6.624092 0.0934844192635
0.175 0.00998573466476 6.569338 0.0934844192635
0.175 0.00998573466476 6.569338 0.0934844192635
0.19512195122 0.0114122681883 6.559652 0.0934844192635
0.181818181818 0.0114122681883 6.487401 0.101983002833
0.177777777778 0.0114122681883 6.485345 0.104815864023
0.166666666667 0.0114122681883 6.417323 0.113314447592
0.163265306122 0.0114122681883 6.407683 0.116147308782
0.163265306122 0.0114122681883 6.407683 0.116147308782
0.18 0.0128388017118 6.402267 0.116147308782
0.176470588235 0.0128388017118 6.400698 0.118980169972
0.192307692308 0.0142653352354 6.394212 0.118980169972
0.192307692308 0.0142653352354 6.394212 0.118980169972
0.188679245283 0.0142653352354 6.393093 0.121813031161
0.188679245283 0.0142653352354 6.393093 0.121813031161
0.185185185185 0.0142653352354 6.387722 0.124645892351
0.166666666667 0.0142653352354 6.289186 0.14164305949
0.16393442623 0.0142653352354 6.288799 0.14447592068
0.15625 0.0142653352354 6.264436 0.152974504249
0.153846153846 0.0142653352354 6.256859 0.155807365439
0.147058823529 0.0142653352354 6.233 0.164305949008
0.144927536232 0.0142653352354 6.226061 0.167138810198
0.133333333333 0.0142653352354 6.152752 0.184135977337
0.131578947368 0.0142653352354 6.144224 0.186968838527
0.123456790123 0.0142653352354 6.120784 0.201133144476
0.134146341463 0.0156918687589 6.105542 0.201133144476
0.129411764706 0.0156918687589 6.090047 0.209631728045
0.127906976744 0.0156918687589 6.075034 0.212464589235
0.123595505618 0.0156918687589 6.061408 0.220963172805
0.133333333333 0.0171184022825 6.06089 0.220963172805
0.127659574468 0.0171184022825 6.041962 0.232294617564
0.136842105263 0.018544935806 6.038332 0.232294617564
0.134020618557 0.018544935806 6.031198 0.237960339943
0.132653061224 0.018544935806 6.029336 0.240793201133
0.131313131313 0.018544935806 6.028984 0.243626062323
0.13 0.018544935806 6.027798 0.246458923513
0.128712871287 0.018544935806 6.019999 0.249291784703
0.127450980392 0.018544935806 6.019601 0.252124645892
0.127450980392 0.018544935806 6.019601 0.252124645892
0.135922330097 0.0199714693295 6.016278 0.252124645892
0.12962962963 0.0199714693295 5.995268 0.266288951841
0.137614678899 0.0213980028531 5.98666 0.266288951841
0.131578947368 0.0213980028531 5.963776 0.28045325779
0.139130434783 0.0228245363766 5.956417 0.28045325779
0.135593220339 0.0228245363766 5.925453 0.28895184136
0.142857142857 0.0242510699001 5.924299 0.28895184136
0.141666666667 0.0242510699001 5.924083 0.29178470255
0.140495867769 0.0242510699001 5.907869 0.294617563739
0.131782945736 0.0242510699001 5.877064 0.317280453258
0.130769230769 0.0242510699001 5.862397 0.320113314448
0.127819548872 0.0242510699001 5.84696 0.328611898017
0.126865671642 0.0242510699001 5.829911 0.331444759207
0.114093959732 0.0242510699001 5.744599 0.373937677054
0.113333333333 0.0242510699001 5.737673 0.376770538244
0.113333333333 0.0242510699001 5.737673 0.376770538244
0.112582781457 0.0242510699001 5.736649 0.379603399433
0.112582781457 0.0242510699001 5.736649 0.379603399433
0.118421052632 0.0256776034237 5.732076 0.379603399433
0.118421052632 0.0256776034237 5.732076 0.379603399433
0.124183006536 0.0271041369472 5.728032 0.379603399433
0.11801242236 0.0271041369472 5.695018 0.402266288952
0.117283950617 0.0271041369472 5.694095 0.405099150142
0.114457831325 0.0271041369472 5.684096 0.416430594901
0.11377245509 0.0271041369472 5.661188 0.419263456091
0.107954545455 0.0271041369472 5.613279 0.444759206799
0.107344632768 0.0271041369472 5.610716 0.447592067989
0.0994764397906 0.0271041369472 5.536063 0.487252124646
0.0989583333333 0.0271041369472 5.532256 0.490084985836
0.0989583333333 0.0271041369472 5.532256 0.490084985836
0.0984455958549 0.0271041369472 5.531204 0.492917847025
0.0954773869347 0.0271041369472 5.511866 0.509915014164
0.1 0.0285306704708 5.510045 0.509915014164
0.0975609756098 0.0285306704708 5.466839 0.524079320113
0.101941747573 0.0299572039943 5.46252 0.524079320113
0.1004784689 0.0299572039943 5.451711 0.532577903683
0.1 0.0299572039943 5.437938 0.535410764873
0.0976744186047 0.0299572039943 5.398086 0.549575070822
0.0972222222222 0.0299572039943 5.396433 0.552407932011
0.0972222222222 0.0299572039943 5.396433 0.552407932011
0.101382488479 0.0313837375178 5.395216 0.552407932011
0.100917431193 0.0313837375178 5.393498 0.555240793201
0.100456621005 0.0313837375178 5.382966 0.558073654391
0.1 0.0313837375178 5.377749 0.560906515581
0.10407239819 0.0328102710414 5.377635 0.560906515581
0.100436681223 0.0328102710414 5.358159 0.583569405099
0.1 0.0328102710414 5.356532 0.586402266289
0.0974576271186 0.0328102710414 5.335116 0.603399433428
0.0970464135021 0.0328102710414 5.335098 0.606232294618
0.0958333333333 0.0328102710414 5.31356 0.614730878187
0.0954356846473 0.0328102710414 5.312061 0.617563739377
0.094262295082 0.0328102710414 5.296866 0.626062322946
0.0938775510204 0.0328102710414 5.28429 0.628895184136
0.0845588235294 0.0328102710414 5.175591 0.705382436261
0.0879120879121 0.0342368045649 5.168798 0.705382436261
0.0842105263158 0.0342368045649 5.133389 0.739376770538
0.0839160839161 0.0342368045649 5.132024 0.742209631728
0.0821917808219 0.0342368045649 5.104505 0.759206798867
0.0853242320819 0.0356633380884 5.103874 0.759206798867
0.0771604938272 0.0356633380884 4.986963 0.847025495751
0.0769230769231 0.0356633380884 4.986746 0.849858356941
0.0739644970414 0.0356633380884 4.938028 0.886685552408
0.0737463126844 0.0356633380884 4.935122 0.889518413598
0.0720461095101 0.0356633380884 4.914765 0.912181303116
0.0747126436782 0.037089871612 4.9127 0.912181303116
0.0734463276836 0.037089871612 4.892328 0.929178470255
0.0760563380282 0.0385164051355 4.888613 0.929178470255
0.0760563380282 0.0385164051355 4.888613 0.929178470255
0.0758426966292 0.0385164051355 4.886931 0.932011331445
0.0758426966292 0.0385164051355 4.886931 0.932011331445
0.078431372549 0.0399429386591 4.88021 0.932011331445
0.0744680851064 0.0399429386591 4.826434 0.985835694051
0.0769230769231 0.0413694721826 4.825532 0.985835694051
0.0749354005168 0.0413694721826 4.798657 1.01416430595
0.0747422680412 0.0413694721826 4.796872 1.01699716714
0.0730478589421 0.0413694721826 4.770048 1.04249291785
0.072864321608 0.0413694721826 4.761674 1.04532577904
0.0703883495146 0.0413694721826 4.731367 1.08498583569
0.0726392251816 0.0427960057061 4.729172 1.08498583569
0.0726392251816 0.0427960057061 4.729172 1.08498583569
0.0748792270531 0.0442225392297 4.726093 1.08498583569
0.070938215103 0.0442225392297 4.678027 1.15014164306
0.0707762557078 0.0442225392297 4.676584 1.15297450425
0.0688888888889 0.0442225392297 4.64706 1.18696883853
0.0687361419069 0.0442225392297 4.640257 1.18980169972
0.0687361419069 0.0442225392297 4.640257 1.18980169972
0.070796460177 0.0456490727532 4.637122 1.18980169972
0.0689655172414 0.0456490727532 4.610162 1.22379603399
0.0688172043011 0.0456490727532 4.609312 1.22662889518
0.0676532769556 0.0456490727532 4.601923 1.2492917847
0.0696202531646 0.0470756062767 4.598575 1.2492917847
0.0680412371134 0.0470756062767 4.580197 1.28045325779
0.0699588477366 0.0485021398003 4.578656 1.28045325779
0.0692464358452 0.0485021398003 4.569135 1.29461756374
0.0691056910569 0.0485021398003 4.567425 1.29745042493
0.0673267326733 0.0485021398003 4.54648 1.3342776204
0.0671936758893 0.0485021398003 4.543872 1.33711048159
0.0665362035225 0.0485021398003 4.535231 1.35127478754
0.068359375 0.0499286733238 4.534005 1.35127478754
0.0657894736842 0.0499286733238 4.493357 1.40793201133
0.0675422138837 0.0513552068474 4.490467 1.40793201133
0.0660550458716 0.0513552068474 4.474899 1.44192634561
0.0659340659341 0.0513552068474 4.471666 1.4447592068
0.0641711229947 0.0513552068474 4.45054 1.48725212465
0.0640569395018 0.0513552068474 4.450235 1.49008498584
0.0616438356164 0.0513552068474 4.41505 1.55240793201
0.0615384615385 0.0513552068474 4.414732 1.5552407932
0.0611205432937 0.0513552068474 4.407828 1.56657223796
0.0610169491525 0.0513552068474 4.405307 1.56940509915
0.0581583198708 0.0513552068474 4.339876 1.65155807365
0.0596774193548 0.0527817403709 4.336722 1.65155807365
0.0584518167457 0.0527817403709 4.312319 1.68838526912
0.0583596214511 0.0527817403709 4.311217 1.69121813031
0.0533141210375 0.0527817403709 4.188709 1.8611898017
0.0546762589928 0.0542082738944 4.187893 1.8611898017
0.054441260745 0.0542082738944 4.186737 1.86968838527
0.0543633762518 0.0542082738944 4.186602 1.87252124646
0.0536723163842 0.0542082738944 4.174526 1.89801699717
0.0550070521862 0.055634807418 4.173911 1.89801699717
0.054698457223 0.055634807418 4.169801 1.90934844193
0.0560224089636 0.0570613409415 4.16657 1.90934844193
0.0557103064067 0.0570613409415 4.161571 1.92067988669
0.0556328233658 0.0570613409415 4.161146 1.92351274788
0.0547195622435 0.0570613409415 4.15022 1.95750708215
0.0546448087432 0.0570613409415 4.148297 1.96033994334
0.0544959128065 0.0570613409415 4.146043 1.96600566572
0.0557823129252 0.058487874465 4.145245 1.96600566572
0.0554803788904 0.058487874465 4.139179 1.97733711048
0.0554054054054 0.058487874465 4.139164 1.98016997167
0.0533854166667 0.058487874465 4.101325 2.05949008499
0.0533159947984 0.058487874465 4.101279 2.06232294618
0.0522292993631 0.058487874465 4.080152 2.10764872521
0.0521628498728 0.058487874465 4.077337 2.1104815864
0.0506172839506 0.058487874465 4.048323 2.17847025496
0.0505548705302 0.058487874465 4.047601 2.18130311615
0.0472350230415 0.058487874465 3.984899 2.34277620397
0.04833141542 0.0599144079886 3.984872 2.34277620397
0.047191011236 0.0599144079886 3.963058 2.40226628895
0.0482603815937 0.0613409415121 3.96266 2.40226628895
0.0475138121547 0.0613409415121 3.947784 2.44192634561
0.0474613686534 0.0613409415121 3.947133 2.4447592068
0.0466377440347 0.0613409415121 3.92862 2.49008498584
0.0465872156013 0.0613409415121 3.927505 2.49291784703
0.0460385438972 0.0613409415121 3.916862 2.52407932011
0.0470588235294 0.0627674750357 3.916801 2.52407932011
0.0465608465608 0.0627674750357 3.9054 2.55240793201
0.046511627907 0.0627674750357 3.902064 2.5552407932
0.0456905503634 0.0627674750357 3.881557 2.60339943343
0.045643153527 0.0627674750357 3.879838 2.60623229462
0.0443548387097 0.0627674750357 3.841796 2.68555240793
0.0443101711984 0.0627674750357 3.84163 2.68838526912
0.043956043956 0.0627674750357 3.834894 2.71104815864
0.0449101796407 0.0641940085592 3.8335 2.71104815864
0.0445544554455 0.0641940085592 3.824836 2.73371104816
0.0454995054402 0.0656205420827 3.824313 2.73371104816
0.0453201970443 0.0656205420827 3.817453 2.74504249292
0.0462598425197 0.0670470756063 3.816511 2.74504249292
0.0449330783939 0.0670470756063 3.775316 2.83002832861
0.0458452722063 0.0684736091298 3.773034 2.83002832861
0.0449859418932 0.0684736091298 3.749346 2.88668555241
0.0449438202247 0.0684736091298 3.74932 2.8895184136
0.0441582336707 0.0684736091298 3.728897 2.9433427762
0.0450367647059 0.0699001426534 3.728731 2.9433427762
0.0449541284404 0.0699001426534 3.724168 2.94900849858
0.044912923923 0.0699001426534 3.723329 2.95184135977
0.0436331255565 0.0699001426534 3.691911 3.04249291785
0.0435943060498 0.0699001426534 3.69101 3.04532577904
0.0431718061674 0.0699001426534 3.680534 3.07648725212
0.0431338028169 0.0699001426534 3.679524 3.07932011331
0.0426829268293 0.0699001426534 3.668949 3.11331444759
0.0435161009574 0.0713266761769 3.66636 3.11331444759
0.0416319733555 0.0713266761769 3.613316 3.26062322946
0.0415973377704 0.0713266761769 3.612808 3.26345609065
0.0413564929694 0.0713266761769 3.603355 3.28328611898
0.0421487603306 0.0727532097004 3.60259 3.28328611898
0.041769041769 0.0727532097004 3.593719 3.31444759207
0.0417348608838 0.0727532097004 3.592531 3.31728045326
0.0410628019324 0.0727532097004 3.571242 3.37393767705
0.0410297666935 0.0727532097004 3.570317 3.37677053824
0.0408326661329 0.0727532097004 3.562639 3.39376770538
0.0416 0.074179743224 3.56233 3.39376770538
0.0414342629482 0.074179743224 3.558766 3.40793201133
0.0421974522293 0.0756062767475 3.557798 3.40793201133
0.0416666666667 0.0756062767475 3.544816 3.45325779037
0.0416339355852 0.0756062767475 3.544304 3.45609065156
0.0415035238841 0.0756062767475 3.54246 3.46742209632
0.0422535211268 0.077032810271 3.542414 3.46742209632
0.0415384615385 0.077032810271 3.521752 3.52974504249
0.0422751729439 0.0784593437946 3.521713 3.52974504249
0.0413533834586 0.0784593437946 3.498666 3.611898017
0.0413223140496 0.0784593437946 3.498612 3.61473087819
0.0408011869436 0.0784593437946 3.47863 3.66288951841
0.0407709414381 0.0784593437946 3.478566 3.6657223796
0.0404709345107 0.0784593437946 3.469903 3.6940509915
0.0411764705882 0.0798858773181 3.466468 3.6940509915
0.0407272727273 0.0798858773181 3.455559 3.73654390935
0.0414244186047 0.0813124108417 3.455408 3.73654390935
0.041095890411 0.0813124108417 3.445796 3.76770538244
0.0410662824207 0.0813124108417 3.445605 3.77053824363
0.0408017179671 0.0813124108417 3.436976 3.79603399433
0.0407725321888 0.0813124108417 3.436884 3.79886685552
0.0407433881344 0.0813124108417 3.435799 3.80169971671
0.0414285714286 0.0827389443652 3.434711 3.80169971671
0.0398078242965 0.0827389443652 3.379462 3.96317280453
0.039780521262 0.0827389443652 3.379164 3.96600566572
0.0395364689843 0.0827389443652 3.37551 3.99150141643
0.0401907356948 0.0841654778887 3.374488 3.99150141643
0.0393333333333 0.0841654778887 3.348452 4.0821529745
0.0393071285809 0.0841654778887 3.347971 4.08498583569
0.0390728476821 0.0841654778887 3.342844 4.1104815864
0.0390469887492 0.0841654778887 3.342653 4.11331444759
0.0383116883117 0.0841654778887 3.317392 4.1954674221
0.0382868267359 0.0841654778887 3.316956 4.19830028329
0.0380399742102 0.0841654778887 3.308198 4.22662889518
0.0386597938144 0.0855920114123 3.304719 4.22662889518
0.0384615384615 0.0855920114123 3.298545 4.2492917847
0.0390775144138 0.0870185449358 3.298171 4.2492917847
0.0389278876835 0.0870185449358 3.292919 4.26628895184
0.0395408163265 0.0884450784593 3.291627 4.26628895184
0.0379204892966 0.0884450784593 3.238105 4.45609065156
0.0378973105134 0.0884450784593 3.23793 4.45892351275
0.037282020445 0.0884450784593 3.221649 4.53541076487
0.0378605769231 0.0898716119829 3.220819 4.53541076487
0.0363321799308 0.0898716119829 3.174631 4.73371104816
0.0368876080692 0.0912981455064 3.174169 4.73371104816
0.0363429869392 0.0912981455064 3.158053 4.80736543909
0.0368898978434 0.09272467903 3.157766 4.80736543909
0.0365579302587 0.09272467903 3.143281 4.85269121813
0.0370994940978 0.0941512125535 3.142413 4.85269121813
0.0367278797997 0.0941512125535 3.130654 4.90368271955
0.0372636262514 0.095577746077 3.130546 4.90368271955
0.0372015546918 0.095577746077 3.128228 4.91218130312
0.0377358490566 0.0970042796006 3.128007 4.91218130312
0.037610619469 0.0970042796006 3.125851 4.92917847025
0.0381426202322 0.0984308131241 3.125597 4.92917847025
0.0381215469613 0.0984308131241 3.124811 4.93201133144
0.038100496963 0.0984308131241 3.124289 4.93484419263
0.0375 0.0984308131241 3.100324 5.01699716714
0.0380228136882 0.0998573466476 3.100121 5.01699716714
0.0376141859215 0.0998573466476 3.088696 5.07365439093
0.0375939849624 0.0998573466476 3.087969 5.07648725212
0.0372142477406 0.0998573466476 3.078857 5.13031161473
0.0371944739639 0.0998573466476 3.078676 5.13314447592
0.037037037037 0.0998573466476 3.075069 5.15580736544
0.0375462718139 0.101283880171 3.075047 5.15580736544
0.0364850976362 0.101283880171 3.043195 5.31161473088
0.0364663585003 0.101283880171 3.041947 5.31444759207
0.0351137487636 0.101283880171 2.99162 5.5269121813
0.0350963914978 0.101283880171 2.991057 5.52974504249
0.0347868691818 0.101283880171 2.981076 5.58073654391
0.0352595494613 0.102710413695 2.97959 5.58073654391
0.0352595494613 0.102710413695 2.97959 5.58073654391
0.0352422907489 0.102710413695 2.977992 5.5835694051
0.0352078239609 0.102710413695 2.976845 5.58923512748
0.0351906158358 0.102710413695 2.975955 5.59206798867
0.033426183844 0.102710413695 2.899594 5.89801699717
0.0338747099768 0.104136947218 2.899323 5.89801699717
0.0338119499768 0.104136947218 2.896682 5.90934844193
0.0337962962963 0.104136947218 2.895057 5.91218130312
0.0337650323774 0.104136947218 2.892988 5.9178470255
0.0337494220989 0.104136947218 2.892606 5.92067988669
0.033702677747 0.104136947218 2.891525 5.92917847025
0.0341485925242 0.105563480742 2.890284 5.92917847025
0.0340229885057 0.105563480742 2.883336 5.95184135977
0.0340073529412 0.105563480742 2.883258 5.95467422096
0.0338363054412 0.105563480742 2.876754 5.98583569405
0.0338208409506 0.105563480742 2.876708 5.98866855524
0.0333784393324 0.105563480742 2.855966 6.07082152975
0.0338142470694 0.106990014265 2.854799 6.07082152975
0.0336172120126 0.106990014265 2.84387 6.10764872521
0.0336021505376 0.106990014265 2.843837 6.1104815864
0.0335270451498 0.106990014265 2.840529 6.12464589235
0.0335120643432 0.106990014265 2.840008 6.12747875354
0.033422459893 0.106990014265 2.837142 6.14447592068
0.0338530066815 0.108416547789 2.836933 6.14447592068
0.0334212840809 0.108416547789 2.819394 6.22662889518
0.0334065934066 0.108416547789 2.819384 6.22946175637
0.0328861964518 0.108416547789 2.802631 6.33144475921
0.0328719723183 0.108416547789 2.80255 6.3342776204
0.0324786324786 0.108416547789 2.782686 6.41359773371
0.0324647586501 0.108416547789 2.782011 6.4164305949
0.0318257956449 0.108416547789 2.753631 6.54957507082
0.0318124738384 0.108416547789 2.752877 6.55240793201
0.0317991631799 0.108416547789 2.752334 6.5552407932
0.0317858636554 0.108416547789 2.751558 6.55807365439
0.0317858636554 0.108416547789 2.751558 6.55807365439
0.0317725752508 0.108416547789 2.751152 6.56090651558
0.0315091210614 0.108416547789 2.742903 6.61756373938
0.0314960629921 0.108416547789 2.742687 6.62039660057
0.030831643002 0.108416547789 2.709229 6.76770538244
0.0308191403082 0.108416547789 2.70901 6.77053824363
0.0307443365696 0.108416547789 2.704944 6.78753541076
0.0311362717347 0.109843081312 2.704819 6.78753541076
0.0309734513274 0.109843081312 2.699318 6.82436260623
0.0309609971854 0.109843081312 2.698582 6.82719546742
0.0304829770388 0.109843081312 2.680945 6.93767705382
0.0308666402849 0.111269614836 2.680793 6.93767705382
0.0307935254639 0.111269614836 2.675925 6.95467422096
0.0307813733228 0.111269614836 2.67591 6.95750708215
0.0302795031056 0.111269614836 2.657122 7.07648725212
0.0306558013194 0.112696148359 2.656774 7.07648725212
0.0306201550388 0.112696148359 2.655521 7.08498583569
0.0306082913599 0.112696148359 2.654696 7.08781869688
0.0300151975684 0.112696148359 2.629707 7.23229461756
0.0303835928599 0.114122681883 2.628174 7.23229461756
0.0300864986837 0.114122681883 2.614729 7.3059490085
0.0300751879699 0.114122681883 2.614565 7.30878186969
0.0299289188178 0.114122681883 2.609681 7.34560906516
0.0299177262528 0.114122681883 2.609389 7.34844192635
0.0299065420561 0.114122681883 2.60935 7.35127478754
0.0298953662182 0.114122681883 2.607887 7.35410764873
0.0296846011132 0.114122681883 2.598166 7.40793201133
0.0296735905045 0.114122681883 2.597287 7.41076487252
0.0296735905045 0.114122681883 2.597287 7.41076487252
0.0296625880608 0.114122681883 2.597044 7.41359773371
0.029563932003 0.114122681883 2.591829 7.43909348442
0.0299224233469 0.115549215407 2.59067 7.43909348442
0.0299003322259 0.115549215407 2.58974 7.4447592068
0.029889298893 0.115549215407 2.589592 7.44759206799
0.0295620437956 0.115549215407 2.576196 7.53257790368
0.0295512586647 0.115549215407 2.575152 7.53541076487
0.0292207792208 0.115549215407 2.555115 7.62322946176
0.0295708618824 0.11697574893 2.554851 7.62322946176
0.0292022792023 0.11697574893 2.537438 7.7223796034
0.0295478818085 0.118402282454 2.536826 7.7223796034
0.0293909348442 0.118402282454 2.529908 7.76487252125
0.0297345132743 0.119828815977 2.52986 7.76487252125
0.0293501048218 0.119828815977 2.51318 7.86968838527
0.0293398533007 0.119828815977 2.512438 7.87252124646
0.0285714285714 0.119828815977 2.477033 8.09065155807
0.028901734104 0.121255349501 2.476722 8.09065155807
0.0287648054146 0.121255349501 2.470545 8.13031161473
0.0290933694181 0.122681883024 2.470288 8.13031161473
0.0289562289562 0.122681883024 2.46421 8.16997167139
0.0292830696735 0.124108416548 2.464102 8.16997167139
0.0287223506108 0.124108416548 2.43167 8.3342776204
0.0290429042904 0.125534950071 2.430931 8.3342776204
0.0289093298292 0.125534950071 2.424126 8.37393767705
0.0288998357964 0.125534950071 2.423961 8.37677053824
0.0281960909965 0.125534950071 2.388419 8.59206798867
0.0281870595772 0.125534950071 2.386439 8.59490084986
0.02816 0.125534950071 2.384614 8.60339943343
0.0281509916827 0.125534950071 2.384484 8.60623229462
0.0279365079365 0.125534950071 2.37587 8.67422096317
0.0282450015868 0.126961483595 2.375269 8.67422096317
0.0282002534854 0.126961483595 2.371761 8.68838526912
0.0285080772886 0.128388017118 2.370049 8.68838526912
0.0284629981025 0.128388017118 2.368059 8.70254957507
0.0287701549162 0.129814550642 2.367904 8.70254957507
0.0287428932407 0.129814550642 2.366732 8.71104815864
0.0287338174929 0.129814550642 2.363975 8.71388101983
0.0287338174929 0.129814550642 2.363975 8.71388101983
0.0287247474747 0.129814550642 2.363728 8.71671388102
0.0286433742524 0.129814550642 2.360917 8.74220963173
0.0286343612335 0.129814550642 2.360743 8.74504249292
0.0284820031299 0.129814550642 2.349221 8.79320113314
0.0287859824781 0.131241084165 2.347622 8.79320113314
0.02875 0.131241084165 2.34652 8.8045325779
0.0287410184317 0.131241084165 2.346424 8.80736543909
0.0285980727386 0.131241084165 2.34023 8.85269121813
0.0288999378496 0.132667617689 2.339596 8.85269121813
0.0283450167632 0.132667617689 2.307566 9.03116147309
0.0286410725168 0.134094151213 2.307131 9.03116147309
0.0286323484618 0.134094151213 2.306971 9.03399433428
0.028928136419 0.135520684736 2.306087 9.03399433428
0.028779157831 0.135520684736 2.296191 9.0821529745
0.0290732889158 0.13694721826 2.295788 9.0821529745
0.0290468986384 0.13694721826 2.294576 9.09065155807
0.0290381125227 0.13694721826 2.294306 9.09348441926
0.0289767582252 0.13694721826 2.289998 9.11331444759
0.028968014484 0.13694721826 2.289463 9.11614730878
0.0286140089419 0.13694721826 2.27125 9.23229461756
0.0289034564958 0.138373751783 2.270233 9.23229461756
0.0286982248521 0.138373751783 2.259605 9.30028328612
0.0286897367643 0.138373751783 2.259448 9.30311614731
0.0283874743927 0.138373751783 2.243778 9.40509915014
0.0286717378584 0.139800285307 2.243707 9.40509915014
0.0283811178685 0.139800285307 2.227818 9.50424929178
0.0283729009844 0.139800285307 2.227148 9.50708215297
0.0283400809717 0.139800285307 2.225067 9.51841359773
0.0283318878289 0.139800285307 2.224331 9.52124645892
0.0283155157469 0.139800285307 2.223869 9.5269121813
0.028596187175 0.14122681883 2.223032 9.5269121813
0.0283261802575 0.14122681883 2.207471 9.62039660057
0.0283180778032 0.14122681883 2.207137 9.62322946176
0.0282776349614 0.14122681883 2.204624 9.63739376771
0.0285551113649 0.142653352354 2.204396 9.63739376771
0.0284981476204 0.142653352354 2.198529 9.65722379603
0.02849002849 0.142653352354 2.197592 9.66005665722
0.027972027972 0.142653352354 2.174027 9.84419263456
0.0279642058166 0.142653352354 2.173968 9.84702549575
0.0278473962684 0.142653352354 2.168337 9.8895184136
0.0278396436526 0.142653352354 2.168279 9.89235127479
0.0273373428103 0.142653352354 2.140552 10.0793201133
0.0276031702651 0.144079885877 2.140088 10.0793201133
0.0274307441608 0.144079885877 2.129698 10.1444759207
0.0274232962259 0.144079885877 2.128794 10.1473087819
0.0269837029121 0.144079885877 2.103524 10.3172804533
0.0269764957265 0.144079885877 2.102707 10.3201133144
0.0269620928991 0.144079885877 2.102265 10.3257790368
0.0269548972511 0.144079885877 2.100998 10.328611898
0.0263020833333 0.144079885877 2.06772 10.5920679887
0.0262952356157 0.144079885877 2.066277 10.5949008499
0.0261725835709 0.144079885877 2.058202 10.6458923513
0.0264248704663 0.145506419401 2.058153 10.6458923513
0.0263565891473 0.145506419401 2.054053 10.6742209632
0.0263497804185 0.145506419401 2.053141 10.6770538244
0.0262413172112 0.145506419401 2.041502 10.7223796034
0.0262345679012 0.145506419401 2.04143 10.7252124646
0.0260936300844 0.145506419401 2.03387 10.7847025496
0.0263427109974 0.146932952924 2.033544 10.7847025496
0.0263225146946 0.146932952924 2.032617 10.7932011331
0.0263157894737 0.146932952924 2.031439 10.7960339943
0.0262889229199 0.146932952924 2.030002 10.8073654391
0.0265373819852 0.148359486448 2.02983 10.8073654391
0.0264361972547 0.148359486448 2.021846 10.8498583569
0.0266836086404 0.149786019971 2.02156 10.8498583569
0.02648839556 0.149786019971 2.009023 10.9320113314
0.0267339218159 0.151212553495 2.009019 10.9320113314
0.0265864058189 0.151212553495 2.000196 10.9943342776
0.0265797392177 0.151212553495 1.999825 10.9971671388
0.0264141539995 0.151212553495 1.987862 11.0679886686
0.0264075734928 0.151212553495 1.98721 11.0708215297
0.0262636273538 0.151212553495 1.977991 11.1331444759
0.026257121625 0.151212553495 1.977952 11.1359773371
0.0260506266896 0.151212553495 1.964049 11.2266288952
0.0260442260442 0.151212553495 1.963892 11.2294617564
0.0258662762323 0.151212553495 1.953667 11.3087818697
0.0258599658453 0.151212553495 1.953629 11.3116147309
0.0257531584062 0.151212553495 1.9468 11.3597733711
0.0259897983969 0.152639087019 1.945963 11.3597733711
0.0258204633205 0.152639087019 1.937193 11.4362606232
0.0258142340169 0.152639087019 1.936855 11.4390934844
0.025758305248 0.152639087019 1.933564 11.4645892351
0.0259927797834 0.154065620542 1.932862 11.4645892351
0.0258002866699 0.154065620542 1.91665 11.552407932
0.0260329591593 0.155492154066 1.916027 11.552407932
0.0257378984652 0.155492154066 1.898216 11.6883852691
0.025731822474 0.155492154066 1.897481 11.6912181303
0.0256109022556 0.155492154066 1.885545 11.7478753541
0.02560488607 0.155492154066 1.88533 11.7507082153
0.0255149812734 0.155492154066 1.880807 11.7932011331
0.0257430376784 0.156918687589 1.880453 11.7932011331
0.0255398188995 0.156918687589 1.871429 11.8895184136
0.0255338904364 0.156918687589 1.869546 11.8923512748
0.02536900369 0.156918687589 1.857594 11.9716713881
0.0253631542541 0.156918687589 1.856875 11.9745042493
0.0250626566416 0.156918687589 1.837732 12.1218130312
0.0250569476082 0.156918687589 1.837638 12.1246458924
0.0250227479527 0.156918687589 1.83594 12.1416430595
0.0250170570844 0.156918687589 1.835664 12.1444759207
0.0250056831098 0.156918687589 1.835156 12.1501416431
0.0252272727273 0.158345221113 1.834861 12.1501416431
0.0251700680272 0.158345221113 1.830723 12.178470255
0.0253910677851 0.159771754636 1.830716 12.178470255
0.025005581603 0.159771754636 1.806696 12.3711048159
0.025 0.159771754636 1.806342 12.3739376771
0.0248944209824 0.159771754636 1.797304 12.4277620397
0.0251111111111 0.16119828816 1.797145 12.4277620397
0.0250332299513 0.16119828816 1.79435 12.4674220963
0.0250276854928 0.16119828816 1.792685 12.4702549575
0.0248515504728 0.16119828816 1.785526 12.5609065156
0.0248460861917 0.16119828816 1.785357 12.5637393768
0.0248079034029 0.16119828816 1.781689 12.5835694051
0.0250219490781 0.162624821683 1.781346 12.5835694051
0.0247933884298 0.162624821683 1.763605 12.7025495751
0.0247879973907 0.162624821683 1.763322 12.7053824363
0.0247826086957 0.162624821683 1.763078 12.7082152975
0.024777222343 0.162624821683 1.762298 12.7110481586
0.0246007768666 0.162624821683 1.747899 12.8045325779
0.024811218986 0.164051355207 1.747649 12.8045325779
0.0246358183376 0.164051355207 1.731715 12.8980169972
0.0246305418719 0.164051355207 1.731548 12.9008498584
0.0241698192518 0.164051355207 1.6983 13.1529745042
0.0241647404917 0.164051355207 1.697956 13.1558073654
0.024028416214 0.164051355207 1.688494 13.2322946176
0.0240233966994 0.164051355207 1.68816 13.2351274788
0.0240033395951 0.164051355207 1.687025 13.2464589235
0.0239983305509 0.164051355207 1.686198 13.2492917847
0.0239683201334 0.164051355207 1.684969 13.2662889518
0.024171702438 0.16547788873 1.684914 13.2662889518
0.0241164241164 0.16547788873 1.678346 13.2974504249
0.024111411349 0.16547788873 1.677943 13.3002832861
0.0239570425444 0.16547788873 1.668049 13.388101983
0.0241585793929 0.166904422254 1.66771 13.388101983
0.0239950779327 0.166904422254 1.657578 13.4815864023
0.0239901578839 0.166904422254 1.657517 13.4844192635
0.0238775510204 0.166904422254 1.644718 13.5495750708
0.0240767190369 0.168330955777 1.644368 13.5495750708
0.023939947251 0.168330955777 1.636516 13.6288951841
0.0239350912779 0.168330955777 1.636392 13.6317280453
0.0236757624398 0.168330955777 1.617257 13.7847025496
0.0236710130391 0.168330955777 1.61707 13.7875354108
0.0236 0.168330955777 1.611688 13.8300283286
0.0235952809438 0.168330955777 1.610843 13.8328611898
0.0235575963266 0.168330955777 1.609682 13.8555240793
0.02375249501 0.169757489301 1.609351 13.8555240793
0.0237288135593 0.169757489301 1.607371 13.8696883853
0.0239234449761 0.171184022825 1.606485 13.8696883853
0.0236733083448 0.171184022825 1.58641 14.0198300283
0.0236686390533 0.171184022825 1.586179 14.0226628895
0.0235710076606 0.171184022825 1.577967 14.0821529745
0.0237627651218 0.172610556348 1.577585 14.0821529745
0.0234314484895 0.172610556348 1.551375 14.2861189802
0.0234269119071 0.172610556348 1.551144 14.2889518414
0.0231845181069 0.172610556348 1.531549 14.4419263456
0.0231800766284 0.172610556348 1.531147 14.4447592068
0.0230960106891 0.172610556348 1.521892 14.4985835694
0.0230916030534 0.172610556348 1.52181 14.5014164306
0.022995058913 0.172610556348 1.513912 14.5637393768
0.0229906897207 0.172610556348 1.512827 14.566572238
0.0229557958642 0.172610556348 1.510982 14.5892351275
0.0229514415781 0.172610556348 1.510394 14.5920679887
0.0227786144578 0.172610556348 1.491621 14.7053824363
0.0229625447017 0.174037089872 1.491315 14.7053824363
0.0228037383178 0.174037089872 1.473295 14.8101983003
0.0227994767333 0.174037089872 1.472193 14.8130311615
0.0225842280637 0.174037089872 1.450542 14.9575070822
0.0227651304831 0.175463623395 1.449877 14.9575070822
0.0224739630915 0.175463623395 1.415421 15.1558073654
0.0224698575082 0.175463623395 1.41519 15.1586402266
0.022102425876 0.175463623395 1.370074 15.4164305949
0.0220984549048 0.175463623395 1.369931 15.4192634561
0.0220114531138 0.175463623395 1.361006 15.4815864023
0.0221864376454 0.176890156919 1.360781 15.4815864023
0.0221864376454 0.176890156919 1.360781 15.4815864023
0.0223613595707 0.178316690442 1.360453 15.4815864023
0.0221985437755 0.178316690442 1.34172 15.597733711
0.0223721590909 0.179743223966 1.341312 15.597733711
0.0219972067039 0.179743223966 1.29712 15.8696883853
0.0219933670798 0.179743223966 1.297063 15.8725212465
0.0219359331476 0.179743223966 1.293293 15.9150141643
0.0219321148825 0.179743223966 1.293273 15.9178470255
0.0216049382716 0.179743223966 1.253256 16.164305949
0.0217726727242 0.181169757489 1.252506 16.164305949
0.0216908625107 0.181169757489 1.244649 16.2266288952
0.0218579234973 0.182596291013 1.244626 16.2266288952
0.0216912387731 0.182596291013 1.229414 16.3541076487
0.0216875635378 0.182596291013 1.228338 16.3569405099
0.0216179699375 0.182596291013 1.222796 16.4107648725
0.0216143194867 0.182596291013 1.222411 16.4135977337
0.0211395540875 0.182596291013 1.169928 16.790368272
0.0213011889036 0.184022824536 1.168692 16.790368272
0.021009771987 0.184022824536 1.134688 17.0283286119
0.0211691906856 0.18544935806 1.134228 17.0283286119
0.0211279050869 0.18544935806 1.130159 17.0623229462
0.0211244718882 0.18544935806 1.129354 17.0651558074
0.0210799416248 0.18544935806 1.121926 17.1019830028
0.0212386511025 0.186875891583 1.121171 17.1019830028
0.0211494995157 0.186875891583 1.104825 17.1756373938
0.0213075060533 0.188302425107 1.10456 17.1756373938
0.0212457749879 0.188302425107 1.095876 17.2266288952
0.0212423559704 0.188302425107 1.09587 17.2294617564
0.0211606284065 0.188302425107 1.085532 17.2974504249
0.0211572367367 0.188302425107 1.084364 17.3002832861
0.0211064918452 0.188302425107 1.074963 17.342776204
0.021103117506 0.188302425107 1.074892 17.3456090652
0.0209557072551 0.188302425107 1.053936 17.4702549575
0.0209523809524 0.188302425107 1.053257 17.4730878187
0.020618556701 0.188302425107 1.013975 17.7620396601
0.0207715133531 0.189728958631 1.013724 17.7620396601
0.0206489675516 0.189728958631 0.995178 17.8696883853
0.0208009934803 0.191155492154 0.994816 17.8696883853
0.0206630686199 0.191155492154 0.972051 17.9915014164
0.0206598828245 0.191155492154 0.971872 17.9943342776
0.0206122135056 0.191155492154 0.964722 18.0368271955
0.0207628422024 0.192582025678 0.964098 18.0368271955
0.0206579954093 0.192582025678 0.944524 18.1303116147
0.0206548347613 0.192582025678 0.943652 18.1331444759
0.0196879101648 0.192582025678 0.781141 19.0424929178
0.0196850393701 0.192582025678 0.780733 19.045325779
0.0191272315103 0.192582025678 0.683453 19.611898017
0.019266185012 0.194008559201 0.68328 19.611898017
0.0188784008884 0.194008559201 0.612632 20.0226628895
0.019014573213 0.195435092725 0.61183 20.0226628895
0.0186065462447 0.195435092725 0.540281 20.4702549575
0.0186040195546 0.195435092725 0.539624 20.4730878187
0.0179178655506 0.195435092725 0.386477 21.2719546742
0.0179155224271 0.195435092725 0.386111 21.2747875354
0.0178804489689 0.195435092725 0.373002 21.3172804533
0.0180086128148 0.196861626248 0.372363 21.3172804533
0.0177423502186 0.196861626248 0.310587 21.6430594901
0.0178686206453 0.198288159772 0.310566 21.6430594901
0.0175327951564 0.198288159772 0.231282 22.0651558074
0.0176567032413 0.199714693295 0.230975 22.0651558074
0.0174956260935 0.199714693295 0.032931 22.2719546742
0.01749343996 0.199714693295 0.000108 22.2747875354
