1.0 0.0 inf 0.0
1.0 0.00142653352354 8.291371 0.0
1.0 0.00142653352354 8.291371 0.0
1.0 0.00285306704708 8.219538 0.0
0.5 0.00285306704708 7.964972 0.0056657223796
0.4 0.00285306704708 7.876225 0.00849858356941
0.333333333333 0.00285306704708 7.796017 0.0113314447592
0.285714285714 0.00285306704708 7.693444 0.014164305949
0.285714285714 0.00285306704708 7.693444 0.014164305949
0.25 0.00285306704708 7.690177 0.0169971671388
0.25 0.00285306704708 7.690177 0.0169971671388
0.222222222222 0.00285306704708 7.563789 0.0198300283286
0.222222222222 0.00285306704708 7.563789 0.0198300283286
0.2 0.00285306704708 7.555832 0.0226628895184
0.153846153846 0.00285306704708 7.1048 0.0311614730878
0.214285714286 0.00427960057061 7.079572 0.0311614730878
0.1875 0.00427960057061 7.000637 0.0368271954674
0.235294117647 0.00570613409415 6.927991 0.0368271954674
0.190476190476 0.00570613409415 6.867106 0.0481586402266
0.227272727273 0.00713266761769 6.854418 0.0481586402266
0.178571428571 0.00713266761769 6.735159 0.0651558073654
0.206896551724 0.00855920114123 6.715129 0.0651558073654
0.1875 0.00855920114123 6.624092 0.0736543909348
0.212121212121 0.00998573466476 6.569338 0.0736543909348
0.212121212121 0.00998573466476 6.569338 0.0736543909348
0.235294117647 0.0114122681883 6.559652 0.0736543909348
0.216216216216 0.0114122681883 6.487401 0.0821529745042
0.210526315789 0.0114122681883 6.485345 0.0849858356941
0.19512195122 0.0114122681883 6.417323 0.0934844192635
0.190476190476 0.0114122681883 6.407683 0.0963172804533
0.190476190476 0.0114122681883 6.407683 0.0963172804533
0.209302325581 0.0128388017118 6.402267 0.0963172804533
0.204545454545 0.0128388017118 6.400698 0.0991501416431
0.222222222222 0.0142653352354 6.394212 0.0991501416431
0.222222222222 0.0142653352354 6.394212 0.0991501416431
0.217391304348 0.0142653352354 6.393093 0.101983002833
0.217391304348 0.0142653352354 6.393093 0.101983002833
0.212765957447 0.0142653352354 6.387722 0.104815864023
0.196078431373 0.0142653352354 6.289186 0.116147308782
0.192307692308 0.0142653352354 6.288799 0.118980169972
0.185185185185 0.0142653352354 6.264436 0.124645892351
0.181818181818 0.0142653352354 6.256859 0.127478753541
0.172413793103 0.0142653352354 6.233 0.13597733711
0.169491525424 0.0142653352354 6.226061 0.1388101983
0.153846153846 0.0142653352354 6.152752 0.155807365439
0.151515151515 0.0142653352354 6.144224 0.158640226629
0.142857142857 0.0142653352354 6.120784 0.169971671388
0.154929577465 0.0156918687589 6.105542 0.169971671388
0.148648648649 0.0156918687589 6.090047 0.178470254958
0.146666666667 0.0156918687589 6.075034 0.181303116147
0.141025641026 0.0156918687589 6.061408 0.189801699717
0.151898734177 0.0171184022825 6.06089 0.189801699717
0.146341463415 0.0171184022825 6.045817 0.198300283286
0.156626506024 0.018544935806 6.038332 0.198300283286
0.156626506024 0.018544935806 6.038332 0.198300283286
0.154761904762 0.018544935806 6.029336 0.201133144476
0.152941176471 0.018544935806 6.028984 0.203966005666
0.151162790698 0.018544935806 6.027798 0.206798866856
0.149425287356 0.018544935806 6.019999 0.209631728045
0.147727272727 0.018544935806 6.019601 0.212464589235
0.147727272727 0.018544935806 6.019601 0.212464589235
0.157303370787 0.0199714693295 6.016278 0.212464589235
0.153846153846 0.0199714693295 5.995688 0.218130311615
0.163043478261 0.0213980028531 5.98666 0.218130311615
0.157894736842 0.0213980028531 5.964782 0.226628895184
0.166666666667 0.0228245363766 5.956417 0.226628895184
0.164948453608 0.0228245363766 5.925453 0.229461756374
0.173469387755 0.0242510699001 5.924299 0.229461756374
0.171717171717 0.0242510699001 5.924083 0.232294617564
0.17 0.0242510699001 5.907869 0.235127478754
0.160377358491 0.0242510699001 5.877064 0.252124645892
0.158878504673 0.0242510699001 5.862397 0.254957507082
0.141666666667 0.0242510699001 5.744599 0.29178470255
0.140495867769 0.0242510699001 5.737673 0.294617563739
0.140495867769 0.0242510699001 5.737673 0.294617563739
0.139344262295 0.0242510699001 5.736649 0.297450424929
0.139344262295 0.0242510699001 5.736649 0.297450424929
0.146341463415 0.0256776034237 5.732076 0.297450424929
0.146341463415 0.0256776034237 5.732076 0.297450424929
0.153225806452 0.0271041369472 5.728032 0.297450424929
0.143939393939 0.0271041369472 5.695018 0.320113314448
0.142857142857 0.0271041369472 5.694095 0.322946175637
0.139705882353 0.0271041369472 5.684096 0.331444759207
0.138686131387 0.0271041369472 5.661188 0.334277620397
0.131034482759 0.0271041369472 5.613279 0.356940509915
0.130136986301 0.0271041369472 5.610716 0.359773371105
0.121794871795 0.0271041369472 5.552276 0.388101983003
0.12101910828 0.0271041369472 5.532256 0.390934844193
0.12101910828 0.0271041369472 5.532256 0.390934844193
0.120253164557 0.0271041369472 5.531204 0.393767705382
0.117283950617 0.0271041369472 5.511866 0.405099150142
0.122699386503 0.0285306704708 5.510045 0.405099150142
0.118343195266 0.0285306704708 5.451711 0.42209631728
0.117647058824 0.0285306704708 5.437938 0.42492917847
0.115606936416 0.0285306704708 5.398086 0.43342776204
0.114942528736 0.0285306704708 5.396433 0.436260623229
0.114942528736 0.0285306704708 5.396433 0.436260623229
0.12 0.0299572039943 5.395216 0.436260623229
0.119318181818 0.0299572039943 5.393498 0.439093484419
0.118644067797 0.0299572039943 5.382966 0.441926345609
0.11797752809 0.0299572039943 5.377749 0.444759206799
0.122905027933 0.0313837375178 5.377635 0.444759206799
0.118918918919 0.0313837375178 5.358159 0.461756373938
0.118279569892 0.0313837375178 5.356532 0.464589235127
0.115789473684 0.0313837375178 5.335126 0.475920679887
0.115183246073 0.0313837375178 5.335098 0.478753541076
0.105263157895 0.0313837375178 5.175591 0.529745042493
0.109523809524 0.0328102710414 5.168798 0.529745042493
0.10407239819 0.0328102710414 5.104505 0.560906515581
0.108108108108 0.0342368045649 5.103874 0.560906515581
0.0987654320988 0.0342368045649 4.993182 0.620396600567
0.0983606557377 0.0342368045649 4.986746 0.623229461756
0.0952380952381 0.0342368045649 4.938028 0.645892351275
0.0948616600791 0.0342368045649 4.935122 0.648725212465
0.093023255814 0.0342368045649 4.914765 0.662889518414
0.0965250965251 0.0356633380884 4.9127 0.662889518414
0.094696969697 0.0356633380884 4.892328 0.677053824363
0.0981132075472 0.037089871612 4.888613 0.677053824363
0.0981132075472 0.037089871612 4.888613 0.677053824363
0.0977443609023 0.037089871612 4.886931 0.679886685552
0.0977443609023 0.037089871612 4.886931 0.679886685552
0.101123595506 0.0385164051355 4.88021 0.679886685552
0.0964285714286 0.0385164051355 4.826434 0.71671388102
0.0996441281139 0.0399429386591 4.825532 0.71671388102
0.0952380952381 0.0399429386591 4.772845 0.753541076487
0.0949152542373 0.0399429386591 4.761674 0.756373937677
0.0927152317881 0.0399429386591 4.740794 0.776203966006
0.0957095709571 0.0413694721826 4.729172 0.776203966006
0.0957095709571 0.0413694721826 4.729172 0.776203966006
0.0986842105263 0.0427960057061 4.726093 0.776203966006
0.0943396226415 0.0427960057061 4.678027 0.815864022663
0.0940438871473 0.0427960057061 4.676584 0.818696883853
0.0928792569659 0.0427960057061 4.64706 0.830028328612
0.0956790123457 0.0442225392297 4.637122 0.830028328612
0.0919881305638 0.0442225392297 4.601923 0.866855524079
0.094674556213 0.0456490727532 4.598575 0.866855524079
0.093023255814 0.0456490727532 4.581316 0.883852691218
0.095652173913 0.0470756062767 4.578656 0.883852691218
0.0953757225434 0.0470756062767 4.575622 0.886685552408
0.0951008645533 0.0470756062767 4.567425 0.889518413598
0.0934844192635 0.0470756062767 4.55169 0.906515580737
0.0932203389831 0.0470756062767 4.543872 0.909348441926
0.0921787709497 0.0470756062767 4.535231 0.920679886686
0.0947075208914 0.0485021398003 4.534005 0.920679886686
0.0921409214092 0.0485021398003 4.493357 0.949008498584
0.0945945945946 0.0499286733238 4.490467 0.949008498584
0.0925925925926 0.0499286733238 4.474899 0.971671388102
0.0923482849604 0.0499286733238 4.471666 0.974504249292
0.090206185567 0.0499286733238 4.453285 1.0
0.0899742930591 0.0499286733238 4.450235 1.00283286119
0.0875 0.0499286733238 4.41505 1.03399433428
0.0872817955112 0.0499286733238 4.414732 1.03682719547
0.0841346153846 0.0499286733238 4.339876 1.07932011331
0.0863309352518 0.0513552068474 4.336722 1.07932011331
0.0849056603774 0.0513552068474 4.317845 1.09915014164
0.0847058823529 0.0513552068474 4.311217 1.10198300283
0.0791208791209 0.0513552068474 4.191085 1.18696883853
0.0811403508772 0.0527817403709 4.187893 1.18696883853
0.0804347826087 0.0527817403709 4.174526 1.19830028329
0.0824295010846 0.0542082738944 4.173911 1.19830028329
0.0815450643777 0.0542082738944 4.161801 1.21246458924
0.0813704496788 0.0542082738944 4.161146 1.21529745042
0.0803382663848 0.0542082738944 4.147002 1.23229461756
0.0822784810127 0.055634807418 4.145245 1.23229461756
0.0821052631579 0.055634807418 4.143867 1.23512747875
0.0819327731092 0.055634807418 4.139164 1.23796033994
0.0758754863813 0.055634807418 4.048323 1.34560906516
0.0757281553398 0.055634807418 4.047601 1.34844192635
0.0714285714286 0.055634807418 3.984899 1.43626062323
0.073126142596 0.0570613409415 3.984872 1.43626062323
0.0718132854578 0.0570613409415 3.963665 1.46458923513
0.073476702509 0.058487874465 3.96266 1.46458923513
0.0725663716814 0.058487874465 3.947784 1.48441926346
0.0724381625442 0.058487874465 3.947133 1.48725212465
0.0711805555556 0.058487874465 3.92862 1.51558073654
0.0710571923744 0.058487874465 3.927505 1.51841359773
0.0705679862306 0.058487874465 3.921173 1.52974504249
0.0721649484536 0.0599144079886 3.916801 1.52974504249
0.0713073005093 0.0599144079886 3.905903 1.54957507082
0.071186440678 0.0599144079886 3.902064 1.55240793201
0.0697674418605 0.0599144079886 3.881557 1.58640226629
0.0696517412935 0.0599144079886 3.879838 1.58923512748
0.0679611650485 0.0599144079886 3.834894 1.63172804533
0.0694668820679 0.0613409415121 3.8335 1.63172804533
0.0689102564103 0.0613409415121 3.824836 1.64589235127
0.0704 0.0627674750357 3.816511 1.64589235127
0.0677966101695 0.0627674750357 3.750436 1.71388101983
0.0676923076923 0.0627674750357 3.74932 1.71671388102
0.0669710806697 0.0627674750357 3.729135 1.73654390935
0.0683890577508 0.0641940085592 3.728731 1.73654390935
0.066765578635 0.0641940085592 3.691911 1.78186968839
0.0666666666667 0.0641940085592 3.69101 1.78470254958
0.0661764705882 0.0641940085592 3.686015 1.79886685552
0.0660792951542 0.0641940085592 3.679524 1.80169971671
0.0657894736842 0.0641940085592 3.66917 1.81019830028
0.0671532846715 0.0656205420827 3.66636 1.81019830028
0.0638888888889 0.0656205420827 3.607817 1.90934844193
0.0651872399445 0.0670470756063 3.60259 1.90934844193
0.0642954856361 0.0670470756063 3.571242 1.93767705382
0.0642076502732 0.0670470756063 3.570317 1.94050991501
0.0639455782313 0.0670470756063 3.563255 1.94900849858
0.0652173913043 0.0684736091298 3.56233 1.94900849858
0.0644295302013 0.0684736091298 3.546959 1.97450424929
0.0643431635389 0.0684736091298 3.544304 1.97733711048
0.0642570281124 0.0684736091298 3.543382 1.98016997167
0.0655080213904 0.0699001426534 3.542414 1.98016997167
0.064558629776 0.0699001426534 3.529144 2.01133144476
0.0657894736842 0.0713266761769 3.521713 2.01133144476
0.0645994832041 0.0713266761769 3.501688 2.05099150142
0.0645161290323 0.0713266761769 3.498612 2.05382436261
0.0641025641026 0.0713266761769 3.479055 2.06798866856
0.0640204865557 0.0713266761769 3.478566 2.07082152975
0.0637755102041 0.0713266761769 3.471462 2.07932011331
0.0649681528662 0.0727532097004 3.466468 2.07932011331
0.0647208121827 0.0727532097004 3.455559 2.08781869688
0.0659062103929 0.074179743224 3.455408 2.08781869688
0.0654088050314 0.074179743224 3.446226 2.10481586402
0.0653266331658 0.074179743224 3.445605 2.10764872521
0.0651629072682 0.074179743224 3.439476 2.11331444759
0.0650813516896 0.074179743224 3.436884 2.11614730878
0.0650813516896 0.074179743224 3.436884 2.11614730878
0.06625 0.0756062767475 3.434711 2.11614730878
0.0643985419198 0.0756062767475 3.379462 2.18130311615
0.0643203883495 0.0756062767475 3.379164 2.18413597734
0.0637785800241 0.0756062767475 3.37551 2.20396600567
0.0649038461538 0.077032810271 3.374488 2.20396600567
0.0637544273908 0.077032810271 3.349772 2.24645892351
0.063679245283 0.077032810271 3.347971 2.2492917847
0.0624277456647 0.077032810271 3.317392 2.29745042493
0.0623556581986 0.077032810271 3.316956 2.30028328612
0.0617848970252 0.077032810271 3.308198 2.32294617564
0.0628571428571 0.0784593437946 3.304719 2.32294617564
0.0624290578888 0.0784593437946 3.292919 2.33994334278
0.0634920634921 0.0798858773181 3.291627 2.33994334278
0.0612691466083 0.0798858773181 3.239916 2.43059490085
0.0612021857923 0.0798858773181 3.23793 2.43342776204
0.0580310880829 0.0798858773181 3.146507 2.57507082153
0.0590062111801 0.0813124108417 3.142413 2.57507082153
0.0584615384615 0.0813124108417 3.130774 2.60056657224
0.0594262295082 0.0827389443652 3.130546 2.60056657224
0.0593654042989 0.0827389443652 3.128228 2.60339943343
0.060327198364 0.0841654778887 3.125597 2.60339943343
0.060327198364 0.0841654778887 3.125597 2.60339943343
0.0602655771195 0.0841654778887 3.124289 2.60623229462
0.0593561368209 0.0841654778887 3.100324 2.64872521246
0.0603015075377 0.0855920114123 3.100121 2.64872521246
0.0597609561753 0.0855920114123 3.088746 2.67422096317
0.0597014925373 0.0855920114123 3.087969 2.67705382436
0.0591715976331 0.0855920114123 3.075768 2.70254957507
0.0600985221675 0.0870185449358 3.075047 2.70254957507
0.0587102983638 0.0870185449358 3.043484 2.77053824363
0.0586538461538 0.0870185449358 3.041947 2.77337110482
0.0569029850746 0.0870185449358 2.99162 2.86402266289
0.0568499534017 0.0870185449358 2.991057 2.86685552408
0.0562730627306 0.0870185449358 2.98123 2.89801699717
0.0571428571429 0.0884450784593 2.97959 2.89801699717
0.0571428571429 0.0884450784593 2.97959 2.89801699717
0.0570902394107 0.0884450784593 2.977992 2.90084985836
0.0570377184913 0.0884450784593 2.976845 2.90368271955
0.0569852941176 0.0884450784593 2.975955 2.90651558074
0.0553077609277 0.0884450784593 2.899594 3.0
0.0561497326203 0.0898716119829 2.899323 3.0
0.0560997328584 0.0898716119829 2.896682 3.00283286119
0.0560498220641 0.0898716119829 2.895057 3.00566572238
0.0558510638298 0.0898716119829 2.884018 3.01699716714
0.0558015943313 0.0898716119829 2.883258 3.01983002833
0.0556537102473 0.0898716119829 2.880133 3.0283286119
0.0556045895852 0.0898716119829 2.876708 3.03116147309
0.0550699300699 0.0898716119829 2.856573 3.06232294618
0.0558951965066 0.0912981455064 2.854799 3.06232294618
0.055652173913 0.0912981455064 2.843697 3.07648725212
0.0556038227628 0.0912981455064 2.840008 3.07932011331
0.0533333333333 0.0912981455064 2.757784 3.21813031161
0.0532889258951 0.0912981455064 2.751152 3.2209631728
0.0528925619835 0.0912981455064 2.742903 3.24645892351
0.0528488852188 0.0912981455064 2.742687 3.2492917847
0.0513643659711 0.0912981455064 2.680945 3.34844192635
0.0521251002406 0.09272467903 2.680793 3.34844192635
0.0505836575875 0.09272467903 2.617129 3.45609065156
0.0505443234837 0.09272467903 2.614565 3.45892351275
0.0500770416025 0.09272467903 2.594724 3.49291784703
0.0508083140878 0.0941512125535 2.59067 3.49291784703
0.0501901140684 0.0941512125535 2.556959 3.53824362606
0.0509118541033 0.095577746077 2.554851 3.53824362606
0.0503759398496 0.095577746077 2.537438 3.57790368272
0.0510894064613 0.0970042796006 2.536826 3.57790368272
0.0505952380952 0.0970042796006 2.513803 3.61473087819
0.0505576208178 0.0970042796006 2.512438 3.61756373938
0.0497803806735 0.0970042796006 2.472992 3.67705382436
0.050475493782 0.0984308131241 2.470288 3.67705382436
0.0502915451895 0.0984308131241 2.465094 3.69121813031
0.0509832483613 0.0998573466476 2.464102 3.69121813031
0.0504322766571 0.0998573466476 2.435503 3.73371104816
0.0511159107271 0.101283880171 2.430931 3.73371104816
0.0504261363636 0.101283880171 2.391357 3.78753541076
0.0503903477644 0.101283880171 2.384484 3.79036827195
0.0501766784452 0.101283880171 2.375914 3.80736543909
0.0508474576271 0.102710413695 2.375269 3.80736543909
0.0507757404795 0.102710413695 2.362 3.81303116147
0.0507399577167 0.102710413695 2.360743 3.81586402266
0.0504201680672 0.102710413695 2.341823 3.84135977337
0.0510846745976 0.104136947218 2.339596 3.84135977337
0.0503795721187 0.104136947218 2.30935 3.89801699717
0.0510344827586 0.105563480742 2.306087 3.89801699717
0.0504430811179 0.105563480742 2.27125 3.94617563739
0.0510899182561 0.106990014265 2.270233 3.94617563739
0.0510204081633 0.106990014265 2.262649 3.95184135977
0.0509857239973 0.106990014265 2.259448 3.95467422096
0.0505731625084 0.106990014265 2.228065 3.98866855524
0.050539083558 0.106990014265 2.227148 3.99150141643
0.0505050505051 0.106990014265 2.223869 3.99433427762
0.0511440107672 0.108416547789 2.223032 3.99433427762
0.0503644797879 0.108416547789 2.174849 4.05949008499
0.0503311258278 0.108416547789 2.173968 4.06232294618
0.0498034076016 0.108416547789 2.140552 4.10764872521
0.0504256712508 0.109843081312 2.140088 4.10764872521
0.0503267973856 0.109843081312 2.130341 4.11614730878
0.0502939255389 0.109843081312 2.128794 4.11898016997
0.0492327365729 0.109843081312 2.058202 4.21246458924
0.0498402555911 0.111269614836 2.058153 4.21246458924
0.0495552731893 0.111269614836 2.03538 4.23796033994
0.0501587301587 0.112696148359 2.033544 4.23796033994
0.0498737373737 0.112696148359 2.009351 4.26345609065
0.0504731861199 0.114122681883 2.009019 4.26345609065
0.0500939261115 0.114122681883 1.967297 4.29745042493
0.0500625782228 0.114122681883 1.963892 4.30028328612
0.0499375780275 0.114122681883 1.954824 4.31161473088
0.0499064254523 0.114122681883 1.953629 4.31444759207
0.049504950495 0.114122681883 1.935704 4.35127478754
0.0500927643785 0.115549215407 1.932862 4.35127478754
0.0496627835684 0.115549215407 1.898714 4.39093484419
0.0496323529412 0.115549215407 1.897481 4.39376770538
0.0491803278689 0.115549215407 1.83663 4.43626062323
0.0491504854369 0.115549215407 1.835664 4.43909348442
0.0491504854369 0.115549215407 1.835664 4.43909348442
0.0497271073378 0.11697574893 1.834861 4.43909348442
0.0493381468111 0.11697574893 1.806935 4.47592067989
0.049308478653 0.11697574893 1.806342 4.47875354108
0.0492492492492 0.11697574893 1.798252 4.48441926346
0.0498199279712 0.118402282454 1.797145 4.48441926346
0.0494931425164 0.118402282454 1.748686 4.51558073654
0.0500595947557 0.119828815977 1.747649 4.51558073654
0.0498812351544 0.119828815977 1.731715 4.53257790368
0.0498516320475 0.119828815977 1.731548 4.53541076487
0.0491515506144 0.119828815977 1.688494 4.60339943343
0.0491228070175 0.119828815977 1.68816 4.60623229462
0.0490940970193 0.119828815977 1.687107 4.60906515581
0.0496495327103 0.121255349501 1.684914 4.60906515581
0.0487664945496 0.121255349501 1.617257 4.69688385269
0.0487385321101 0.121255349501 1.610843 4.69971671388
0.0486827033219 0.121255349501 1.60989 4.70538243626
0.0492272467086 0.122681883024 1.609351 4.70538243626
0.0483689538808 0.122681883024 1.518873 4.79320113314
0.0483417650365 0.122681883024 1.512827 4.79603399433
0.0481522956327 0.122681883024 1.491658 4.81586402266
0.0486849468383 0.124108416548 1.491315 4.81586402266
0.0484679665738 0.124108416548 1.473295 4.83852691218
0.0484409799555 0.124108416548 1.472193 4.84135977337
0.0480662983425 0.124108416548 1.415552 4.88101983003
0.0480397570403 0.124108416548 1.41519 4.88385269122
0.0474631751227 0.124108416548 1.349779 4.94617563739
0.0479825517993 0.125534950071 1.341312 4.94617563739
0.047619047619 0.125534950071 1.301685 4.98583569405
0.0475932936723 0.125534950071 1.297063 4.98866855524
0.0436075322101 0.125534950071 0.685368 5.46742209632
0.0440812283309 0.126961483595 0.68328 5.46742209632
0.0428709055877 0.126961483595 0.032931 5.62889518414
0.042850264805 0.126961483595 0.000108 5.63172804533
