1.0 0.0 inf 0.0
1.0 0.00142653352354 8.291371 0.0
1.0 0.00142653352354 8.291371 0.0
1.0 0.00285306704708 8.219538 0.0
0.5 0.00285306704708 7.796017 0.0056657223796
0.6 0.00427960057061 7.079572 0.0056657223796
0.6 0.00427960057061 7.079572 0.0056657223796
0.666666666667 0.00570613409415 6.927991 0.0056657223796
0.5 0.00570613409415 6.867106 0.0113314447592
0.555555555556 0.00713266761769 6.854418 0.0113314447592
0.416666666667 0.00713266761769 6.735159 0.0198300283286
0.461538461538 0.00855920114123 6.715129 0.0198300283286
0.461538461538 0.00855920114123 6.715129 0.0198300283286
0.5 0.00998573466476 6.569338 0.0198300283286
0.5 0.00998573466476 6.569338 0.0198300283286
0.533333333333 0.0114122681883 6.559652 0.0198300283286
0.421052631579 0.0114122681883 6.417323 0.0311614730878
0.45 0.0128388017118 6.402267 0.0311614730878
0.45 0.0128388017118 6.402267 0.0311614730878
0.47619047619 0.0142653352354 6.394212 0.0311614730878
0.37037037037 0.0142653352354 6.120784 0.0481586402266
0.392857142857 0.0156918687589 6.105542 0.0481586402266
0.379310344828 0.0156918687589 6.062234 0.0509915014164
0.4 0.0171184022825 6.06089 0.0509915014164
0.4 0.0171184022825 6.06089 0.0509915014164
0.41935483871 0.018544935806 6.038332 0.0509915014164
0.41935483871 0.018544935806 6.038332 0.0509915014164
0.4375 0.0199714693295 6.016278 0.0509915014164
0.4375 0.0199714693295 6.016278 0.0509915014164
0.454545454545 0.0213980028531 5.98666 0.0509915014164
0.428571428571 0.0213980028531 5.964782 0.056657223796
0.444444444444 0.0228245363766 5.956417 0.056657223796
0.4 0.0228245363766 5.82224 0.0679886685552
0.414634146341 0.0242510699001 5.728032 0.0679886685552
0.326923076923 0.0242510699001 5.458563 0.0991501416431
0.339622641509 0.0256776034237 5.395216 0.0991501416431
0.333333333333 0.0256776034237 5.377749 0.101983002833
0.345454545455 0.0271041369472 5.377635 0.101983002833
0.292307692308 0.0271041369472 5.191051 0.130311614731
0.30303030303 0.0285306704708 5.168798 0.130311614731
0.277777777778 0.0285306704708 4.934893 0.14730878187
0.287671232877 0.0299572039943 4.9127 0.14730878187
0.287671232877 0.0299572039943 4.9127 0.14730878187
0.297297297297 0.0313837375178 4.88021 0.14730878187
0.275 0.0313837375178 4.826434 0.164305949008
0.283950617284 0.0328102710414 4.825532 0.164305949008
0.267441860465 0.0328102710414 4.740794 0.178470254958
0.275862068966 0.0342368045649 4.729172 0.178470254958
0.260869565217 0.0342368045649 4.64997 0.192634560907
0.268817204301 0.0356633380884 4.637122 0.192634560907
0.260416666667 0.0356633380884 4.601923 0.201133144476
0.268041237113 0.037089871612 4.598575 0.201133144476
0.208 0.037089871612 4.157021 0.28045325779
0.214285714286 0.0385164051355 4.145245 0.28045325779
0.1875 0.0385164051355 3.970141 0.331444759207
0.193103448276 0.0399429386591 3.96266 0.331444759207
0.191780821918 0.0399429386591 3.947784 0.334277620397
0.197278911565 0.0413694721826 3.916801 0.334277620397
0.190789473684 0.0413694721826 3.857374 0.348441926346
0.196078431373 0.0427960057061 3.8335 0.348441926346
0.196078431373 0.0427960057061 3.8335 0.348441926346
0.201298701299 0.0442225392297 3.816511 0.348441926346
0.19375 0.0442225392297 3.746349 0.365439093484
0.198757763975 0.0456490727532 3.728731 0.365439093484
0.196319018405 0.0456490727532 3.689045 0.371104815864
0.201219512195 0.0470756062767 3.66636 0.371104815864
0.189655172414 0.0470756062767 3.56402 0.399433427762
0.194285714286 0.0485021398003 3.56233 0.399433427762
0.189944134078 0.0485021398003 3.536468 0.410764872521
0.194444444444 0.0499286733238 3.521713 0.410764872521
0.189189189189 0.0499286733238 3.471462 0.42492917847
0.193548387097 0.0513552068474 3.466468 0.42492917847
0.190476190476 0.0513552068474 3.441766 0.43342776204
0.194736842105 0.0527817403709 3.434711 0.43342776204
0.18407960199 0.0527817403709 3.308198 0.464589235127
0.188118811881 0.0542082738944 3.304719 0.464589235127
0.187192118227 0.0542082738944 3.293422 0.467422096317
0.191176470588 0.055634807418 3.291627 0.467422096317
0.182242990654 0.055634807418 3.153255 0.495750708215
0.186046511628 0.0570613409415 3.130546 0.495750708215
0.186046511628 0.0570613409415 3.130546 0.495750708215
0.189814814815 0.058487874465 3.125597 0.495750708215
0.188073394495 0.058487874465 3.115583 0.501416430595
0.191780821918 0.0599144079886 3.100121 0.501416430595
0.175 0.0599144079886 2.910776 0.560906515581
0.178423236515 0.0613409415121 2.899323 0.560906515581
0.158088235294 0.0613409415121 2.480279 0.648725212465
0.161172161172 0.0627674750357 2.470288 0.648725212465
0.149659863946 0.0627674750357 2.223869 0.70821529745
0.152542372881 0.0641940085592 2.223032 0.70821529745
0.144230769231 0.0641940085592 1.688494 0.756373937677
0.14696485623 0.0656205420827 1.684914 0.756373937677
0.145110410095 0.0656205420827 1.623576 0.767705382436
0.147798742138 0.0670470756063 1.609351 0.767705382436
0.133903133903 0.0670470756063 0.364098 0.8611898017
0.133522727273 0.0670470756063 0.218609 0.86402266289
