1.0 0.0 inf 0.0
1.0 0.00142653352354 9.013265 0.0
1.0 0.00142653352354 9.013265 0.0
1.0 0.00285306704708 8.574587 0.0
1.0 0.00285306704708 8.574587 0.0
1.0 0.00427960057061 8.219538 0.0
0.375 0.00427960057061 7.429438 0.014164305949
0.444444444444 0.00570613409415 7.306724 0.014164305949
0.363636363636 0.00570613409415 7.169322 0.0198300283286
0.416666666667 0.00713266761769 7.120998 0.0198300283286
0.384615384615 0.00713266761769 7.054623 0.0226628895184
0.428571428571 0.00855920114123 7.026341 0.0226628895184
0.428571428571 0.00855920114123 7.026341 0.0226628895184
0.466666666667 0.00998573466476 6.927991 0.0226628895184
0.388888888889 0.00998573466476 6.867106 0.0311614730878
0.421052631579 0.0114122681883 6.853734 0.0311614730878
0.4 0.0114122681883 6.838041 0.0339943342776
0.428571428571 0.0128388017118 6.820295 0.0339943342776
0.391304347826 0.0128388017118 6.754408 0.0396600566572
0.416666666667 0.0142653352354 6.715129 0.0396600566572
0.37037037037 0.0142653352354 6.623291 0.0481586402266
0.392857142857 0.0156918687589 6.579891 0.0481586402266
0.392857142857 0.0156918687589 6.579891 0.0481586402266
0.413793103448 0.0171184022825 6.569338 0.0481586402266
0.413793103448 0.0171184022825 6.569338 0.0481586402266
0.433333333333 0.018544935806 6.525265 0.0481586402266
0.342105263158 0.018544935806 6.264064 0.070821529745
0.358974358974 0.0199714693295 6.215609 0.070821529745
0.35 0.0199714693295 6.200216 0.0736543909348
0.365853658537 0.0213980028531 6.174925 0.0736543909348
0.263157894737 0.0213980028531 5.713117 0.118980169972
0.275862068966 0.0228245363766 5.698773 0.118980169972
0.235294117647 0.0228245363766 5.458563 0.14730878187
0.246376811594 0.0242510699001 5.409906 0.14730878187
0.242857142857 0.0242510699001 5.389546 0.150141643059
0.253521126761 0.0256776034237 5.377635 0.150141643059
0.24 0.0256776034237 5.25569 0.161473087819
0.25 0.0271041369472 5.245121 0.161473087819
0.240506329114 0.0271041369472 5.203891 0.169971671388
0.25 0.0285306704708 5.168798 0.169971671388
0.243902439024 0.0285306704708 5.147794 0.175637393768
0.253012048193 0.0299572039943 5.102046 0.175637393768
0.23595505618 0.0299572039943 4.985476 0.192634560907
0.244444444444 0.0313837375178 4.973387 0.192634560907
0.226804123711 0.0313837375178 4.913683 0.212464589235
0.234693877551 0.0328102710414 4.9127 0.212464589235
0.225490196078 0.0328102710414 4.826434 0.223796033994
0.233009708738 0.0342368045649 4.825532 0.223796033994
0.220183486239 0.0342368045649 4.754395 0.240793201133
0.227272727273 0.0356633380884 4.729172 0.240793201133
0.21186440678 0.0356633380884 4.603642 0.263456090652
0.218487394958 0.037089871612 4.571564 0.263456090652
0.195488721805 0.037089871612 4.442086 0.303116147309
0.201492537313 0.0385164051355 4.436486 0.303116147309
0.18 0.0385164051355 4.179652 0.348441926346
0.185430463576 0.0399429386591 4.179008 0.348441926346
0.178343949045 0.0399429386591 4.151874 0.365439093484
0.183544303797 0.0413694721826 4.145245 0.365439093484
0.172619047619 0.0413694721826 4.044708 0.393767705382
0.177514792899 0.0427960057061 4.008842 0.393767705382
0.174418604651 0.0427960057061 3.970141 0.402266288952
0.179190751445 0.0442225392297 3.96266 0.402266288952
0.17816091954 0.0442225392297 3.948783 0.405099150142
0.182857142857 0.0456490727532 3.914868 0.405099150142
0.174863387978 0.0456490727532 3.818944 0.42776203966
0.179347826087 0.0470756062767 3.816511 0.42776203966
0.174603174603 0.0470756062767 3.758694 0.441926345609
0.178947368421 0.0485021398003 3.728731 0.441926345609
0.177083333333 0.0485021398003 3.695908 0.447592067989
0.181347150259 0.0499286733238 3.66636 0.447592067989
0.168269230769 0.0499286733238 3.541996 0.490084985836
0.172248803828 0.0513552068474 3.524103 0.490084985836
0.172248803828 0.0513552068474 3.524103 0.490084985836
0.17619047619 0.0527817403709 3.521713 0.490084985836
0.165919282511 0.0527817403709 3.329888 0.526912181303
0.169642857143 0.0542082738944 3.319111 0.526912181303
0.16814159292 0.0542082738944 3.308936 0.532577903683
0.171806167401 0.055634807418 3.304719 0.532577903683
0.171806167401 0.055634807418 3.304719 0.532577903683
0.175438596491 0.0570613409415 3.291627 0.532577903683
0.15037593985 0.0570613409415 2.726288 0.640226628895
0.153558052434 0.058487874465 2.721851 0.640226628895
0.144366197183 0.058487874465 2.480279 0.688385269122
0.147368421053 0.0599144079886 2.470288 0.688385269122
0.12962962963 0.0599144079886 1.784609 0.798866855524
0.132307692308 0.0613409415121 1.779575 0.798866855524
0.131498470948 0.0613409415121 1.727718 0.804532577904
0.134146341463 0.0627674750357 1.684914 0.804532577904
0.132930513595 0.0627674750357 1.623576 0.813031161473
0.135542168675 0.0641940085592 1.621614 0.813031161473
0.128205128205 0.0641940085592 0.47218 0.866855524079
0.127840909091 0.0641940085592 0.218609 0.869688385269
