1.0 0.0 inf 0.0
1.0 0.00142653352354 9.013265 0.0
1.0 0.00142653352354 9.013265 0.0
0.5 0.00142653352354 8.883469 0.0028328611898
0.5 0.00142653352354 8.883469 0.0028328611898
0.333333333333 0.00142653352354 8.728572 0.0056657223796
0.25 0.00142653352354 8.64762 0.00849858356941
0.4 0.00285306704708 8.574587 0.00849858356941
0.4 0.00285306704708 8.574587 0.00849858356941
0.333333333333 0.00285306704708 8.49513 0.0113314447592
0.333333333333 0.00285306704708 8.49513 0.0113314447592
0.285714285714 0.00285306704708 8.413513 0.014164305949
0.285714285714 0.00285306704708 8.413513 0.014164305949
0.25 0.00285306704708 8.291371 0.0169971671388
0.25 0.00285306704708 8.291371 0.0169971671388
0.333333333333 0.00427960057061 8.219538 0.0169971671388
0.25 0.00427960057061 8.014846 0.0254957507082
0.230769230769 0.00427960057061 8.005821 0.028328611898
0.214285714286 0.00427960057061 7.964972 0.0311614730878
0.2 0.00427960057061 7.964377 0.0339943342776
0.1875 0.00427960057061 7.914122 0.0368271954674
0.176470588235 0.00427960057061 7.912356 0.0396600566572
0.166666666667 0.00427960057061 7.89877 0.042492917847
0.157894736842 0.00427960057061 7.876225 0.0453257790368
0.130434782609 0.00427960057061 7.743796 0.056657223796
0.125 0.00427960057061 7.693444 0.0594900849858
0.125 0.00427960057061 7.693444 0.0594900849858
0.12 0.00427960057061 7.690177 0.0623229461756
0.12 0.00427960057061 7.690177 0.0623229461756
0.115384615385 0.00427960057061 7.685859 0.0651558073654
0.103448275862 0.00427960057061 7.628784 0.0736543909348
0.1 0.00427960057061 7.60481 0.0764872521246
0.0967741935484 0.00427960057061 7.58953 0.0793201133144
0.09375 0.00427960057061 7.583073 0.0821529745042
0.09375 0.00427960057061 7.583073 0.0821529745042
0.0909090909091 0.00427960057061 7.566069 0.0849858356941
0.0909090909091 0.00427960057061 7.566069 0.0849858356941
0.0882352941176 0.00427960057061 7.563789 0.0878186968839
0.0857142857143 0.00427960057061 7.561289 0.0906515580737
0.0833333333333 0.00427960057061 7.555832 0.0934844192635
0.0810810810811 0.00427960057061 7.55336 0.0963172804533
0.105263157895 0.00570613409415 7.489131 0.0963172804533
0.105263157895 0.00570613409415 7.489131 0.0963172804533
0.102564102564 0.00570613409415 7.443892 0.0991501416431
0.0975609756098 0.00570613409415 7.407397 0.104815864023
0.0952380952381 0.00570613409415 7.388568 0.107648725212
0.0952380952381 0.00570613409415 7.388568 0.107648725212
0.116279069767 0.00713266761769 7.384385 0.107648725212
0.106382978723 0.00713266761769 7.309332 0.118980169972
0.125 0.00855920114123 7.306724 0.118980169972
0.125 0.00855920114123 7.306724 0.118980169972
0.122448979592 0.00855920114123 7.295203 0.121813031161
0.12 0.00855920114123 7.272249 0.124645892351
0.117647058824 0.00855920114123 7.266248 0.127478753541
0.11320754717 0.00855920114123 7.216612 0.133144475921
0.111111111111 0.00855920114123 7.210746 0.13597733711
0.109090909091 0.00855920114123 7.206361 0.1388101983
0.107142857143 0.00855920114123 7.173276 0.14164305949
0.103448275862 0.00855920114123 7.153769 0.14730878187
0.118644067797 0.00998573466476 7.120998 0.14730878187
0.114754098361 0.00998573466476 7.085692 0.152974504249
0.112903225806 0.00998573466476 7.079572 0.155807365439
0.107692307692 0.00998573466476 7.068721 0.164305949008
0.121212121212 0.0114122681883 7.066289 0.164305949008
0.112676056338 0.0114122681883 7.045356 0.178470254958
0.111111111111 0.0114122681883 7.0344 0.181303116147
0.111111111111 0.0114122681883 7.0344 0.181303116147
0.109589041096 0.0114122681883 7.031717 0.184135977337
0.109589041096 0.0114122681883 7.031717 0.184135977337
0.121621621622 0.0128388017118 7.026341 0.184135977337
0.121621621622 0.0128388017118 7.026341 0.184135977337
0.12 0.0128388017118 7.01764 0.186968838527
0.115384615385 0.0128388017118 7.000637 0.195467422096
0.113924050633 0.0128388017118 6.997505 0.198300283286
0.1125 0.0128388017118 6.981792 0.201133144476
0.111111111111 0.0128388017118 6.962113 0.203966005666
0.111111111111 0.0128388017118 6.962113 0.203966005666
0.109756097561 0.0128388017118 6.958733 0.206798866856
0.109756097561 0.0128388017118 6.958733 0.206798866856
0.10843373494 0.0128388017118 6.95715 0.209631728045
0.103448275862 0.0128388017118 6.928734 0.220963172805
0.113636363636 0.0142653352354 6.927991 0.220963172805
0.103092783505 0.0142653352354 6.894303 0.246458923513
0.102040816327 0.0142653352354 6.893587 0.249291784703
0.0934579439252 0.0142653352354 6.863621 0.274787535411
0.0925925925926 0.0142653352354 6.854418 0.277620396601
0.0925925925926 0.0142653352354 6.854418 0.277620396601
0.100917431193 0.0156918687589 6.853734 0.277620396601
0.100917431193 0.0156918687589 6.853734 0.277620396601
0.1 0.0156918687589 6.851959 0.28045325779
0.0964912280702 0.0156918687589 6.834114 0.29178470255
0.095652173913 0.0156918687589 6.833428 0.294617563739
0.0940170940171 0.0156918687589 6.827461 0.300283286119
0.101694915254 0.0171184022825 6.820295 0.300283286119
0.099173553719 0.0171184022825 6.818699 0.308781869688
0.0983606557377 0.0171184022825 6.816178 0.311614730878
0.0975609756098 0.0171184022825 6.816095 0.314447592068
0.0967741935484 0.0171184022825 6.809471 0.317280453258
0.096 0.0171184022825 6.805989 0.320113314448
0.0952380952381 0.0171184022825 6.804197 0.322946175637
0.0909090909091 0.0171184022825 6.747945 0.339943342776
0.0902255639098 0.0171184022825 6.742696 0.342776203966
0.0902255639098 0.0171184022825 6.742696 0.342776203966
0.089552238806 0.0171184022825 6.740051 0.345609065156
0.089552238806 0.0171184022825 6.740051 0.345609065156
0.0888888888889 0.0171184022825 6.738297 0.348441926346
0.0875912408759 0.0171184022825 6.735159 0.354107648725
0.0942028985507 0.018544935806 6.715129 0.354107648725
0.0915492957746 0.018544935806 6.688231 0.365439093484
0.0909090909091 0.018544935806 6.683105 0.368271954674
0.0890410958904 0.018544935806 6.678889 0.376770538244
0.0884353741497 0.018544935806 6.671617 0.379603399433
0.0878378378378 0.018544935806 6.668231 0.382436260623
0.0872483221477 0.018544935806 6.666451 0.385269121813
0.0872483221477 0.018544935806 6.666451 0.385269121813
0.0866666666667 0.018544935806 6.664794 0.388101983003
0.0860927152318 0.018544935806 6.66175 0.390934844193
0.0855263157895 0.018544935806 6.659772 0.393767705382
0.0833333333333 0.018544935806 6.642405 0.405099150142
0.0828025477707 0.018544935806 6.639463 0.407932011331
0.079754601227 0.018544935806 6.598309 0.42492917847
0.0792682926829 0.018544935806 6.594196 0.42776203966
0.078313253012 0.018544935806 6.585667 0.43342776204
0.0838323353293 0.0199714693295 6.579891 0.43342776204
0.0833333333333 0.0199714693295 6.574907 0.436260623229
0.0887573964497 0.0213980028531 6.569338 0.436260623229
0.0877192982456 0.0213980028531 6.567035 0.441926345609
0.0872093023256 0.0213980028531 6.566294 0.444759206799
0.0872093023256 0.0213980028531 6.566294 0.444759206799
0.0867052023121 0.0213980028531 6.566043 0.447592067989
0.0862068965517 0.0213980028531 6.565088 0.450424929178
0.0857142857143 0.0213980028531 6.559652 0.453257790368
0.0852272727273 0.0213980028531 6.554375 0.456090651558
0.0847457627119 0.0213980028531 6.551537 0.458923512748
0.0837988826816 0.0213980028531 6.543889 0.464589235127
0.0888888888889 0.0228245363766 6.529197 0.464589235127
0.0888888888889 0.0228245363766 6.529197 0.464589235127
0.0883977900552 0.0228245363766 6.528398 0.467422096317
0.0883977900552 0.0228245363766 6.528398 0.467422096317
0.0934065934066 0.0242510699001 6.525265 0.467422096317
0.0934065934066 0.0242510699001 6.525265 0.467422096317
0.0928961748634 0.0242510699001 6.522581 0.470254957507
0.0899470899471 0.0242510699001 6.503788 0.487252124646
0.0894736842105 0.0242510699001 6.493757 0.490084985836
0.0894736842105 0.0242510699001 6.493757 0.490084985836
0.0890052356021 0.0242510699001 6.492454 0.492917847025
0.0880829015544 0.0242510699001 6.487401 0.498583569405
0.0876288659794 0.0242510699001 6.487285 0.501416430595
0.0876288659794 0.0242510699001 6.487285 0.501416430595
0.0871794871795 0.0242510699001 6.485345 0.504249291785
0.0871794871795 0.0242510699001 6.485345 0.504249291785
0.0867346938776 0.0242510699001 6.482169 0.507082152975
0.0858585858586 0.0242510699001 6.472153 0.512747875354
0.0854271356784 0.0242510699001 6.469196 0.515580736544
0.085 0.0242510699001 6.467722 0.518413597734
0.0845771144279 0.0242510699001 6.461318 0.521246458924
0.0837438423645 0.0242510699001 6.445805 0.526912181303
0.0833333333333 0.0242510699001 6.442827 0.529745042493
0.0813397129187 0.0242510699001 6.440032 0.543909348442
0.0809523809524 0.0242510699001 6.418893 0.546742209632
0.0805687203791 0.0242510699001 6.417323 0.549575070822
0.0849056603774 0.0256776034237 6.409009 0.549575070822
0.0849056603774 0.0256776034237 6.409009 0.549575070822
0.0845070422535 0.0256776034237 6.407683 0.552407932011
0.0829493087558 0.0256776034237 6.402629 0.563739376771
0.0825688073394 0.0256776034237 6.402267 0.56657223796
0.0818181818182 0.0256776034237 6.396921 0.57223796034
0.0814479638009 0.0256776034237 6.394212 0.57507082153
0.0814479638009 0.0256776034237 6.394212 0.57507082153
0.0810810810811 0.0256776034237 6.393093 0.57790368272
0.0803571428571 0.0256776034237 6.392245 0.583569405099
0.08 0.0256776034237 6.387722 0.586402266289
0.08 0.0256776034237 6.387722 0.586402266289
0.0840707964602 0.0271041369472 6.385274 0.586402266289
0.0833333333333 0.0271041369472 6.379103 0.592067988669
0.0829694323144 0.0271041369472 6.377388 0.594900849858
0.0822510822511 0.0271041369472 6.375211 0.600566572238
0.0818965517241 0.0271041369472 6.3652 0.603399433428
0.0791666666667 0.0271041369472 6.32787 0.626062322946
0.0829875518672 0.0285306704708 6.327548 0.626062322946
0.080971659919 0.0285306704708 6.301183 0.643059490085
0.0806451612903 0.0285306704708 6.297796 0.645892351275
0.0806451612903 0.0285306704708 6.297796 0.645892351275
0.0803212851406 0.0285306704708 6.297236 0.648725212465
0.0796812749004 0.0285306704708 6.289186 0.654390934844
0.0793650793651 0.0285306704708 6.288799 0.657223796034
0.0760456273764 0.0285306704708 6.264064 0.688385269122
0.0757575757576 0.0285306704708 6.256859 0.691218130312
0.0754716981132 0.0285306704708 6.253242 0.694050991501
0.0751879699248 0.0285306704708 6.253197 0.696883852691
0.0738007380074 0.0285306704708 6.231424 0.71104815864
0.0735294117647 0.0285306704708 6.230328 0.71388101983
0.0732600732601 0.0285306704708 6.228244 0.71671388102
0.0729927007299 0.0285306704708 6.226061 0.71954674221
0.0729927007299 0.0285306704708 6.226061 0.71954674221
0.0727272727273 0.0285306704708 6.225411 0.722379603399
0.0716845878136 0.0285306704708 6.219319 0.733711048159
0.075 0.0299572039943 6.215609 0.733711048159
0.0721649484536 0.0299572039943 6.179982 0.764872521246
0.0753424657534 0.0313837375178 6.174925 0.764872521246
0.0748299319728 0.0313837375178 6.174406 0.770538243626
0.0745762711864 0.0313837375178 6.172736 0.773371104816
0.072131147541 0.0313837375178 6.149281 0.801699716714
0.0718954248366 0.0313837375178 6.144224 0.804532577904
0.0696202531646 0.0313837375178 6.120286 0.832861189802
0.0694006309148 0.0313837375178 6.108129 0.835694050992
0.0694006309148 0.0313837375178 6.108129 0.835694050992
0.0691823899371 0.0313837375178 6.105542 0.838526912181
0.0685358255452 0.0313837375178 6.100595 0.847025495751
0.0683229813665 0.0313837375178 6.100504 0.849858356941
0.0674846625767 0.0313837375178 6.09123 0.8611898017
0.0703363914373 0.0328102710414 6.09056 0.8611898017
0.0694864048338 0.0328102710414 6.075566 0.872521246459
0.0692771084337 0.0328102710414 6.075034 0.875354107649
0.0684523809524 0.0328102710414 6.061408 0.886685552408
0.0682492581602 0.0328102710414 6.06089 0.889518413598
0.0674486803519 0.0328102710414 6.057949 0.900849858357
0.0672514619883 0.0328102710414 6.057078 0.903682719547
0.0659025787966 0.0328102710414 6.041962 0.923512747875
0.0685714285714 0.0342368045649 6.038332 0.923512747875
0.0683760683761 0.0342368045649 6.037864 0.926345609065
0.0681818181818 0.0342368045649 6.031466 0.929178470255
0.0679886685552 0.0342368045649 6.031198 0.932011331445
0.0677966101695 0.0342368045649 6.029336 0.934844192635
0.0676056338028 0.0342368045649 6.028984 0.937677053824
0.0674157303371 0.0342368045649 6.027798 0.940509915014
0.0672268907563 0.0342368045649 6.025621 0.943342776204
0.0670391061453 0.0342368045649 6.023785 0.946175637394
0.0666666666667 0.0342368045649 6.019999 0.951841359773
0.0664819944598 0.0342368045649 6.019601 0.954674220963
0.0662983425414 0.0342368045649 6.019546 0.957507082153
0.0661157024793 0.0342368045649 6.016278 0.960339943343
0.063829787234 0.0342368045649 5.98753 0.99716713881
0.0663129973475 0.0356633380884 5.98666 0.99716713881
0.0657894736842 0.0356633380884 5.974804 1.00566572238
0.0656167979003 0.0356633380884 5.972929 1.00849858357
0.065274151436 0.0356633380884 5.969657 1.01416430595
0.0651041666667 0.0356633380884 5.967551 1.01699716714
0.0644329896907 0.0356633380884 5.963776 1.0283286119
0.0642673521851 0.0356633380884 5.963628 1.03116147309
0.0641025641026 0.0356633380884 5.963295 1.03399433428
0.0639386189258 0.0356633380884 5.956417 1.03682719547
0.062656641604 0.0356633380884 5.938251 1.05949008499
0.0625 0.0356633380884 5.929189 1.06232294618
0.0623441396509 0.0356633380884 5.925453 1.06515580737
0.0646766169154 0.037089871612 5.924299 1.06515580737
0.0641975308642 0.037089871612 5.921857 1.07365439093
0.064039408867 0.037089871612 5.921037 1.07648725212
0.0638820638821 0.037089871612 5.919038 1.07932011331
0.0637254901961 0.037089871612 5.91178 1.0821529745
0.0635696821516 0.037089871612 5.910207 1.08498583569
0.0634146341463 0.037089871612 5.907869 1.08781869688
0.0622009569378 0.037089871612 5.893109 1.1104815864
0.0620525059666 0.037089871612 5.891491 1.11331444759
0.0608899297424 0.037089871612 5.886237 1.13597733711
0.0630841121495 0.0385164051355 5.885776 1.13597733711
0.0620689655172 0.0385164051355 5.870919 1.15580736544
0.0619266055046 0.0385164051355 5.870206 1.15864022663
0.0617848970252 0.0385164051355 5.862561 1.16147308782
0.0616438356164 0.0385164051355 5.862397 1.16430594901
0.0610859728507 0.0385164051355 5.84696 1.17563739377
0.0609480812641 0.0385164051355 5.842405 1.17847025496
0.0605381165919 0.0385164051355 5.838395 1.18696883853
0.0604026845638 0.0385164051355 5.83804 1.18980169972
0.0601336302895 0.0385164051355 5.833143 1.1954674221
0.06 0.0385164051355 5.829911 1.19830028329
0.0593406593407 0.0385164051355 5.82224 1.21246458924
0.0592105263158 0.0385164051355 5.820442 1.21529745042
0.058568329718 0.0385164051355 5.812567 1.22946175637
0.0584415584416 0.0385164051355 5.812531 1.23229461756
0.0572033898305 0.0385164051355 5.790241 1.26062322946
0.0570824524313 0.0385164051355 5.788564 1.26345609065
0.0552147239264 0.0385164051355 5.738947 1.30878186969
0.0551020408163 0.0385164051355 5.737673 1.31161473088
0.0551020408163 0.0385164051355 5.737673 1.31161473088
0.0549898167006 0.0385164051355 5.736649 1.31444759207
0.0549898167006 0.0385164051355 5.736649 1.31444759207
0.0548780487805 0.0385164051355 5.732076 1.31728045326
0.0548780487805 0.0385164051355 5.732076 1.31728045326
0.0567951318458 0.0399429386591 5.728032 1.31728045326
0.0567951318458 0.0399429386591 5.728032 1.31728045326
0.0566801619433 0.0399429386591 5.727324 1.32011331445
0.0556660039761 0.0399429386591 5.703144 1.34560906516
0.0575396825397 0.0413694721826 5.698773 1.34560906516
0.0573122529644 0.0413694721826 5.695018 1.35127478754
0.0571992110454 0.0413694721826 5.694095 1.35410764873
0.0571992110454 0.0413694721826 5.694095 1.35410764873
0.0570866141732 0.0413694721826 5.692673 1.35694050992
0.0558766859345 0.0413694721826 5.664172 1.388101983
0.0557692307692 0.0413694721826 5.663469 1.39093484419
0.0557692307692 0.0413694721826 5.663469 1.39093484419
0.0556621880998 0.0413694721826 5.661188 1.39376770538
0.0554493307839 0.0413694721826 5.657897 1.39943342776
0.0553435114504 0.0413694721826 5.654953 1.40226628895
0.0549242424242 0.0413694721826 5.641516 1.41359773371
0.054820415879 0.0413694721826 5.639656 1.4164305949
0.0542056074766 0.0413694721826 5.620405 1.43342776204
0.0541044776119 0.0413694721826 5.619606 1.43626062323
0.0538033395176 0.0413694721826 5.616542 1.4447592068
0.0537037037037 0.0413694721826 5.614144 1.44759206799
0.0536044362292 0.0413694721826 5.613279 1.45042492918
0.0535055350554 0.0413694721826 5.610716 1.45325779037
0.0525362318841 0.0413694721826 5.599689 1.48158640227
0.0524412296564 0.0413694721826 5.598068 1.48441926346
0.0516934046346 0.0413694721826 5.572959 1.50708215297
0.0516014234875 0.0413694721826 5.572591 1.50991501416
0.0507880910683 0.0413694721826 5.553182 1.53541076487
0.0524475524476 0.0427960057061 5.552503 1.53541076487
0.051993067591 0.0427960057061 5.536063 1.54957507082
0.0519031141869 0.0427960057061 5.535167 1.55240793201
0.0519031141869 0.0427960057061 5.535167 1.55240793201
0.0518134715026 0.0427960057061 5.532256 1.5552407932
0.051724137931 0.0427960057061 5.531808 1.55807365439
0.0516351118761 0.0427960057061 5.531204 1.56090651558
0.0514579759863 0.0427960057061 5.528003 1.56657223796
0.0513698630137 0.0427960057061 5.527621 1.56940509915
0.0512820512821 0.0427960057061 5.526257 1.57223796034
0.0511945392491 0.0427960057061 5.525671 1.57507082153
0.0505050505051 0.0427960057061 5.511866 1.59773371105
0.0521008403361 0.0442225392297 5.510045 1.59773371105
0.0518394648829 0.0442225392297 5.49186 1.60623229462
0.0517529215359 0.0442225392297 5.489743 1.60906515581
0.0509031198686 0.0442225392297 5.464647 1.63739376771
0.0508196721311 0.0442225392297 5.46252 1.6402266289
0.0505709624796 0.0442225392297 5.451711 1.64872521246
0.0504885993485 0.0442225392297 5.437938 1.65155807365
0.0503246753247 0.0442225392297 5.432136 1.65722379603
0.0518638573744 0.0456490727532 5.43077 1.65722379603
0.0516962843296 0.0456490727532 5.424725 1.66288951841
0.0516129032258 0.0456490727532 5.4238 1.6657223796
0.0512 0.0456490727532 5.412862 1.67988668555
0.0527156549521 0.0470756062767 5.409906 1.67988668555
0.0522151898734 0.0470756062767 5.397455 1.69688385269
0.0521327014218 0.0470756062767 5.396433 1.69971671388
0.0521327014218 0.0470756062767 5.396433 1.69971671388
0.0536277602524 0.0485021398003 5.395216 1.69971671388
0.0532081377152 0.0485021398003 5.386085 1.71388101983
0.053125 0.0485021398003 5.382966 1.71671388102
0.0530421216849 0.0485021398003 5.377749 1.71954674221
0.0545171339564 0.0499286733238 5.377635 1.71954674221
0.0531914893617 0.0499286733238 5.358159 1.76487252125
0.0531107738998 0.0499286733238 5.356532 1.76770538244
0.0523952095808 0.0499286733238 5.335116 1.79320113314
0.0523168908819 0.0499286733238 5.335098 1.79603399433
0.0519287833828 0.0499286733238 5.328071 1.81019830028
0.0518518518519 0.0499286733238 5.324951 1.81303116147
0.0515463917526 0.0499286733238 5.318963 1.82436260623
0.0514705882353 0.0499286733238 5.318186 1.82719546742
0.0513196480938 0.0499286733238 5.31356 1.8328611898
0.0512445095168 0.0499286733238 5.312061 1.83569405099
0.0510204081633 0.0499286733238 5.305315 1.84419263456
0.0509461426492 0.0499286733238 5.302891 1.84702549575
0.0506512301013 0.0499286733238 5.296866 1.85835694051
0.0505780346821 0.0499286733238 5.290943 1.8611898017
0.0505780346821 0.0499286733238 5.290943 1.8611898017
0.0505050505051 0.0499286733238 5.28429 1.86402266289
0.0503597122302 0.0499286733238 5.274943 1.86968838527
0.051724137931 0.0513552068474 5.270657 1.86968838527
0.0514285714286 0.0513552068474 5.253737 1.88101983003
0.0527817403709 0.0527817403709 5.245121 1.88101983003
0.0517482517483 0.0527817403709 5.208309 1.92067988669
0.0516759776536 0.0527817403709 5.205129 1.92351274788
0.0515320334262 0.0527817403709 5.203798 1.92917847025
0.0514603616134 0.0527817403709 5.201861 1.93201133144
0.0511756569848 0.0527817403709 5.195689 1.9433427762
0.0511049723757 0.0527817403709 5.194704 1.94617563739
0.0510344827586 0.0527817403709 5.191051 1.94900849858
0.0509641873278 0.0527817403709 5.190064 1.95184135977
0.0505464480874 0.0527817403709 5.178957 1.96883852691
0.0504774897681 0.0527817403709 5.178932 1.9716713881
0.050135501355 0.0527817403709 5.172303 1.98583569405
0.0514208389716 0.0542082738944 5.168798 1.98583569405
0.0512129380054 0.0542082738944 5.166462 1.99433427762
0.0511440107672 0.0542082738944 5.16475 1.99716713881
0.0510067114094 0.0542082738944 5.164266 2.00283286119
0.0509383378016 0.0542082738944 5.161036 2.00566572238
0.0500658761528 0.0542082738944 5.140183 2.04249291785
0.05 0.0542082738944 5.140069 2.04532577904
0.0497382198953 0.0542082738944 5.134643 2.0566572238
0.0496732026144 0.0542082738944 5.133629 2.05949008499
0.0496083550914 0.0542082738944 5.133389 2.06232294618
0.0495436766623 0.0542082738944 5.132024 2.06515580737
0.0487804878049 0.0542082738944 5.104255 2.09915014164
0.05 0.055634807418 5.103874 2.09915014164
0.05 0.055634807418 5.103874 2.09915014164
0.0512163892446 0.0570613409415 5.102046 2.09915014164
0.0511508951407 0.0570613409415 5.099552 2.10198300283
0.0510855683269 0.0570613409415 5.098799 2.10481586402
0.0506329113924 0.0570613409415 5.087384 2.12464589235
0.0505689001264 0.0570613409415 5.085574 2.12747875354
0.049504950495 0.0570613409415 5.057695 2.17563739377
0.0506798516687 0.058487874465 5.053993 2.17563739377
0.0503067484663 0.058487874465 5.037665 2.19263456091
0.0502450980392 0.058487874465 5.037516 2.1954674221
0.0501222493888 0.058487874465 5.032844 2.20113314448
0.0500610500611 0.058487874465 5.030048 2.20396600567
0.0499390986602 0.058487874465 5.02407 2.20963172805
0.0498783454988 0.058487874465 5.023913 2.21246458924
0.049696969697 0.058487874465 5.020906 2.2209631728
0.0496368038741 0.058487874465 5.018116 2.22379603399
0.0489844683393 0.058487874465 4.993107 2.25495750708
0.0489260143198 0.058487874465 4.987742 2.25779036827
0.0488676996424 0.058487874465 4.986963 2.26062322946
0.0488095238095 0.058487874465 4.986746 2.26345609065
0.0485207100592 0.058487874465 4.982421 2.2776203966
0.048463356974 0.058487874465 4.979178 2.28045325779
0.0484061393152 0.058487874465 4.977897 2.28328611898
0.0483490566038 0.058487874465 4.975231 2.28611898017
0.0483490566038 0.058487874465 4.975231 2.28611898017
0.0494699646643 0.0599144079886 4.973387 2.28611898017
0.0494699646643 0.0599144079886 4.973387 2.28611898017
0.0494117647059 0.0599144079886 4.972786 2.28895184136
0.0486674391657 0.0599144079886 4.954255 2.32577903683
0.0486111111111 0.0599144079886 4.952652 2.32861189802
0.048 0.0599144079886 4.938028 2.3597733711
0.0479452054795 0.0599144079886 4.935122 2.36260623229
0.0469798657718 0.0599144079886 4.913683 2.41359773371
0.0480446927374 0.0613409415121 4.9127 2.41359773371
0.0479375696767 0.0613409415121 4.909746 2.41926345609
0.0478841870824 0.0613409415121 4.908606 2.42209631728
0.04704595186 0.0613409415121 4.89213 2.46742209632
0.0469945355191 0.0613409415121 4.888613 2.47025495751
0.046943231441 0.0613409415121 4.888193 2.4730878187
0.0468920392585 0.0613409415121 4.886931 2.47592067989
0.0468409586057 0.0613409415121 4.881431 2.47875354108
0.0478781284004 0.0627674750357 4.88021 2.47875354108
0.0474137931034 0.0627674750357 4.863734 2.50424929178
0.048439181916 0.0641940085592 4.863692 2.50424929178
0.0475687103594 0.0641940085592 4.837835 2.55240793201
0.0485744456177 0.0656205420827 4.835129 2.55240793201
0.0479666319082 0.0656205420827 4.826434 2.58640226629
0.0489583333333 0.0670470756063 4.825532 2.58640226629
0.0485537190083 0.0670470756063 4.814645 2.60906515581
0.0485036119711 0.0670470756063 4.814219 2.611898017
0.0478615071283 0.0670470756063 4.791622 2.64872521246
0.0478128179044 0.0670470756063 4.790421 2.65155807365
0.0477157360406 0.0670470756063 4.789999 2.65722379603
0.0486815415822 0.0684736091298 4.789929 2.65722379603
0.0480961923848 0.0684736091298 4.778714 2.69121813031
0.049049049049 0.0699001426534 4.778501 2.69121813031
0.049 0.0699001426534 4.778332 2.6940509915
0.04995004995 0.0713266761769 4.775769 2.6940509915
0.0497512437811 0.0713266761769 4.767453 2.70538243626
0.0497017892644 0.0713266761769 4.761674 2.70821529745
0.0493583415597 0.0713266761769 4.756231 2.72804532578
0.0493096646943 0.0713266761769 4.755165 2.73087818697
0.0491642084562 0.0713266761769 4.751635 2.73937677054
0.049115913556 0.0713266761769 4.750404 2.74220963173
0.0490196078431 0.0713266761769 4.748906 2.74787535411
0.048971596474 0.0713266761769 4.747128 2.7507082153
0.0484966052376 0.0713266761769 4.731367 2.7790368272
0.0494186046512 0.0727532097004 4.729172 2.7790368272
0.0494186046512 0.0727532097004 4.729172 2.7790368272
0.0493707647628 0.0727532097004 4.726093 2.78186968839
0.0488038277512 0.0727532097004 4.713708 2.81586402266
0.0487571701721 0.0727532097004 4.713061 2.81869688385
0.0483412322275 0.0727532097004 4.701658 2.84419263456
0.0482954545455 0.0727532097004 4.698337 2.84702549575
0.0477528089888 0.0727532097004 4.68311 2.88101983003
0.0477081384471 0.0727532097004 4.682527 2.88385269122
0.0475746268657 0.0727532097004 4.67999 2.89235127479
0.0475302889096 0.0727532097004 4.678802 2.89518413598
0.0473537604457 0.0727532097004 4.677485 2.90651558074
0.0473098330241 0.0727532097004 4.676584 2.90934844193
0.0473098330241 0.0727532097004 4.676584 2.90934844193
0.047265987025 0.0727532097004 4.675388 2.91218130312
0.0464058234759 0.0727532097004 4.642062 2.96883852691
0.0463636363636 0.0727532097004 4.640958 2.9716713881
0.0463636363636 0.0727532097004 4.640958 2.9716713881
0.0463215258856 0.0727532097004 4.640257 2.97450424929
0.0462375339982 0.0727532097004 4.637615 2.98016997167
0.0461956521739 0.0727532097004 4.637122 2.98300283286
0.0460704607046 0.0727532097004 4.626524 2.99150141643
0.0469314079422 0.074179743224 4.625826 2.99150141643
0.0467205750225 0.074179743224 4.622141 3.00566572238
0.0466786355476 0.074179743224 4.621092 3.00849858357
0.046511627907 0.074179743224 4.618017 3.01983002833
0.0464700625559 0.074179743224 4.616899 3.02266288952
0.0461811722913 0.074179743224 4.610162 3.04249291785
0.0461401952085 0.074179743224 4.609312 3.04532577904
0.0460992907801 0.074179743224 4.608847 3.04815864023
0.0460584588131 0.074179743224 4.608787 3.05099150142
0.045534150613 0.074179743224 4.600454 3.08781869688
0.0454943132108 0.074179743224 4.598575 3.09065155807
0.0451388888889 0.074179743224 4.58936 3.11614730878
0.0450997398092 0.074179743224 4.589227 3.11898016997
0.0445205479452 0.074179743224 4.579737 3.16147308782
0.0453378956373 0.0756062767475 4.578656 3.16147308782
0.0452991452991 0.0756062767475 4.57805 3.16430594901
0.0452604611443 0.0756062767475 4.575777 3.1671388102
0.0449915110357 0.0756062767475 4.571653 3.18696883853
0.0458015267176 0.077032810271 4.571564 3.18696883853
0.0456081081081 0.077032810271 4.567661 3.20113314448
0.0455696202532 0.077032810271 4.567425 3.20396600567
0.0451882845188 0.077032810271 4.557489 3.23229461756
0.0459866220736 0.0784593437946 4.55656 3.23229461756
0.0459482038429 0.0784593437946 4.554513 3.23512747875
0.0459098497496 0.0784593437946 4.554166 3.23796033994
0.0454545454545 0.0784593437946 4.544943 3.27195467422
0.0454170107349 0.0784593437946 4.543872 3.27478753541
0.0450081833061 0.0784593437946 4.534503 3.3059490085
0.0457890433361 0.0798858773181 4.534005 3.3059490085
0.0455284552846 0.0798858773181 4.528129 3.32577903683
0.0454914703493 0.0798858773181 4.526642 3.32861189802
0.0451612903226 0.0798858773181 4.521162 3.35410764873
0.0451248992748 0.0798858773181 4.520059 3.35694050992
0.0451248992748 0.0798858773181 4.520059 3.35694050992
0.0450885668277 0.0798858773181 4.519267 3.3597733711
0.0446927374302 0.0798858773181 4.509674 3.39093484419
0.0446570972887 0.0798858773181 4.508614 3.39376770538
0.0445859872611 0.0798858773181 4.507847 3.39943342776
0.0445505171042 0.0798858773181 4.507319 3.40226628895
0.0443388756928 0.0798858773181 4.505325 3.41926345609
0.0443037974684 0.0798858773181 4.504817 3.42209631728
0.0438184663537 0.0798858773181 4.490724 3.46175637394
0.04456606724 0.0813124108417 4.490467 3.46175637394
0.0444964871194 0.0813124108417 4.488645 3.46742209632
0.0444617784711 0.0813124108417 4.488624 3.47025495751
0.0443925233645 0.0813124108417 4.485847 3.47592067989
0.0443579766537 0.0813124108417 4.484976 3.47875354108
0.0440494590417 0.0813124108417 4.478128 3.50424929178
0.0440154440154 0.0813124108417 4.477279 3.50708215297
0.0438799076212 0.0813124108417 4.472391 3.51841359773
0.0438461538462 0.0813124108417 4.471666 3.52124645892
0.042921686747 0.0813124108417 4.45054 3.60056657224
0.0428893905192 0.0813124108417 4.450235 3.60339943343
0.042442293373 0.0813124108417 4.440699 3.64305949008
0.0424107142857 0.0813124108417 4.439691 3.64589235127
0.0423791821561 0.0813124108417 4.439342 3.64872521246
0.0430906389302 0.0827389443652 4.436486 3.64872521246
0.0426470588235 0.0827389443652 4.427176 3.68838526912
0.0426157237325 0.0827389443652 4.425949 3.69121813031
0.0424286759327 0.0827389443652 4.419228 3.70821529745
0.0423976608187 0.0827389443652 4.418964 3.71104815864
0.0423048869438 0.0827389443652 4.41505 3.71954674221
0.0422740524781 0.0827389443652 4.414732 3.7223796034
0.0422740524781 0.0827389443652 4.414732 3.7223796034
0.0422432629279 0.0827389443652 4.410404 3.72521246459
0.0420289855072 0.0827389443652 4.406269 3.74504249292
0.0419985517741 0.0827389443652 4.405307 3.74787535411
0.0418168709445 0.0827389443652 4.397424 3.76487252125
0.0417867435159 0.0827389443652 4.396519 3.76770538244
0.0417867435159 0.0827389443652 4.396519 3.76770538244
0.0417566594672 0.0827389443652 4.394568 3.77053824363
0.0415770609319 0.0827389443652 4.388053 3.78753541076
0.0422636103152 0.0841654778887 4.387282 3.78753541076
0.0421428571429 0.0841654778887 4.385413 3.79886685552
0.0421127765882 0.0841654778887 4.384473 3.80169971671
0.0414908579466 0.0841654778887 4.361254 3.8611898017
0.0414617006325 0.0841654778887 4.36025 3.86402266289
0.0412011173184 0.0841654778887 4.348484 3.8895184136
0.0411723656664 0.0841654778887 4.348307 3.89235127479
0.0410292072323 0.0841654778887 4.344919 3.90651558074
0.041000694927 0.0841654778887 4.344751 3.90934844193
0.0407177363699 0.0841654778887 4.339876 3.93767705382
0.0413793103448 0.0855920114123 4.336722 3.93767705382
0.0407608695652 0.0855920114123 4.315493 4.0
0.040733197556 0.0855920114123 4.314698 4.00283286119
0.0406779661017 0.0855920114123 4.311667 4.00849858357
0.0406504065041 0.0855920114123 4.311217 4.01133144476
0.0403496973773 0.0855920114123 4.306657 4.04249291785
0.0409946236559 0.0870185449358 4.306485 4.04249291785
0.0406395736176 0.0870185449358 4.299648 4.07932011331
0.0406125166445 0.0870185449358 4.299574 4.0821529745
0.0404241219351 0.0870185449358 4.296708 4.10198300283
0.0403973509934 0.0870185449358 4.296702 4.10481586402
0.0402374670185 0.0870185449358 4.290981 4.12181303116
0.04021094265 0.0870185449358 4.289746 4.12464589235
0.0390775144138 0.0870185449358 4.244393 4.2492917847
0.039052496799 0.0870185449358 4.244208 4.25212464589
0.0389527458493 0.0870185449358 4.239779 4.26345609065
0.0389278876835 0.0870185449358 4.239611 4.26628895184
0.0388782664117 0.0870185449358 4.237008 4.27195467422
0.0394904458599 0.0884450784593 4.235743 4.27195467422
0.0394653087206 0.0884450784593 4.235438 4.27478753541
0.0394402035623 0.0884450784593 4.235328 4.2776203966
0.0388714733542 0.0884450784593 4.209366 4.34277620397
0.0388471177945 0.0884450784593 4.209366 4.34560906516
0.0385093167702 0.0884450784593 4.197954 4.38526912181
0.0384854127871 0.0884450784593 4.197019 4.388101983
0.0384376937384 0.0884450784593 4.19522 4.39376770538
0.0384138785626 0.0884450784593 4.194521 4.39660056657
0.0383663366337 0.0884450784593 4.193306 4.40226628895
0.0383426097712 0.0884450784593 4.192234 4.40509915014
0.0382244143033 0.0884450784593 4.188709 4.41926345609
0.0388170055453 0.0898716119829 4.187893 4.41926345609
0.0387215734481 0.0898716119829 4.186737 4.43059490085
0.0386977886978 0.0898716119829 4.186602 4.43342776204
0.0385321100917 0.0898716119829 4.179551 4.45325779037
0.039119804401 0.0912981455064 4.179008 4.45325779037
0.039048200122 0.0912981455064 4.175928 4.46175637394
0.0390243902439 0.0912981455064 4.175815 4.46458923513
0.0390243902439 0.0912981455064 4.175815 4.46458923513
0.0390006093845 0.0912981455064 4.175232 4.46742209632
0.03895313451 0.0912981455064 4.174526 4.4730878187
0.0395377128954 0.09272467903 4.173911 4.4730878187
0.0394417475728 0.09272467903 4.169801 4.48441926346
0.0400242571255 0.0941512125535 4.16657 4.48441926346
0.0397830018083 0.0941512125535 4.161483 4.51274787535
0.0397590361446 0.0941512125535 4.161146 4.51558073654
0.0396634615385 0.0941512125535 4.158698 4.5269121813
0.0396396396396 0.0941512125535 4.157595 4.52974504249
0.0392857142857 0.0941512125535 4.150353 4.57223796034
0.039262343843 0.0941512125535 4.148297 4.57507082153
0.0391923990499 0.0941512125535 4.14572 4.5835694051
0.039762611276 0.095577746077 4.145245 4.5835694051
0.039574719433 0.095577746077 4.139179 4.60623229462
0.0395513577332 0.095577746077 4.139164 4.60906515581
0.0393654524089 0.095577746077 4.130586 4.63172804533
0.0393423370523 0.095577746077 4.130165 4.63456090652
0.0383514596451 0.095577746077 4.101325 4.75920679887
0.0383295194508 0.095577746077 4.101279 4.76203966006
0.0375560538117 0.095577746077 4.078354 4.86402266289
0.0375350140056 0.095577746077 4.077337 4.86685552408
0.0369961347322 0.095577746077 4.054774 4.94050991501
0.0369757174393 0.095577746077 4.053313 4.9433427762
0.0368131868132 0.095577746077 4.049606 4.96600566572
0.0367929708951 0.095577746077 4.049062 4.96883852691
0.0367526055952 0.095577746077 4.04777 4.97450424929
0.0367324561404 0.095577746077 4.047601 4.97733711048
0.0359828141783 0.095577746077 4.017588 5.08498583569
0.0365002683843 0.0970042796006 4.017426 5.08498583569
0.0363247863248 0.0970042796006 4.009007 5.1104815864
0.0368392952483 0.0984308131241 4.008842 5.1104815864
0.0363157894737 0.0984308131241 3.997164 5.18696883853
0.0368227248816 0.0998573466476 3.996528 5.18696883853
0.0365726227795 0.0998573466476 3.984899 5.22379603399
0.0370757180157 0.101283880171 3.984872 5.22379603399
0.037037037037 0.101283880171 3.984397 5.22946175637
0.0370177267987 0.101283880171 3.983504 5.23229461756
0.0368831168831 0.101283880171 3.979492 5.25212464589
0.0368639667705 0.101283880171 3.979379 5.25495750708
0.0366168127901 0.101283880171 3.973439 5.29178470255
0.0371134020619 0.102710413695 3.973342 5.29178470255
0.0366598778004 0.102710413695 3.963058 5.3597733711
0.0371501272265 0.104136947218 3.96266 5.3597733711
0.0370182555781 0.104136947218 3.957713 5.37960339943
0.0375063355297 0.105563480742 3.957278 5.37960339943
0.037336024218 0.105563480742 3.953038 5.40509915014
0.0378214826021 0.106990014265 3.952656 5.40509915014
0.0375187593797 0.106990014265 3.947604 5.45042492918
0.0375 0.106990014265 3.947133 5.45325779037
0.0372023809524 0.106990014265 3.934456 5.49858356941
0.0371839365394 0.106990014265 3.933722 5.50141643059
0.0369640216856 0.106990014265 3.92822 5.53541076487
0.0369458128079 0.106990014265 3.927505 5.53824362606
0.0365853658537 0.106990014265 3.917479 5.59490084986
0.0370550950756 0.108416547789 3.916801 5.59490084986
0.0370189965904 0.108416547789 3.915152 5.60056657224
0.0374878286271 0.109843081312 3.914868 5.60056657224
0.0372160463992 0.109843081312 3.908477 5.64305949008
0.0376811594203 0.111269614836 3.907902 5.64305949008
0.0375541646606 0.111269614836 3.9054 5.66288951841
0.0375360923965 0.111269614836 3.902064 5.6657223796
0.0373027259684 0.111269614836 3.896729 5.70254957507
0.0377629063098 0.112696148359 3.896202 5.70254957507
0.0375475285171 0.112696148359 3.887698 5.73654390935
0.0375296912114 0.112696148359 3.886561 5.73937677054
0.0373522458629 0.112696148359 3.881518 5.76770538244
0.0373345935728 0.112696148359 3.879838 5.77053824363
0.0371240601504 0.112696148359 3.871387 5.8045325779
0.0371066228276 0.112696148359 3.870707 5.80736543909
0.0366589327146 0.112696148359 3.852924 5.88101983003
0.0366419294991 0.112696148359 3.851882 5.88385269122
0.0364896073903 0.112696148359 3.846946 5.90934844193
0.0369344413666 0.114122681883 3.84637 5.90934844193
0.0367816091954 0.114122681883 3.841796 5.93484419263
0.0367647058824 0.114122681883 3.84163 5.93767705382
0.0366468163078 0.114122681883 3.837196 5.95750708215
0.03663003663 0.114122681883 3.836862 5.96033994334
0.036513007759 0.114122681883 3.834794 5.98016997167
0.0369525547445 0.115549215407 3.8335 5.98016997167
0.0369357045144 0.115549215407 3.833336 5.98300283286
0.0369188696445 0.115549215407 3.833144 5.98583569405
0.0366184448463 0.115549215407 3.824489 6.03682719547
0.0370537731586 0.11697574893 3.824313 6.03682719547
0.0370036101083 0.11697574893 3.822156 6.04532577904
0.0369869192603 0.11697574893 3.821317 6.04815864023
0.0369535826949 0.11697574893 3.820704 6.05382436261
0.0369369369369 0.11697574893 3.819285 6.0566572238
0.0368539325843 0.11697574893 3.817453 6.07082152975
0.0372866127583 0.118402282454 3.816511 6.07082152975
0.037037037037 0.118402282454 3.804361 6.11331444759
0.0370205173952 0.118402282454 3.80389 6.11614730878
0.0365961199295 0.118402282454 3.78816 6.18980169972
0.0365799911855 0.118402282454 3.787966 6.19263456091
0.0363079615048 0.118402282454 3.773789 6.24079320113
0.0362920857018 0.118402282454 3.773034 6.24362606232
0.0360086767896 0.118402282454 3.760643 6.29461756374
0.0359930615785 0.118402282454 3.760235 6.29745042493
0.0358067299396 0.118402282454 3.753231 6.33144475921
0.0357912893489 0.118402282454 3.751175 6.3342776204
0.0357296599225 0.118402282454 3.749346 6.34560906516
0.0357142857143 0.118402282454 3.74932 6.34844192635
0.035454933789 0.118402282454 3.742801 6.39660056657
0.035439795047 0.118402282454 3.742762 6.39943342776
0.03525913339 0.118402282454 3.732309 6.43342776204
0.0352441613588 0.118402282454 3.732139 6.43626062323
0.0352441613588 0.118402282454 3.732139 6.43626062323
0.0352292020374 0.118402282454 3.731939 6.43909348442
0.0351993214589 0.118402282454 3.729135 6.4447592068
0.0356083086053 0.119828815977 3.728731 6.4447592068
0.0355179704017 0.119828815977 3.72354 6.46175637394
0.0355029585799 0.119828815977 3.723329 6.46458923513
0.0351906158358 0.119828815977 3.710003 6.52407932011
0.035175879397 0.119828815977 3.70978 6.5269121813
0.0347970173985 0.119828815977 3.698936 6.60056657224
0.0347826086957 0.119828815977 3.697752 6.60339943343
0.0347682119205 0.119828815977 3.69676 6.60623229462
0.0347538270583 0.119828815977 3.695991 6.60906515581
0.0345821325648 0.119828815977 3.691688 6.64305949008
0.0345679012346 0.119828815977 3.69101 6.64589235127
0.0342577487765 0.119828815977 3.679912 6.70821529745
0.0342437831227 0.119828815977 3.679524 6.71104815864
0.0341463414634 0.119828815977 3.677064 6.73087818697
0.0345388053637 0.121255349501 3.676533 6.73087818697
0.0343434343434 0.121255349501 3.67022 6.77053824363
0.0343295638126 0.121255349501 3.669838 6.77337110482
0.0342880193626 0.121255349501 3.66917 6.78186968839
0.0346774193548 0.122681883024 3.66636 6.78186968839
0.0346355215465 0.122681883024 3.663747 6.79036827195
0.0346215780998 0.122681883024 3.663341 6.79320113314
0.0344551282051 0.122681883024 3.656518 6.82719546742
0.0344413295955 0.122681883024 3.65625 6.83002832861
0.0343587694766 0.122681883024 3.651836 6.84702549575
0.0343450479233 0.122681883024 3.650913 6.84985835694
0.0342084327765 0.122681883024 3.648651 6.87818696884
0.0341948310139 0.122681883024 3.648054 6.88101983003
0.0340594059406 0.122681883024 3.64274 6.90934844193
0.034045922407 0.122681883024 3.641681 6.91218130312
0.0334630350195 0.122681883024 3.619853 7.03682719547
0.0338389731622 0.124108416548 3.619584 7.03682719547
0.0337732919255 0.124108416548 3.618547 7.05099150142
0.0337601862631 0.124108416548 3.616532 7.05382436261
0.0336687306502 0.124108416548 3.613316 7.07365439093
0.0336557059961 0.124108416548 3.613256 7.07648725212
0.0334744132359 0.124108416548 3.603518 7.11614730878
0.0338461538462 0.125534950071 3.60259 7.11614730878
0.0335877862595 0.125534950071 3.593075 7.17280453258
0.033574971385 0.125534950071 3.592531 7.17563739377
0.0335238095238 0.125534950071 3.591871 7.18696883853
0.033511043412 0.125534950071 3.591416 7.18980169972
0.0334346504559 0.125534950071 3.588274 7.20679886686
0.0334219521458 0.125534950071 3.588148 7.20963172805
0.033033033033 0.125534950071 3.570458 7.29745042493
0.0330206378987 0.125534950071 3.570317 7.30028328612
0.033008252063 0.125534950071 3.569446 7.30311614731
0.0329958755156 0.125534950071 3.568856 7.3059490085
0.0329958755156 0.125534950071 3.568856 7.3059490085
0.0329835082459 0.125534950071 3.56787 7.30878186969
0.0329464619993 0.125534950071 3.56657 7.31728045326
0.0329341317365 0.125534950071 3.566537 7.32011331445
0.0328480776409 0.125534950071 3.562639 7.33994334278
0.0332089552239 0.126961483595 3.56233 7.33994334278
0.0330978058758 0.126961483595 3.558159 7.36543909348
0.0330855018587 0.126961483595 3.557798 7.36827195467
0.0328292143121 0.126961483595 3.550278 7.42776203966
0.033185840708 0.128388017118 3.549138 7.42776203966
0.0331491712707 0.128388017118 3.546959 7.43626062323
0.0331369661267 0.128388017118 3.546911 7.43909348442
0.0331125827815 0.128388017118 3.544816 7.4447592068
0.0331004045605 0.128388017118 3.544304 7.44759206799
0.0330760749724 0.128388017118 3.542825 7.45325779037
0.0334313005143 0.129814550642 3.542414 7.45325779037
0.0330909090909 0.129814550642 3.532314 7.53257790368
0.0330788804071 0.129814550642 3.531989 7.53541076487
0.0329949238579 0.129814550642 3.524286 7.5552407932
0.0333454150054 0.131241084165 3.524103 7.5552407932
0.0333212604129 0.131241084165 3.521752 7.56090651558
0.0336712527154 0.132667617689 3.521713 7.56090651558
0.0336590662324 0.132667617689 3.521653 7.56373937677
0.0336468885673 0.132667617689 3.521517 7.56657223796
0.0334412081985 0.132667617689 3.514755 7.61473087819
0.0334291876348 0.132667617689 3.513433 7.61756373938
0.0333572453372 0.132667617689 3.508831 7.63456090652
0.0333452850484 0.132667617689 3.508111 7.63739376771
0.033060789193 0.132667617689 3.498666 7.70538243626
0.0330490405117 0.132667617689 3.498612 7.70821529745
0.0327234342013 0.132667617689 3.47863 7.78753541076
0.0327119240239 0.132667617689 3.478566 7.79036827195
0.0325402379286 0.132667617689 3.471412 7.8328611898
0.0325288562434 0.132667617689 3.466468 7.83569405099
0.0325288562434 0.132667617689 3.466468 7.83569405099
0.0325174825175 0.132667617689 3.464669 7.83852691218
0.0322692574601 0.132667617689 3.457828 7.90084985836
0.0322580645161 0.132667617689 3.457671 7.90368271955
0.0322022160665 0.132667617689 3.455559 7.9178470255
0.0325372101073 0.134094151213 3.455408 7.9178470255
0.0324585635359 0.134094151213 3.449376 7.93767705382
0.0324473593372 0.134094151213 3.449247 7.94050991501
0.0323024054983 0.134094151213 3.445796 7.97733711048
0.0322913088286 0.134094151213 3.445605 7.98016997167
0.0321257689679 0.134094151213 3.436976 8.02266288952
0.0321147933037 0.134094151213 3.436884 8.02549575071
0.0321147933037 0.134094151213 3.436884 8.02549575071
0.0321038251366 0.134094151213 3.43487 8.0283286119
0.0321038251366 0.134094151213 3.43487 8.0283286119
0.0324342779105 0.135520684736 3.434711 8.0283286119
0.0323679727428 0.135520684736 3.431993 8.04532577904
0.0323569482289 0.135520684736 3.431737 8.04815864023
0.0323569482289 0.135520684736 3.431737 8.04815864023
0.0323459312223 0.135520684736 3.431631 8.05099150142
0.0323239197006 0.135520684736 3.430894 8.0566572238
0.0323129251701 0.135520684736 3.430685 8.05949008499
0.0322033898305 0.135520684736 3.424226 8.08781869688
0.0321924771264 0.135520684736 3.424024 8.09065155807
0.0321162947938 0.135520684736 3.422098 8.1104815864
0.0321054410274 0.135520684736 3.42128 8.11331444759
0.0317301269205 0.135520684736 3.407376 8.21246458924
0.0320534223706 0.13694721826 3.403879 8.21246458924
0.0316727152755 0.13694721826 3.387878 8.31444759207
0.0316622691293 0.13694721826 3.387666 8.31728045326
0.0315478146566 0.13694721826 3.383631 8.34844192635
0.0315374507227 0.13694721826 3.383165 8.35127478754
0.0315374507227 0.13694721826 3.383165 8.35127478754
0.0315270935961 0.13694721826 3.383158 8.35410764873
0.0314238952537 0.13694721826 3.379462 8.38243626062
0.0314136125654 0.13694721826 3.379164 8.38526912181
0.0314136125654 0.13694721826 3.379164 8.38526912181
0.0314033366045 0.13694721826 3.378968 8.388101983
0.0312907431551 0.13694721826 3.37551 8.41926345609
0.0312805474096 0.13694721826 3.37517 8.42209631728
0.0312703583062 0.13694721826 3.37465 8.42492917847
0.0315858026701 0.138373751783 3.374488 8.42492917847
0.0314322747894 0.138373751783 3.367796 8.46742209632
0.0314220926466 0.138373751783 3.367779 8.47025495751
0.0314119170984 0.138373751783 3.367355 8.4730878187
0.0314017481386 0.138373751783 3.366385 8.47592067989
0.0313814299579 0.138373751783 3.3646 8.48158640227
0.0313712807245 0.138373751783 3.364451 8.48441926346
0.0310499359795 0.138373751783 3.348452 8.57507082153
0.03104 0.138373751783 3.348227 8.57790368272
0.03104 0.138373751783 3.348227 8.57790368272
0.0310300703775 0.138373751783 3.347971 8.58073654391
0.0310201471059 0.138373751783 3.347908 8.5835694051
0.031010230179 0.138373751783 3.347678 8.58640226629
0.0308818847501 0.138373751783 3.343116 8.62322946176
0.0308720560153 0.138373751783 3.342653 8.62606232295
0.0308524173028 0.138373751783 3.342005 8.63172804533
0.0308426073132 0.138373751783 3.340915 8.63456090652
0.0308328035601 0.138373751783 3.340609 8.63739376771
0.0308230060375 0.138373751783 3.340163 8.6402266289
0.0307351077313 0.138373751783 3.337325 8.6657223796
0.0310421286031 0.139800285307 3.337056 8.6657223796
0.0308855972266 0.139800285307 3.329888 8.71104815864
0.031190926276 0.14122681883 3.329382 8.71104815864
0.0309956167815 0.14122681883 3.3192 8.76770538244
0.0312989045383 0.142653352354 3.319111 8.76770538244
0.0312597686777 0.142653352354 3.317392 8.7790368272
0.03125 0.142653352354 3.316956 8.78186968839
0.0312304809494 0.142653352354 3.316719 8.78753541076
0.0312207305651 0.142653352354 3.316034 8.79036827195
0.0312109862672 0.142653352354 3.31548 8.79320113314
0.0312012480499 0.142653352354 3.315049 8.79603399433
0.0310559006211 0.142653352354 3.30492 8.83852691218
0.0313567215151 0.144079885877 3.304719 8.83852691218
0.0313275434243 0.144079885877 3.303504 8.84702549575
0.0313178294574 0.144079885877 3.303351 8.84985835694
0.0312790337566 0.144079885877 3.301898 8.8611898017
0.0312693498452 0.144079885877 3.301877 8.86402266289
0.0312017299969 0.144079885877 3.298374 8.88385269122
0.0315009264978 0.145506419401 3.298171 8.88385269122
0.0314620604565 0.145506419401 3.29589 8.89518413598
0.0314523589269 0.145506419401 3.294888 8.89801699717
0.0313556716877 0.145506419401 3.292919 8.92634560907
0.0316533497234 0.146932952924 3.291627 8.92634560907
0.0310334438084 0.146932952924 3.262526 9.1104815864
0.0310240963855 0.146932952924 3.262526 9.11331444759
0.0307554493879 0.146932952924 3.249491 9.1954674221
0.0307462686567 0.146932952924 3.249447 9.19830028329
0.0306730196546 0.146932952924 3.247034 9.2209631728
0.0306638880619 0.146932952924 3.246913 9.22379603399
0.030509478673 0.146932952924 3.238808 9.27195467422
0.0305004441812 0.146932952924 3.23793 9.27478753541
0.0304373522459 0.146932952924 3.235264 9.29461756374
0.0304283604136 0.146932952924 3.23445 9.29745042493
0.0304014167651 0.146932952924 3.233225 9.3059490085
0.0303924461493 0.146932952924 3.233184 9.30878186969
0.0302496328928 0.146932952924 3.228038 9.35410764873
0.030534351145 0.148359486448 3.227681 9.35410764873
0.0304182509506 0.148359486448 3.22299 9.39093484419
0.0304093567251 0.148359486448 3.222783 9.39376770538
0.0303738317757 0.148359486448 3.220964 9.40509915014
0.0306569343066 0.149786019971 3.220819 9.40509915014
0.0304524361949 0.149786019971 3.210427 9.47025495751
0.0304436068426 0.149786019971 3.208731 9.4730878187
0.0304347826087 0.149786019971 3.208399 9.47592067989
0.0304259634888 0.149786019971 3.207733 9.47875354108
0.030399536769 0.149786019971 3.206612 9.48725212465
0.0306801736614 0.151212553495 3.206451 9.48725212465
0.0304772857964 0.151212553495 3.195405 9.55240793201
0.0304685254383 0.151212553495 3.195229 9.5552407932
0.0300709219858 0.151212553495 3.174631 9.68555240793
0.0303460011344 0.152639087019 3.174169 9.68555240793
0.0302089215133 0.152639087019 3.166535 9.73087818697
0.0302003951454 0.152639087019 3.165947 9.73371104816
0.0301748448957 0.152639087019 3.164385 9.74220963173
0.0301663377502 0.152639087019 3.164071 9.74504249292
0.0301408450704 0.152639087019 3.163697 9.75354107649
0.0301323570825 0.152639087019 3.163544 9.75637393768
0.030005608525 0.152639087019 3.157941 9.79886685552
0.0299971965237 0.152639087019 3.157766 9.80169971671
0.0299635956315 0.152639087019 3.155103 9.81303116147
0.030235162374 0.154065620542 3.15496 9.81303116147
0.0300668151448 0.154065620542 3.1457 9.86968838527
0.0303367659338 0.155492154066 3.145328 9.86968838527
0.0302861906085 0.155492154066 3.142506 9.88668555241
0.0305555555556 0.156918687589 3.142413 9.88668555241
0.0305216426193 0.156918687589 3.140229 9.89801699717
0.0305131761442 0.156918687589 3.140191 9.90084985836
0.0303364589079 0.156918687589 3.130774 9.96033994334
0.0306038047974 0.158345221113 3.130546 9.96033994334
0.0305869385506 0.158345221113 3.128759 9.96600566572
0.0305785123967 0.158345221113 3.128551 9.96883852691
0.0305616740088 0.158345221113 3.128474 9.97450424929
0.0305532617671 0.158345221113 3.128007 9.97733711048
0.0305028854081 0.158345221113 3.125851 9.99433427762
0.0304945054945 0.158345221113 3.125597 9.99716713881
0.030486130184 0.158345221113 3.12476 10.0
0.0304777594728 0.158345221113 3.124289 10.0028328612
0.030303030303 0.158345221113 3.116326 10.0623229462
0.0302947598253 0.158345221113 3.116019 10.0651558074
0.0302782324059 0.158345221113 3.115583 10.0708215297
0.0305426779384 0.159771754636 3.115191 10.0708215297
0.0305177111717 0.159771754636 3.113564 10.0793201133
0.0307818033233 0.16119828816 3.113396 10.0793201133
0.0307065217391 0.16119828816 3.110655 10.104815864
0.0306981798424 0.16119828816 3.11061 10.1076487252
0.0306233062331 0.16119828816 3.105298 10.1331444759
0.0306150094825 0.16119828816 3.105094 10.1359773371
0.030590146183 0.16119828816 3.103966 10.1444759207
0.0305818673884 0.16119828816 3.103853 10.1473087819
0.0305240410589 0.16119828816 3.100324 10.1671388102
0.0305157980016 0.16119828816 3.100121 10.1699716714
0.0303681805966 0.16119828816 3.094272 10.2209631728
0.0306286942504 0.162624821683 3.093872 10.2209631728
0.0305711987128 0.162624821683 3.088124 10.2407932011
0.030563002681 0.162624821683 3.087969 10.2436260623
0.0303756994404 0.162624821683 3.079387 10.3087818697
0.0303676078849 0.162624821683 3.079012 10.3116147309
0.0303676078849 0.162624821683 3.079012 10.3116147309
0.0303595206391 0.162624821683 3.078676 10.3144475921
0.0303595206391 0.162624821683 3.078676 10.3144475921
0.0303514376997 0.162624821683 3.078493 10.3172804533
0.030230708035 0.162624821683 3.075069 10.3597733711
0.0302226935313 0.162624821683 3.075047 10.3626062323
0.0301268498943 0.162624821683 3.070593 10.3966005666
0.0303830911493 0.164051355207 3.070378 10.3966005666
0.029785029785 0.164051355207 3.041997 10.611898017
0.0297773174521 0.164051355207 3.041947 10.6147308782
0.0297696091121 0.164051355207 3.041586 10.6175637394
0.0297619047619 0.164051355207 3.039744 10.6203966006
0.0297542043984 0.164051355207 3.039711 10.6232294618
0.0300051733057 0.16547788873 3.039381 10.6232294618
0.0297588506927 0.16547788873 3.026057 10.7138810198
0.0297512182611 0.16547788873 3.026056 10.716713881
0.0297207276454 0.16547788873 3.022252 10.7280453258
0.0297131147541 0.16547788873 3.022171 10.730878187
0.0297131147541 0.16547788873 3.022171 10.730878187
0.0299615877081 0.166904422254 3.022003 10.730878187
0.0298545547334 0.166904422254 3.01576 10.7705382436
0.0298469387755 0.166904422254 3.015727 10.7733711048
0.0297861507128 0.166904422254 3.013306 10.7960339943
0.0300330872996 0.168330955777 3.012877 10.7960339943
0.0299112801014 0.168330955777 3.003783 10.8413597734
0.0299036999493 0.168330955777 3.003697 10.8441926346
0.0298961236382 0.168330955777 3.003049 10.8470254958
0.0298885511651 0.168330955777 3.002546 10.8498583569
0.0297229219144 0.168330955777 2.991135 10.9121813031
0.0297154369177 0.168330955777 2.991057 10.9150141643
0.0295665246805 0.168330955777 2.98123 10.9716713881
0.0298096192385 0.169757489301 2.980835 10.9716713881
0.0297872340426 0.169757489301 2.980428 10.9801699717
0.03003003003 0.171184022825 2.97959 10.9801699717
0.03 0.171184022825 2.978302 10.9915014164
0.0299925018745 0.171184022825 2.977992 10.9943342776
0.0299775168624 0.171184022825 2.976845 11.0
0.02997002997 0.171184022825 2.975955 11.0028328612
0.0297324083251 0.171184022825 2.959165 11.0934844193
0.029725043349 0.171184022825 2.95911 11.0963172805
0.0295275590551 0.171184022825 2.944026 11.1728045326
0.029766297663 0.172610556348 2.942936 11.1728045326
0.0297297297297 0.172610556348 2.941307 11.1869688385
0.0297224269221 0.172610556348 2.941167 11.1898016997
0.0297224269221 0.172610556348 2.941167 11.1898016997
0.0297151277014 0.172610556348 2.940972 11.1926345609
0.029541015625 0.172610556348 2.934544 11.2606232295
0.0295338052233 0.172610556348 2.933356 11.2634560907
0.0292129406084 0.172610556348 2.913167 11.3909348442
0.0292058894521 0.172610556348 2.912887 11.3937677054
0.0291425818882 0.172610556348 2.911491 11.4192634561
0.0291355646521 0.172610556348 2.910857 11.4220963173
0.028954295286 0.172610556348 2.900718 11.4957507082
0.0289473684211 0.172610556348 2.90038 11.4985835694
0.0289404448696 0.172610556348 2.90015 11.5014164306
0.0289335246294 0.172610556348 2.900015 11.5042492918
0.0289127837515 0.172610556348 2.899594 11.5127478754
0.028905876732 0.172610556348 2.899323 11.5155807365
0.0288782816229 0.172610556348 2.897916 11.5269121813
0.0291099976139 0.174037089872 2.897869 11.5269121813
0.0290822407628 0.174037089872 2.896682 11.5382436261
0.0290753098189 0.174037089872 2.895057 11.5410764873
0.0290545367945 0.174037089872 2.892988 11.5495750708
0.0290476190476 0.174037089872 2.892606 11.552407932
0.0290130796671 0.174037089872 2.891352 11.566572238
0.0292439372325 0.175463623395 2.890284 11.566572238
0.0292092139634 0.175463623395 2.888281 11.5807365439
0.0294396961064 0.176890156919 2.88767 11.5807365439
0.0293769248993 0.176890156919 2.883336 11.6062322946
0.0293699668404 0.176890156919 2.883258 11.6090651558
0.0293144208038 0.176890156919 2.877997 11.6317280453
0.0293074923186 0.176890156919 2.877897 11.6345609065
0.0292867264998 0.176890156919 2.877155 11.6430594901
0.029279811098 0.176890156919 2.876708 11.6458923513
0.0291353383459 0.176890156919 2.866988 11.7053824363
0.0293634014564 0.178316690442 2.866784 11.7053824363
0.0292671505502 0.178316690442 2.863918 11.7450424929
0.0292602996255 0.178316690442 2.863826 11.7478753541
0.0291239515377 0.178316690442 2.855232 11.8045325779
0.0293501048218 0.179743223966 2.854799 11.8045325779
0.0293091416609 0.179743223966 2.85372 11.821529745
0.0293023255814 0.179743223966 2.852854 11.8243626062
0.0291734197731 0.179743223966 2.84387 11.8781869688
0.0291666666667 0.179743223966 2.843837 11.88101983
0.029112754159 0.179743223966 2.842011 11.9036827195
0.029106029106 0.179743223966 2.840008 11.9065155807
0.0290523403274 0.179743223966 2.836945 11.9291784703
0.0292761641309 0.181169757489 2.836933 11.9291784703
0.0289227966295 0.181169757489 2.819394 12.0793201133
0.0289162112933 0.181169757489 2.819384 12.0821529745
0.0287525469776 0.181169757489 2.807796 12.1529745042
0.0289723856949 0.182596291013 2.807766 12.1529745042
0.0288873843376 0.182596291013 2.802631 12.1898016997
0.028880866426 0.182596291013 2.80255 12.1926345609
0.0288613303269 0.182596291013 2.801575 12.2011331445
0.0290802524797 0.184022824536 2.801358 12.2011331445
0.0288849081953 0.184022824536 2.786603 12.2861189802
0.0288784419073 0.184022824536 2.786595 12.2889518414
0.0288010716678 0.184022824536 2.782223 12.3229461756
0.0287946428571 0.184022824536 2.782011 12.3257790368
0.0287882169159 0.184022824536 2.781891 12.328611898
0.028781793842 0.184022824536 2.78123 12.3314447592
0.028673038453 0.184022824536 2.774449 12.3796033994
0.0286666666667 0.184022824536 2.774403 12.3824362606
0.0284516982797 0.184022824536 2.757478 12.4787535411
0.0284454244763 0.184022824536 2.756898 12.4815864023
0.0284078396829 0.184022824536 2.752981 12.4985835694
0.0284015852048 0.184022824536 2.752877 12.5014164306
0.028389084507 0.184022824536 2.7523 12.507082153
0.0283828382838 0.184022824536 2.751558 12.5099150142
0.0283765948086 0.184022824536 2.751244 12.5127478754
0.0283703540796 0.184022824536 2.751152 12.5155807365
0.0283391915641 0.184022824536 2.750066 12.5297450425
0.0283329672743 0.184022824536 2.75005 12.5325779037
0.0282028858767 0.184022824536 2.742903 12.5920679887
0.0281967213115 0.184022824536 2.742687 12.5949008499
0.0279705117086 0.184022824536 2.725152 12.6997167139
0.0279644482983 0.184022824536 2.72386 12.7025495751
0.0279644482983 0.184022824536 2.72386 12.7025495751
0.0281751192024 0.18544935806 2.721851 12.7025495751
0.0280232808795 0.18544935806 2.709634 12.7733711048
0.0280172413793 0.18544935806 2.70901 12.776203966
0.0279630027963 0.18544935806 2.704944 12.8016997167
0.0281720430108 0.186875891583 2.704819 12.8016997167
0.0280754393485 0.186875891583 2.701134 12.8470254958
0.0280694236126 0.186875891583 2.701022 12.8498583569
0.0280634104542 0.186875891583 2.699646 12.8526912181
0.0280573998715 0.186875891583 2.698582 12.8555240793
0.0277895630038 0.186875891583 2.680945 12.9830028329
0.0279957582185 0.188302425107 2.680793 12.9830028329
0.0279010779962 0.188302425107 2.675925 13.0283286119
0.0278951817413 0.188302425107 2.67591 13.0311614731
0.0277777777778 0.188302425107 2.669635 13.0878186969
0.0277719335157 0.188302425107 2.669286 13.0906515581
0.0277019937041 0.188302425107 2.664259 13.1246458924
0.0276961812841 0.188302425107 2.664156 13.1274787535
0.0275977420029 0.188302425107 2.657122 13.1756373938
0.0278010033445 0.189728958631 2.656774 13.1756373938
0.0278010033445 0.189728958631 2.656774 13.1756373938
0.0277951933124 0.189728958631 2.655979 13.178470255
0.0277777777778 0.189728958631 2.655521 13.1869688385
0.0277719774483 0.189728958631 2.654696 13.1898016997
0.0277430120985 0.189728958631 2.653204 13.2039660057
0.0279457768509 0.191155492154 2.653057 13.2039660057
0.0277777777778 0.191155492154 2.644076 13.2861189802
0.0277720207254 0.191155492154 2.644058 13.2889518414
0.0277031217697 0.191155492154 2.639056 13.3229461756
0.027697395618 0.191155492154 2.639027 13.3257790368
0.0275947281713 0.191155492154 2.631433 13.3767705382
0.0275890467367 0.191155492154 2.6314 13.3796033994
0.0275550071972 0.191155492154 2.630178 13.3966005666
0.0275493421053 0.191155492154 2.630071 13.3994334278
0.0275380189067 0.191155492154 2.628703 13.4050991501
0.0277378261763 0.192582025678 2.628174 13.4050991501
0.0276356192426 0.192582025678 2.622038 13.4560906516
0.02762996316 0.192582025678 2.621772 13.4589235127
0.0275397796818 0.192582025678 2.614729 13.5042492918
0.0275341627575 0.192582025678 2.614565 13.507082153
0.0274278748476 0.192582025678 2.609499 13.5609065156
0.0274223034735 0.192582025678 2.609389 13.5637393768
0.0272947836636 0.192582025678 2.597476 13.6288951841
0.027289266222 0.192582025678 2.597287 13.6317280453
0.027289266222 0.192582025678 2.597287 13.6317280453
0.0272837510105 0.192582025678 2.597044 13.6345609065
0.0272837510105 0.192582025678 2.597044 13.6345609065
0.0272782380279 0.192582025678 2.597013 13.6373937677
0.0272287212586 0.192582025678 2.59076 13.6628895184
0.02722323049 0.192582025678 2.59067 13.6657223796
0.0272067714631 0.192582025678 2.58974 13.6742209632
0.0272012895426 0.192582025678 2.589592 13.6770538244
0.0270703829958 0.192582025678 2.582793 13.7450424929
0.0272654370489 0.194008559201 2.582784 13.7450424929
0.0271565495208 0.194008559201 2.575376 13.8016997167
0.0271511279697 0.194008559201 2.575152 13.8045325779
0.0269520412208 0.194008559201 2.558103 13.9093484419
0.0269467010105 0.194008559201 2.558103 13.9121813031
0.0268987341772 0.194008559201 2.555115 13.9376770538
0.0270911607673 0.195435092725 2.554851 13.9376770538
0.0270750988142 0.195435092725 2.553274 13.9461756374
0.0270697490615 0.195435092725 2.553048 13.9490084986
0.0269738137429 0.195435092725 2.54856 14.0
0.026968503937 0.195435092725 2.548464 14.0028328612
0.0267892061009 0.195435092725 2.537438 14.0991501416
0.0269794721408 0.196861626248 2.536826 14.0991501416
0.0268430266485 0.196861626248 2.530586 14.1728045326
0.0270322831583 0.198288159772 2.52986 14.1728045326
0.0270165208941 0.198288159772 2.527905 14.1813031161
0.02701127089 0.198288159772 2.527497 14.1841359773
0.0269955331132 0.198288159772 2.525943 14.1926345609
0.0269902912621 0.198288159772 2.525906 14.1954674221
0.0267102229055 0.198288159772 2.51288 14.3484419263
0.0267050912584 0.198288159772 2.512438 14.3512747875
0.0266743427365 0.198288159772 2.511599 14.3682719547
0.0266692248657 0.198288159772 2.5107 14.3711048159
0.0265723571019 0.198288159772 2.50146 14.4249291785
0.0267584097859 0.199714693295 2.501141 14.4249291785
0.026400150858 0.199714693295 2.477033 14.6260623229
0.0265837104072 0.201141226819 2.476722 14.6260623229
0.0265386787126 0.201141226819 2.47424 14.6515580737
0.026721866767 0.202567760342 2.474084 14.6515580737
0.0266616597822 0.202567760342 2.470545 14.6855524079
0.0268443776985 0.203994293866 2.470288 14.6855524079
0.0267439685805 0.203994293866 2.46421 14.7422096317
0.0269259536275 0.205420827389 2.464102 14.7422096317
0.0268006700168 0.205420827389 2.455447 14.8130311615
0.0267956829178 0.205420827389 2.455388 14.8158640227
0.0267409470752 0.205420827389 2.450328 14.8470254958
0.0269216487189 0.206847360913 2.449805 14.8470254958
0.0268121301775 0.206847360913 2.442483 14.9093484419
0.0269920502866 0.208273894437 2.442269 14.9093484419
0.0269074824917 0.208273894437 2.436418 14.9575070822
0.026902524415 0.208273894437 2.436336 14.9603399433
0.0268382352941 0.208273894437 2.430931 14.9971671388
0.0268333027017 0.208273894437 2.430931 15.0
0.0268185157972 0.208273894437 2.429198 15.0084985836
0.0269972451791 0.20970042796 2.428755 15.0084985836
0.0269378779549 0.20970042796 2.425283 15.0424929178
0.0269329424698 0.20970042796 2.424861 15.045325779
0.0269132186012 0.20970042796 2.424083 15.0566572238
0.0269082921472 0.20970042796 2.423961 15.059490085
0.0266449157151 0.20970042796 2.405249 15.2124645892
0.026640086988 0.20970042796 2.405133 15.2152974504
0.0264626462646 0.20970042796 2.386931 15.3201133144
0.0264578833693 0.20970042796 2.386439 15.3229461756
0.0264388489209 0.20970042796 2.384614 15.3342776204
0.0264340945873 0.20970042796 2.384484 15.3371104816
0.0263488080301 0.20970042796 2.378224 15.388101983
0.026523297491 0.211126961484 2.377407 15.388101983
0.0264900662252 0.211126961484 2.375914 15.4079320113
0.0266642806013 0.212553495007 2.375269 15.4079320113
0.0266118949812 0.212553495007 2.370749 15.4390934844
0.0267857142857 0.213980028531 2.370049 15.4390934844
0.0267570460221 0.213980028531 2.368059 15.4560906516
0.0267522739433 0.213980028531 2.367904 15.4589235127
0.0267379679144 0.213980028531 2.366732 15.4674220963
0.0267332026377 0.213980028531 2.363975 15.4702549575
0.0267332026377 0.213980028531 2.363975 15.4702549575
0.0267284390592 0.213980028531 2.363728 15.4730878187
0.0266951414842 0.213980028531 2.360969 15.492917847
0.0266903914591 0.213980028531 2.360743 15.4957507082
0.0265392781316 0.213980028531 2.34652 15.5864022663
0.026534583407 0.213980028531 2.346424 15.5892351275
0.026525198939 0.213980028531 2.345673 15.5949008499
0.0266973125884 0.215406562054 2.345642 15.5949008499
0.0265845070423 0.215406562054 2.340498 15.6628895184
0.0267558528428 0.216833095578 2.339596 15.6628895184
0.0266947664208 0.216833095578 2.333945 15.6997167139
0.0266900790167 0.216833095578 2.333914 15.7025495751
0.026643295355 0.216833095578 2.331146 15.730878187
0.0268138801262 0.218259629101 2.330872 15.730878187
0.026766969909 0.218259629101 2.327783 15.7592067989
0.0267622879132 0.218259629101 2.32751 15.7620396601
0.026590198123 0.218259629101 2.312643 15.8668555241
0.0265855777585 0.218259629101 2.311858 15.8696883853
0.0265348595213 0.218259629101 2.308522 15.9008498584
0.026703658748 0.219686162625 2.30791 15.9008498584
0.0266666666667 0.219686162625 2.306171 15.9235127479
0.0268351800554 0.221112696148 2.306087 15.9235127479
0.0268073331027 0.221112696148 2.303833 15.940509915
0.0268026975618 0.221112696148 2.303811 15.9433427762
0.0267656708686 0.221112696148 2.301574 15.9660056657
0.0267610497238 0.221112696148 2.301453 15.9688385269
0.0267333563298 0.221112696148 2.297869 15.9858356941
0.0267287463356 0.221112696148 2.29774 15.9886685552
0.0267103222471 0.221112696148 2.296191 16.0
0.026878015162 0.222539229672 2.295788 16.0
0.0268641294989 0.222539229672 2.294809 16.0084985836
0.0268595041322 0.222539229672 2.294306 16.0113314448
0.026790314271 0.222539229672 2.28796 16.0538243626
0.0267857142857 0.222539229672 2.2876 16.0566572238
0.0265984654731 0.222539229672 2.271247 16.1728045326
0.026764405046 0.223965763195 2.270233 16.1728045326
0.0267097652263 0.223965763195 2.266934 16.2067988669
0.0267052219765 0.223965763195 2.266762 16.209631728
0.0266237069696 0.223965763195 2.259605 16.2606232295
0.0266191929468 0.223965763195 2.259448 16.2634560907
0.0265292328489 0.223965763195 2.253203 16.3201133144
0.0266936982598 0.225392296719 2.252844 16.3201133144
0.0263552960801 0.225392296719 2.227202 16.5354107649
0.0263509006004 0.225392296719 2.227148 16.5382436261
0.026307026307 0.225392296719 2.223869 16.566572238
0.0263026469119 0.225392296719 2.223032 16.5694050992
0.0261502813638 0.225392296719 2.209128 16.6685552408
0.0261459539964 0.225392296719 2.208981 16.671388102
0.0261243386243 0.225392296719 2.207181 16.6855524079
0.026120019838 0.225392296719 2.207137 16.6883852691
0.0260769103813 0.225392296719 2.204434 16.716713881
0.0260726072607 0.225392296719 2.204191 16.7195467422
0.0260511129431 0.225392296719 2.19946 16.7337110482
0.0260468183317 0.225392296719 2.199304 16.7365439093
0.0259058862109 0.225392296719 2.186735 16.8300283286
0.0260655737705 0.226818830243 2.185777 16.8300283286
0.0260186548846 0.226818830243 2.182566 16.8611898017
0.0261780104712 0.228245363766 2.181729 16.8611898017
0.0261096605744 0.228245363766 2.173968 16.9065155807
0.0261054005547 0.228245363766 2.173968 16.9093484419
0.0261054005547 0.228245363766 2.173968 16.9093484419
0.026101141925 0.228245363766 2.173907 16.9121813031
0.0260374288039 0.228245363766 2.168626 16.954674221
0.0260331923202 0.228245363766 2.168279 16.9575070822
0.0259824618383 0.228245363766 2.163059 16.9915014164
0.0259782432213 0.228245363766 2.162616 16.9943342776
0.0257358854753 0.228245363766 2.148463 17.1586402266
0.0257317465423 0.228245363766 2.147663 17.1614730878
0.0256698219156 0.228245363766 2.140552 17.2039660057
0.025826114854 0.22967189729 2.140088 17.2039660057
0.0257024265645 0.22967189729 2.129765 17.2889518414
0.0256983240223 0.22967189729 2.128794 17.2917847025
0.0256942227897 0.22967189729 2.128602 17.2946175637
0.0256901228658 0.22967189729 2.128502 17.2974504249
0.0256655507732 0.22967189729 2.126817 17.3144475921
0.0258208479439 0.231098430813 2.126742 17.3144475921
0.0256491450285 0.231098430813 2.110428 17.433427762
0.0256450846921 0.231098430813 2.110216 17.4362606232
0.0255520504732 0.231098430813 2.103463 17.5014164306
0.0255480208169 0.231098430813 2.103288 17.5042492918
0.0255439924314 0.231098430813 2.103017 17.507082153
0.0255399653161 0.231098430813 2.102707 17.5099150142
0.0255319148936 0.231098430813 2.102265 17.5155807365
0.0255278915853 0.231098430813 2.100998 17.5184135977
0.0253560807638 0.231098430813 2.087803 17.6402266289
0.0253521126761 0.231098430813 2.087247 17.6430594901
0.0251435666615 0.231098430813 2.07123 17.7932011331
0.0252948479205 0.232524964337 2.071203 17.7932011331
0.0252830774003 0.232524964337 2.070256 17.8016997167
0.0252791563275 0.232524964337 2.070021 17.8045325779
0.0252791563275 0.232524964337 2.070021 17.8045325779
0.0252752364708 0.232524964337 2.069944 17.8073654391
0.025251742835 0.232524964337 2.06657 17.8243626062
0.0252478314746 0.232524964337 2.066277 17.8271954674
0.0252361046602 0.232524964337 2.06568 17.835694051
0.0252321981424 0.232524964337 2.063926 17.8385269122
0.0251737451737 0.232524964337 2.058202 17.88101983
0.0253242742434 0.23395149786 2.058153 17.88101983
0.0252268881711 0.23395149786 2.047047 17.9518413598
0.0252230083051 0.23395149786 2.047031 17.954674221
0.0252191296325 0.23395149786 2.046756 17.9575070822
0.0252152521525 0.23395149786 2.046622 17.9603399433
0.0250879608383 0.23395149786 2.034739 18.0538243626
0.0250841235852 0.23395149786 2.034225 18.0566572238
0.0250802875057 0.23395149786 2.033948 18.059490085
0.0252293577982 0.235378031384 2.033544 18.059490085
0.025225500688 0.235378031384 2.033029 18.0623229462
0.025221644757 0.235378031384 2.032869 18.0651558074
0.0251601097896 0.235378031384 2.026925 18.1104815864
0.0251562738222 0.235378031384 2.026209 18.1133144476
0.0249924265374 0.235378031384 2.009023 18.2351274788
0.0251400878389 0.236804564907 2.009019 18.2351274788
0.0251286709052 0.236804564907 2.008505 18.2436260623
0.0252762221886 0.238231098431 2.007135 18.2436260623
0.025211352657 0.238231098431 2.00011 18.2917847025
0.0252075471698 0.238231098431 1.999825 18.2946175637
0.0251619707699 0.238231098431 1.99686 18.328611898
0.0251581801748 0.238231098431 1.996684 18.3314447592
0.0251278964791 0.238231098431 1.994539 18.3541076487
0.0251241161426 0.238231098431 1.9943 18.3569405099
0.0250637850818 0.238231098431 1.987862 18.402266289
0.0250600240096 0.238231098431 1.98721 18.4050991501
0.0250187265918 0.238231098431 1.980435 18.4362606232
0.0250149790294 0.238231098431 1.977952 18.4390934844
0.0249700956938 0.238231098431 1.971788 18.4730878187
0.024966362685 0.238231098431 1.971594 18.4759206799
0.0249253731343 0.238231098431 1.967771 18.507082153
0.0250708849425 0.239657631954 1.967395 18.507082153
0.0250521920668 0.239657631954 1.965088 18.5212464589
0.0250484568361 0.239657631954 1.964893 18.5240793201
0.0250372578241 0.239657631954 1.964049 18.5325779037
0.0250335270451 0.239657631954 1.963892 18.5354107649
0.0249517302837 0.239657631954 1.954317 18.597733711
0.024948024948 0.239657631954 1.953629 18.6005665722
0.0248888888889 0.239657631954 1.947058 18.6458923513
0.0248852021923 0.239657631954 1.947018 18.6487252125
0.0248815165877 0.239657631954 1.9468 18.6515580737
0.0250259144084 0.241084165478 1.945963 18.6515580737
0.0249520153551 0.241084165478 1.940177 18.7082152975
0.0249483318571 0.241084165478 1.940102 18.7110481586
0.0249042145594 0.241084165478 1.93688 18.7450424929
0.0249005451599 0.241084165478 1.936855 18.7478753541
0.0248822143698 0.241084165478 1.935276 18.7620396601
0.0250257618136 0.242510699001 1.934907 18.7620396601
0.0250183958793 0.242510699001 1.933937 18.7677053824
0.0251618599176 0.243937232525 1.932862 18.7677053824
0.025073313783 0.243937232525 1.92146 18.835694051
0.025069637883 0.243937232525 1.921449 18.8385269122
0.0250219490781 0.243937232525 1.916324 18.8753541076
0.0250182882224 0.243937232525 1.916027 18.8781869688
0.0250073120796 0.243937232525 1.913626 18.8866855524
0.0250036555052 0.243937232525 1.913582 18.8895184136
0.0249017038008 0.243937232525 1.906134 18.9688385269
0.0248980780431 0.243937232525 1.905909 18.9716713881
0.0248546511628 0.243937232525 1.901989 19.0056657224
0.0248510390932 0.243937232525 1.900731 19.0084985836
0.0248474280732 0.243937232525 1.900569 19.0113314448
0.0248438181026 0.243937232525 1.900035 19.0141643059
0.0248185776488 0.243937232525 1.898881 19.0339943343
0.0248149760557 0.243937232525 1.897481 19.0368271955
0.024721700159 0.243937232525 1.889164 19.1104815864
0.0247181266262 0.243937232525 1.889136 19.1133144476
0.0246468722975 0.243937232525 1.880807 19.1699716714
0.0247874333477 0.245363766049 1.880453 19.1699716714
0.0246842709529 0.245363766049 1.871441 19.2521246459
0.0246807289425 0.245363766049 1.869546 19.2549575071
0.0245223838038 0.245363766049 1.849162 19.3824362606
0.0245188880969 0.245363766049 1.849092 19.3852691218
0.0245049152301 0.245363766049 1.847443 19.3966005666
0.0245014245014 0.245363766049 1.846387 19.3994334278
0.0244040862656 0.245363766049 1.836589 19.4787535411
0.0245424882962 0.246790299572 1.836438 19.4787535411
0.0245355268756 0.246790299572 1.8363 19.4844192635
0.0245320476461 0.246790299572 1.836081 19.4872521246
0.0245216158753 0.246790299572 1.835718 19.4957507082
0.0245181405896 0.246790299572 1.835664 19.4985835694
0.0245146662888 0.246790299572 1.835156 19.5014164306
0.0246528761689 0.248216833096 1.834861 19.5014164306
0.0246214801189 0.248216833096 1.830723 19.5269121813
0.0247594793435 0.249643366619 1.830716 19.5269121813
0.0245648512072 0.249643366619 1.80943 19.6855524079
0.0245614035088 0.249643366619 1.808833 19.6883852691
0.024537296691 0.249643366619 1.806696 19.7082152975
0.0245338567223 0.249643366619 1.806342 19.7110481586
0.0244652593317 0.249643366619 1.798128 19.7677053824
0.0246016214705 0.251069900143 1.797145 19.7677053824
0.0245775729647 0.251069900143 1.792938 19.7875354108
0.0245741413013 0.251069900143 1.792685 19.790368272
0.0245159492966 0.251069900143 1.788352 19.8385269122
0.0245125348189 0.251069900143 1.788001 19.8413597734
0.0244580322401 0.251069900143 1.781689 19.8866855524
0.0245935806586 0.252496433666 1.781346 19.8866855524
0.0245833333333 0.252496433666 1.780605 19.895184136
0.0247187890571 0.25392296719 1.779575 19.895184136
0.0246708246708 0.25392296719 1.773114 19.9348441926
0.024667405765 0.25392296719 1.772614 19.9376770538
0.0246128318584 0.25392296719 1.76348 19.9830028329
0.0246094290059 0.25392296719 1.763322 19.9858356941
0.024602626123 0.25392296719 1.762998 19.9915014164
0.0245992260918 0.25392296719 1.762298 19.9943342776
0.0245415690059 0.25392296719 1.755737 20.0424929178
0.0246760408051 0.255349500713 1.755075 20.0424929178
0.0246217331499 0.255349500713 1.747899 20.0878186969
0.0247558795214 0.256776034237 1.747649 20.0878186969
0.0247558795214 0.256776034237 1.747649 20.0878186969
0.0247524752475 0.256776034237 1.747632 20.0906515581
0.0246744345442 0.256776034237 1.738132 20.1558073654
0.0246710526316 0.256776034237 1.737562 20.1586402266
0.0246642915867 0.256776034237 1.737268 20.164305949
0.0246609124538 0.256776034237 1.736994 20.1671388102
0.0246170678337 0.256776034237 1.73169 20.2039660057
0.0246137016272 0.256776034237 1.731548 20.2067988669
0.0245365321701 0.256776034237 1.720347 20.2719546742
0.0245331879515 0.256776034237 1.720347 20.2747875354
0.024516480523 0.256776034237 1.719113 20.2889518414
0.0246493258886 0.25820256776 1.718868 20.2889518414
0.0245957331159 0.25820256776 1.712944 20.3342776204
0.0245923913043 0.25820256776 1.712744 20.3371104816
0.0245790331342 0.25820256776 1.710506 20.3484419263
0.0245756958588 0.25820256776 1.709833 20.3512747875
0.0244693794782 0.25820256776 1.700317 20.4419263456
0.0244660719113 0.25820256776 1.700172 20.4447592068
0.0244561545737 0.25820256776 1.698635 20.4532577904
0.0244528505809 0.25820256776 1.697956 20.4560906516
0.0244264507422 0.25820256776 1.693738 20.4787535411
0.0245580893267 0.259629101284 1.693268 20.4787535411
0.0245216922662 0.259629101284 1.688208 20.5099150142
0.0245183887916 0.259629101284 1.68816 20.5127478754
0.0245051837889 0.259629101284 1.687107 20.5240793201
0.0245018847604 0.259629101284 1.686198 20.5269121813
0.0244821092279 0.259629101284 1.684969 20.5439093484
0.0246133154001 0.261055634807 1.684914 20.5439093484
0.0245505768715 0.261055634807 1.678075 20.597733711
0.0245472837022 0.261055634807 1.677943 20.6005665722
0.0244914346895 0.261055634807 1.671623 20.6487252125
0.0246219724341 0.262482168331 1.671538 20.6487252125
0.0245202558635 0.262482168331 1.658896 20.7365439093
0.0245169886742 0.262482168331 1.658263 20.7393767705
0.024503928619 0.262482168331 1.657727 20.7507082153
0.024500665779 0.262482168331 1.657517 20.7535410765
0.024432346302 0.262482168331 1.646396 20.8130311615
0.024429102496 0.262482168331 1.646208 20.8158640227
0.024429102496 0.262482168331 1.646208 20.8158640227
0.0244258595513 0.262482168331 1.646026 20.8186968839
0.0244193762442 0.262482168331 1.644379 20.8243626062
0.0245488322718 0.263908701854 1.644368 20.8243626062
0.0243677555321 0.263908701854 1.622507 20.9830028329
0.0244962465429 0.265335235378 1.621614 20.9830028329
0.0244704644126 0.265335235378 1.618897 21.0056657224
0.0244672454617 0.265335235378 1.617945 21.0084985836
0.0244126525791 0.265335235378 1.611704 21.0566572238
0.0244094488189 0.265335235378 1.610843 21.059490085
0.0243838489775 0.265335235378 1.609351 21.0821529745
0.0243806527723 0.265335235378 1.609351 21.0849858357
0.0243806527723 0.265335235378 1.609351 21.0849858357
0.024377457405 0.265335235378 1.608518 21.0878186969
0.0243710691824 0.265335235378 1.607371 21.0934844193
0.0244988864143 0.266761768902 1.606485 21.0934844193
0.0244732364874 0.266761768902 1.603332 21.1161473088
0.0244700340225 0.266761768902 1.60312 21.11898017
0.0243204577969 0.266761768902 1.586335 21.2521246459
0.0243172951886 0.266761768902 1.586179 21.2549575071
0.0242605085625 0.266761768902 1.577761 21.3059490085
0.0243870800363 0.268188302425 1.577585 21.3059490085
0.0243176820592 0.268188302425 1.570913 21.3682719547
0.0243145369891 0.268188302425 1.570813 21.3711048159
0.0241676308009 0.268188302425 1.551407 21.5042492918
0.0241645244216 0.268188302425 1.551144 21.507082153
0.0240994744264 0.268188302425 1.540262 21.566572238
0.0240963855422 0.268188302425 1.539873 21.5694050992
0.0240224891388 0.268188302425 1.531464 21.6373937677
0.0240194199566 0.268188302425 1.531147 21.6402266289
0.0239979576206 0.268188302425 1.527043 21.6600566572
0.0241225271219 0.269614835949 1.526642 21.6600566572
0.0240244057455 0.269614835949 1.513955 21.7507082153
0.0240213523132 0.269614835949 1.512827 21.7535410765
0.0240030480061 0.269614835949 1.510696 21.7705382436
0.024 0.269614835949 1.510394 21.7733711048
0.0239604462475 0.269614835949 1.504349 21.8101983003
0.0239574090506 0.269614835949 1.503882 21.8130311615
0.0239543726236 0.269614835949 1.503646 21.8158640227
0.0239513369662 0.269614835949 1.503409 21.8186968839
0.0238817285823 0.269614835949 1.491658 21.8838526912
0.0240050536955 0.271041369472 1.491315 21.8838526912
0.0239808153477 0.271041369472 1.487656 21.9065155807
0.0239777889955 0.271041369472 1.487116 21.9093484419
0.0239144115796 0.271041369472 1.474363 21.9688385269
0.0239114019633 0.271041369472 1.473518 21.9716713881
0.0239083931043 0.271041369472 1.473295 21.9745042493
0.0239053850025 0.271041369472 1.472193 21.9773371105
0.0238723457721 0.271041369472 1.464179 22.0084985836
0.0238693467337 0.271041369472 1.464179 22.0113314448
0.0238513683153 0.271041369472 1.46126 22.0283286119
0.023848374545 0.271041369472 1.458223 22.0311614731
0.0237946149029 0.271041369472 1.450156 22.0821529745
0.0239168544954 0.272467902996 1.449877 22.0821529745
0.0239048811014 0.272467902996 1.447348 22.0934844193
0.0239018896258 0.272467902996 1.447168 22.0963172805
0.0239018896258 0.272467902996 1.447168 22.0963172805
0.0238988988989 0.272467902996 1.446602 22.0991501416
0.0238184312258 0.272467902996 1.432178 22.1756373938
0.0238154613466 0.272467902996 1.431838 22.178470255
0.0237237610235 0.272467902996 1.415552 22.2662889518
0.0237208147044 0.272467902996 1.41519 22.269121813
0.0237031521469 0.272467902996 1.412893 22.2861189802
0.0237002109443 0.272467902996 1.412176 22.2889518414
0.0236123130177 0.272467902996 1.395087 22.3739376771
0.0237330037083 0.273894436519 1.394943 22.3739376771
0.0237154150198 0.273894436519 1.39194 22.3909348442
0.0238359886378 0.275320970043 1.391148 22.3909348442
0.0236955187231 0.275320970043 1.370201 22.5269121813
0.0236926098699 0.275320970043 1.369931 22.5297450425
0.023675171737 0.275320970043 1.367628 22.5467422096
0.0236722678769 0.275320970043 1.367372 22.5495750708
0.0236432684062 0.275320970043 1.361006 22.5779036827
0.0237628613425 0.276747503566 1.360781 22.5779036827
0.0237628613425 0.276747503566 1.360781 22.5779036827
0.0238824249847 0.27817403709 1.360453 22.5779036827
0.0238619676946 0.27817403709 1.357729 22.597733711
0.0238590480852 0.27817403709 1.356667 22.6005665722
0.0237920937042 0.27817403709 1.347091 22.6657223796
0.0237891911675 0.27817403709 1.346053 22.6685552408
0.0237804878049 0.27817403709 1.344839 22.6770538244
0.023777588099 0.27817403709 1.344694 22.6798866856
0.0237688932228 0.27817403709 1.342961 22.6883852691
0.023887873248 0.279600570613 1.341312 22.6883852691
0.0238239941656 0.279600570613 1.331149 22.7507082153
0.0238210986874 0.279600570613 1.329796 22.7535410765
0.0237575757576 0.279600570613 1.32071 22.8158640227
0.0238758938311 0.281027104137 1.320538 22.8158640227
0.0237578388808 0.281027104137 1.298667 22.9320113314
0.0237549740745 0.281027104137 1.297063 22.9348441926
0.0237235067437 0.281027104137 1.293643 22.9660056657
0.0237206502107 0.281027104137 1.293273 22.9688385269
0.0236608215229 0.281027104137 1.283041 23.0283286119
0.0236579800648 0.281027104137 1.281824 23.0311614731
0.0235561401411 0.281027104137 1.263456 23.1331444759
0.0235533237685 0.281027104137 1.263424 23.1359773371
0.0235111588495 0.281027104137 1.253256 23.178470255
0.023508353222 0.281027104137 1.252506 23.1813031161
0.0234747378456 0.281027104137 1.244649 23.2152974504
0.0235910878113 0.28245363766 1.244626 23.2152974504
0.023568622783 0.28245363766 1.240778 23.2379603399
0.0235658176625 0.28245363766 1.240346 23.2407932011
0.0235014836795 0.28245363766 1.232885 23.3059490085
0.023498694517 0.28245363766 1.232676 23.3087818697
0.0234847586289 0.28245363766 1.229767 23.3229461756
0.0234819734345 0.28245363766 1.228338 23.3257790368
0.0234402746537 0.28245363766 1.222796 23.3682719547
0.0234375 0.28245363766 1.222411 23.3711048159
0.023166023166 0.28245363766 1.169928 23.6515580737
0.0232802994853 0.283880171184 1.168692 23.6515580737
0.023115344407 0.283880171184 1.134688 23.8243626062
0.0232288037166 0.285306704708 1.134228 23.8243626062
0.0232207128759 0.285306704708 1.132842 23.8328611898
0.0232180171813 0.285306704708 1.129354 23.835694051
0.0231776567389 0.285306704708 1.121889 23.8781869688
0.0232908458864 0.286733238231 1.121171 23.8781869688
0.0231860652901 0.286733238231 1.096859 23.9886685552
0.0231833910035 0.286733238231 1.09587 23.9915014164
0.0231114177303 0.286733238231 1.086297 24.0679886686
0.0231087606346 0.286733238231 1.084364 24.0708215297
0.0230769230769 0.286733238231 1.074963 24.104815864
0.0230742739066 0.286733238231 1.074892 24.1076487252
0.022966179159 0.286733238231 1.053788 24.223796034
0.0229635553525 0.286733238231 1.053257 24.2266288952
0.0228616924477 0.286733238231 1.037767 24.3371104816
0.0228590924599 0.286733238231 1.037287 24.3399433428
0.0227118644068 0.286733238231 1.014075 24.5014164306
0.0228222799684 0.288159771755 1.013724 24.5014164306
0.0227298300889 0.288159771755 0.995178 24.6033994334
0.0227272727273 0.288159771755 0.994816 24.6062322946
0.0225824482951 0.288159771755 0.972051 24.7677053824
0.0225799239884 0.288159771755 0.971872 24.7705382436
0.0225446428571 0.288159771755 0.964835 24.8101983003
0.0226537216828 0.289586305278 0.964098 24.8101983003
0.0226335154421 0.289586305278 0.959988 24.8328611898
0.0226309921962 0.289586305278 0.95939 24.835694051
0.0226083082749 0.289586305278 0.954847 24.8611898017
0.0226057906459 0.289586305278 0.954691 24.8640226629
0.0225605690153 0.289586305278 0.944743 24.9150141643
0.0225580620069 0.289586305278 0.943652 24.9178470255
0.0224309392265 0.289586305278 0.911466 25.0623229462
0.0224284609435 0.289586305278 0.911429 25.0651558074
0.0222807595215 0.289586305278 0.87567 25.2351274788
0.0222783143108 0.289586305278 0.875014 25.2379603399
0.022050836411 0.289586305278 0.832627 25.5042492918
0.0221570544151 0.291012838802 0.832481 25.5042492918
0.021940202194 0.291012838802 0.781141 25.7620396601
0.0219378427788 0.291012838802 0.780733 25.7648725212
0.0217229262059 0.291012838802 0.727915 26.0254957507
0.0217206132879 0.291012838802 0.727883 26.0283286119
0.0215394361736 0.291012838802 0.683453 26.2521246459
0.0216427364865 0.292439372325 0.68328 26.2521246459
0.0213875847679 0.292439372325 0.613288 26.5722379603
0.021489672439 0.293865905849 0.61183 26.5722379603
0.0214025974026 0.293865905849 0.592972 26.6827195467
0.0215042592977 0.295292439372 0.592673 26.6827195467
0.0211851396991 0.295292439372 0.507936 27.0934844193
0.021182971756 0.295292439372 0.50714 27.0963172805
0.0211353890137 0.295292439372 0.491163 27.1586402266
0.0211332312404 0.295292439372 0.491005 27.1614730878
0.0208040201005 0.295292439372 0.386477 27.6005665722
0.0208019294543 0.295292439372 0.386111 27.6033994334
0.0203639940974 0.295292439372 0.232024 28.209631728
0.0204603580563 0.296718972896 0.230975 28.209631728
0.0203681942812 0.296718972896 0.147964 28.3399433428
0.0203661999413 0.296718972896 0.082133 28.342776204
