1.0 0.0 inf 0.0
1.0 0.00142653352354 8.291371 0.0
1.0 0.00142653352354 8.291371 0.0
1.0 0.00285306704708 8.219538 0.0
0.5 0.00285306704708 7.964972 0.0056657223796
0.4 0.00285306704708 7.876225 0.00849858356941
0.333333333333 0.00285306704708 7.796017 0.0113314447592
0.285714285714 0.00285306704708 7.693444 0.014164305949
0.285714285714 0.00285306704708 7.693444 0.014164305949
0.25 0.00285306704708 7.690177 0.0169971671388
0.25 0.00285306704708 7.690177 0.0169971671388
0.222222222222 0.00285306704708 7.563789 0.0198300283286
0.222222222222 0.00285306704708 7.563789 0.0198300283286
0.2 0.00285306704708 7.555832 0.0226628895184
0.142857142857 0.00285306704708 7.1048 0.0339943342776
0.2 0.00427960057061 7.079572 0.0339943342776
0.176470588235 0.00427960057061 7.06015 0.0396600566572
0.166666666667 0.00427960057061 7.01764 0.042492917847
0.157894736842 0.00427960057061 7.000637 0.0453257790368
0.2 0.00570613409415 6.927991 0.0453257790368
0.16 0.00570613409415 6.867106 0.0594900849858
0.192307692308 0.00713266761769 6.854418 0.0594900849858
0.147058823529 0.00713266761769 6.735159 0.0821529745042
0.171428571429 0.00855920114123 6.715129 0.0821529745042
0.153846153846 0.00855920114123 6.624092 0.0934844192635
0.175 0.00998573466476 6.569338 0.0934844192635
0.175 0.00998573466476 6.569338 0.0934844192635
0.19512195122 0.0114122681883 6.559652 0.0934844192635
0.181818181818 0.0114122681883 6.487401 0.101983002833
0.177777777778 0.0114122681883 6.485345 0.104815864023
0.166666666667 0.0114122681883 6.417323 0.113314447592
0.163265306122 0.0114122681883 6.407683 0.116147308782
0.163265306122 0.0114122681883 6.407683 0.116147308782
0.18 0.0128388017118 6.402267 0.116147308782
0.176470588235 0.0128388017118 6.400698 0.118980169972
0.192307692308 0.0142653352354 6.394212 0.118980169972
0.192307692308 0.0142653352354 6.394212 0.118980169972
0.188679245283 0.0142653352354 6.393093 0.121813031161
0.188679245283 0.0142653352354 6.393093 0.121813031161
0.185185185185 0.0142653352354 6.387722 0.124645892351
0.166666666667 0.0142653352354 6.289186 0.14164305949
0.16393442623 0.0142653352354 6.288799 0.14447592068
0.15625 0.0142653352354 6.264436 0.152974504249
0.153846153846 0.0142653352354 6.256859 0.155807365439
0.147058823529 0.0142653352354 6.233 0.164305949008
0.144927536232 0.0142653352354 6.226061 0.167138810198
0.133333333333 0.0142653352354 6.152752 0.184135977337
0.131578947368 0.0142653352354 6.144224 0.186968838527
0.123456790123 0.0142653352354 6.120784 0.201133144476
0.134146341463 0.0156918687589 6.105542 0.201133144476
0.129411764706 0.0156918687589 6.090047 0.209631728045
0.127906976744 0.0156918687589 6.075034 0.212464589235
0.123595505618 0.0156918687589 6.061408 0.220963172805
0.133333333333 0.0171184022825 6.06089 0.220963172805
0.127659574468 0.0171184022825 6.041962 0.232294617564
0.136842105263 0.018544935806 6.038332 0.232294617564
0.134020618557 0.018544935806 6.031198 0.237960339943
0.132653061224 0.018544935806 6.029336 0.240793201133
0.131313131313 0.018544935806 6.028984 0.243626062323
0.13 0.018544935806 6.027798 0.246458923513
0.128712871287 0.018544935806 6.019999 0.249291784703
0.127450980392 0.018544935806 6.019601 0.252124645892
0.127450980392 0.018544935806 6.019601 0.252124645892
0.135922330097 0.0199714693295 6.016278 0.252124645892
0.132075471698 0.0199714693295 5.995688 0.260623229462
0.140186915888 0.0213980028531 5.98666 0.260623229462
0.133928571429 0.0213980028531 5.963776 0.274787535411
0.141592920354 0.0228245363766 5.956417 0.274787535411
0.139130434783 0.0228245363766 5.925453 0.28045325779
0.146551724138 0.0242510699001 5.924299 0.28045325779
0.145299145299 0.0242510699001 5.924083 0.28328611898
0.14406779661 0.0242510699001 5.907869 0.28611898017
0.136 0.0242510699001 5.877064 0.305949008499
0.134920634921 0.0242510699001 5.862397 0.308781869688
0.131782945736 0.0242510699001 5.84696 0.317280453258
0.130769230769 0.0242510699001 5.829911 0.320113314448
0.118055555556 0.0242510699001 5.744599 0.359773371105
0.11724137931 0.0242510699001 5.737673 0.362606232295
0.11724137931 0.0242510699001 5.737673 0.362606232295
0.116438356164 0.0242510699001 5.736649 0.365439093484
0.116438356164 0.0242510699001 5.736649 0.365439093484
0.122448979592 0.0256776034237 5.732076 0.365439093484
0.122448979592 0.0256776034237 5.732076 0.365439093484
0.128378378378 0.0271041369472 5.728032 0.365439093484
0.121794871795 0.0271041369472 5.695018 0.388101983003
0.12101910828 0.0271041369472 5.694095 0.390934844193
0.11801242236 0.0271041369472 5.684096 0.402266288952
0.117283950617 0.0271041369472 5.661188 0.405099150142
0.111111111111 0.0271041369472 5.613279 0.43059490085
0.110465116279 0.0271041369472 5.610716 0.43342776204
0.102150537634 0.0271041369472 5.536063 0.473087818697
0.101604278075 0.0271041369472 5.532256 0.475920679887
0.101604278075 0.0271041369472 5.532256 0.475920679887
0.101063829787 0.0271041369472 5.531204 0.478753541076
0.0979381443299 0.0271041369472 5.511866 0.495750708215
0.102564102564 0.0285306704708 5.510045 0.495750708215
0.100502512563 0.0285306704708 5.466839 0.507082152975
0.105 0.0299572039943 5.46252 0.507082152975
0.103448275862 0.0299572039943 5.451711 0.515580736544
0.102941176471 0.0299572039943 5.437938 0.518413597734
0.1004784689 0.0299572039943 5.398086 0.532577903683
0.1 0.0299572039943 5.396433 0.535410764873
0.1 0.0299572039943 5.396433 0.535410764873
0.104265402844 0.0313837375178 5.395216 0.535410764873
0.103773584906 0.0313837375178 5.393498 0.538243626062
0.103286384977 0.0313837375178 5.382966 0.541076487252
0.102803738318 0.0313837375178 5.377749 0.543909348442
0.106976744186 0.0328102710414 5.377635 0.543909348442
0.103603603604 0.0328102710414 5.358159 0.563739376771
0.103139013453 0.0328102710414 5.356532 0.56657223796
0.100877192982 0.0328102710414 5.335116 0.580736543909
0.100436681223 0.0328102710414 5.335098 0.583569405099
0.0991379310345 0.0328102710414 5.31356 0.592067988669
0.0987124463519 0.0328102710414 5.312061 0.594900849858
0.0974576271186 0.0328102710414 5.296866 0.603399433428
0.0970464135021 0.0328102710414 5.28429 0.606232294618
0.0871212121212 0.0328102710414 5.175591 0.682719546742
0.0905660377358 0.0342368045649 5.168798 0.682719546742
0.0869565217391 0.0342368045649 5.133389 0.71388101983
0.086642599278 0.0342368045649 5.132024 0.71671388102
0.0848056537102 0.0342368045649 5.104505 0.733711048159
0.0880281690141 0.0356633380884 5.103874 0.733711048159
0.0793650793651 0.0356633380884 4.986963 0.821529745042
0.0791139240506 0.0356633380884 4.986746 0.824362606232
0.0762195121951 0.0356633380884 4.938028 0.85835694051
0.0759878419453 0.0356633380884 4.935122 0.8611898017
0.0741839762611 0.0356633380884 4.914765 0.883852691218
0.0769230769231 0.037089871612 4.9127 0.883852691218
0.0755813953488 0.037089871612 4.892328 0.900849858357
0.0782608695652 0.0385164051355 4.888613 0.900849858357
0.0782608695652 0.0385164051355 4.888613 0.900849858357
0.0780346820809 0.0385164051355 4.886931 0.903682719547
0.0780346820809 0.0385164051355 4.886931 0.903682719547
0.0806916426513 0.0399429386591 4.88021 0.903682719547
0.0765027322404 0.0399429386591 4.826434 0.957507082153
0.0790190735695 0.0413694721826 4.825532 0.957507082153
0.0769230769231 0.0413694721826 4.798657 0.985835694051
0.0767195767196 0.0413694721826 4.796872 0.988668555241
0.0749354005168 0.0413694721826 4.770048 1.01416430595
0.0747422680412 0.0413694721826 4.761674 1.01699716714
0.0721393034826 0.0413694721826 4.731367 1.0566572238
0.0744416873449 0.0427960057061 4.729172 1.0566572238
0.0744416873449 0.0427960057061 4.729172 1.0566572238
0.0767326732673 0.0442225392297 4.726093 1.0566572238
0.0725995316159 0.0442225392297 4.678027 1.12181303116
0.0724299065421 0.0442225392297 4.676584 1.12464589235
0.0704545454545 0.0442225392297 4.64706 1.15864022663
0.0702947845805 0.0442225392297 4.640257 1.16147308782
0.0702947845805 0.0442225392297 4.640257 1.16147308782
0.0723981900452 0.0456490727532 4.637122 1.16147308782
0.0704845814978 0.0456490727532 4.610162 1.1954674221
0.0703296703297 0.0456490727532 4.609312 1.19830028329
0.0691144708423 0.0456490727532 4.601923 1.2209631728
0.0711206896552 0.0470756062767 4.598575 1.2209631728
0.0694736842105 0.0470756062767 4.580197 1.25212464589
0.0714285714286 0.0485021398003 4.578656 1.25212464589
0.0706860706861 0.0485021398003 4.569135 1.26628895184
0.0705394190871 0.0485021398003 4.567425 1.26912181303
0.0686868686869 0.0485021398003 4.54648 1.3059490085
0.0685483870968 0.0485021398003 4.543872 1.30878186969
0.0678642714571 0.0485021398003 4.535231 1.32294617564
0.0697211155378 0.0499286733238 4.534005 1.32294617564
0.0670498084291 0.0499286733238 4.493357 1.37960339943
0.0688336520076 0.0513552068474 4.490467 1.37960339943
0.0674157303371 0.0513552068474 4.474899 1.41076487252
0.0672897196262 0.0513552068474 4.471666 1.41359773371
0.0654545454545 0.0513552068474 4.45054 1.45609065156
0.065335753176 0.0513552068474 4.450235 1.45892351275
0.0628272251309 0.0513552068474 4.41505 1.52124645892
0.0627177700348 0.0513552068474 4.414732 1.52407932011
0.0622837370242 0.0513552068474 4.407828 1.53541076487
0.0621761658031 0.0513552068474 4.405307 1.53824362606
0.0592105263158 0.0513552068474 4.339876 1.62039660057
0.0607553366174 0.0527817403709 4.336722 1.62039660057
0.0594855305466 0.0527817403709 4.312319 1.65722379603
0.0593900481541 0.0527817403709 4.311217 1.66005665722
0.0542521994135 0.0527817403709 4.188709 1.82719546742
0.0556368960469 0.0542082738944 4.187893 1.82719546742
0.0553935860058 0.0542082738944 4.186737 1.83569405099
0.0553129548763 0.0542082738944 4.186602 1.83852691218
0.0547550432277 0.0542082738944 4.174526 1.85835694051
0.0561151079137 0.055634807418 4.173911 1.85835694051
0.0557939914163 0.055634807418 4.169801 1.86968838527
0.0571428571429 0.0570613409415 4.16657 1.86968838527
0.0568181818182 0.0570613409415 4.161571 1.88101983003
0.0567375886525 0.0570613409415 4.161146 1.88385269122
0.0557880055788 0.0570613409415 4.15022 1.9178470255
0.0557103064067 0.0570613409415 4.148297 1.92067988669
0.0556328233658 0.0570613409415 4.147002 1.92351274788
0.0569444444444 0.058487874465 4.145245 1.92351274788
0.0566298342541 0.058487874465 4.139179 1.93484419263
0.0565517241379 0.058487874465 4.139164 1.93767705382
0.0545938748336 0.058487874465 4.101325 2.01133144476
0.0545212765957 0.058487874465 4.101279 2.01416430595
0.0535248041775 0.058487874465 4.080152 2.05382436261
0.0534550195567 0.058487874465 4.077337 2.0566572238
0.0519645120406 0.058487874465 4.048323 2.11898016997
0.0518987341772 0.058487874465 4.047601 2.12181303116
0.0487514863258 0.058487874465 3.984899 2.26628895184
0.0498812351544 0.0599144079886 3.984872 2.26628895184
0.0488372093023 0.0599144079886 3.963665 2.31728045326
0.0499419279907 0.0613409415121 3.96266 2.31728045326
0.0491990846682 0.0613409415121 3.947784 2.35410764873
0.0491428571429 0.0613409415121 3.947133 2.35694050992
0.0483689538808 0.0613409415121 3.92862 2.39660056657
0.0483146067416 0.0613409415121 3.927505 2.39943342776
0.0477777777778 0.0613409415121 3.920127 2.42776203966
0.0488346281909 0.0627674750357 3.916801 2.42776203966
0.048404840484 0.0627674750357 3.905903 2.45042492918
0.0483516483516 0.0627674750357 3.902064 2.45325779037
0.0474649406688 0.0627674750357 3.881557 2.50141643059
0.0474137931034 0.0627674750357 3.879838 2.50424929178
0.046218487395 0.0627674750357 3.841796 2.57223796034
0.0461699895068 0.0627674750357 3.84163 2.57507082153
0.0458811261731 0.0627674750357 3.834894 2.59206798867
0.046875 0.0641940085592 3.8335 2.59206798867
0.0465356773526 0.0641940085592 3.824836 2.611898017
0.047520661157 0.0656205420827 3.824313 2.611898017
0.0473251028807 0.0656205420827 3.817453 2.62322946176
0.0483042137718 0.0670470756063 3.816511 2.62322946176
0.0470941883768 0.0670470756063 3.775316 2.6940509915
0.048048048048 0.0684736091298 3.773034 2.6940509915
0.0471050049068 0.0684736091298 3.749346 2.7507082153
0.0470588235294 0.0684736091298 3.74932 2.75354107649
0.046332046332 0.0684736091298 3.7291 2.79886685552
0.0472516875603 0.0699001426534 3.728731 2.79886685552
0.0471607314726 0.0699001426534 3.724168 2.8045325779
0.0471153846154 0.0699001426534 3.723329 2.80736543909
0.0457516339869 0.0699001426534 3.691911 2.89518413598
0.0457089552239 0.0699001426534 3.69101 2.89801699717
0.0452865064695 0.0699001426534 3.682501 2.92634560907
0.0452446906741 0.0699001426534 3.679524 2.92917847025
0.0448717948718 0.0699001426534 3.668949 2.95467422096
0.0457456541629 0.0713266761769 3.66636 2.95467422096
0.0438981562774 0.0713266761769 3.613316 3.08498583569
0.0438596491228 0.0713266761769 3.612808 3.08781869688
0.043630017452 0.0713266761769 3.603355 3.10481586402
0.0444638186574 0.0727532097004 3.60259 3.10481586402
0.0440414507772 0.0727532097004 3.593719 3.13597733711
0.0440034512511 0.0727532097004 3.592531 3.1388101983
0.0434042553191 0.0727532097004 3.571242 3.18413597734
0.0433673469388 0.0727532097004 3.570317 3.18696883853
0.043183742591 0.0727532097004 3.563003 3.20113314448
0.0439932318105 0.074179743224 3.56233 3.20113314448
0.0438079191238 0.074179743224 3.558766 3.21529745042
0.0446127946128 0.0756062767475 3.557798 3.21529745042
0.0441666666667 0.0756062767475 3.544816 3.2492917847
0.0441298917569 0.0756062767475 3.544304 3.25212464589
0.0440199335548 0.0756062767475 3.542825 3.26062322946
0.0448132780083 0.077032810271 3.542414 3.26062322946
0.0441537203598 0.077032810271 3.521752 3.31161473088
0.0449346405229 0.0784593437946 3.521713 3.31161473088
0.0440352281825 0.0784593437946 3.500588 3.38243626062
0.044 0.0784593437946 3.498612 3.38526912181
0.0435816164818 0.0784593437946 3.47863 3.41926345609
0.0435471100554 0.0784593437946 3.478566 3.42209631728
0.0432730133753 0.0784593437946 3.469903 3.4447592068
0.0440251572327 0.0798858773181 3.466468 3.4447592068
0.0436477007015 0.0798858773181 3.455559 3.47592067989
0.0443925233645 0.0813124108417 3.455408 3.47592067989
0.0440154440154 0.0813124108417 3.445796 3.50708215297
0.0439814814815 0.0813124108417 3.445605 3.50991501416
0.04381245196 0.0813124108417 3.438812 3.52407932011
0.0437788018433 0.0813124108417 3.436884 3.5269121813
0.0437452033768 0.0813124108417 3.435799 3.52974504249
0.0444785276074 0.0827389443652 3.434711 3.52974504249
0.0430267062315 0.0827389443652 3.379462 3.65439093484
0.0429948109711 0.0827389443652 3.379164 3.65722379603
0.0427413411938 0.0827389443652 3.37551 3.67988668555
0.0434462444772 0.0841654778887 3.374488 3.67988668555
0.0426608821403 0.0841654778887 3.349772 3.7507082153
0.0426300578035 0.0841654778887 3.347971 3.75354107649
0.0423850574713 0.0841654778887 3.342844 3.77620396601
0.0423546302943 0.0841654778887 3.342653 3.7790368272
0.0415785764623 0.0841654778887 3.317392 3.85269121813
0.0415492957746 0.0841654778887 3.316956 3.85552407932
0.0412587412587 0.0841654778887 3.308198 3.88385269122
0.041928721174 0.0855920114123 3.304719 3.88385269122
0.041782729805 0.0855920114123 3.298545 3.89801699717
0.0424495476688 0.0870185449358 3.298171 3.89801699717
0.0423023578363 0.0870185449358 3.292919 3.91218130312
0.042966042966 0.0884450784593 3.291627 3.91218130312
0.0413609072715 0.0884450784593 3.238105 4.07082152975
0.0413333333333 0.0884450784593 3.23793 4.07365439093
0.0407626561473 0.0884450784593 3.221649 4.13314447592
0.0413929040736 0.0898716119829 3.220819 4.13314447592
0.0399492707673 0.0898716119829 3.174631 4.28895184136
0.0405576679341 0.0912981455064 3.174169 4.28895184136
0.0401002506266 0.0912981455064 3.158053 4.33994334278
0.0407013149656 0.09272467903 3.157766 4.33994334278
0.0403225806452 0.09272467903 3.143281 4.38243626062
0.0409175449473 0.0941512125535 3.142413 4.38243626062
0.0405405405405 0.0941512125535 3.130774 4.42492917847
0.0411295273174 0.095577746077 3.130546 4.42492917847
0.0410790925812 0.095577746077 3.128228 4.43059490085
0.0416666666667 0.0970042796006 3.128007 4.43059490085
0.0416411512554 0.0970042796006 3.127543 4.43342776204
0.0422276621787 0.0984308131241 3.125597 4.43342776204
0.0422018348624 0.0984308131241 3.124811 4.43626062323
0.0421760391198 0.0984308131241 3.124289 4.43909348442
0.0415913200723 0.0984308131241 3.100324 4.50424929178
0.0421686746988 0.0998573466476 3.100121 4.50424929178
0.0417910447761 0.0998573466476 3.088696 4.54674220963
0.0417661097852 0.0998573466476 3.087969 4.54957507082
0.0413956238912 0.0998573466476 3.078857 4.59206798867
0.0413711583924 0.0998573466476 3.078676 4.59490084986
0.0412249705536 0.0998573466476 3.075167 4.611898017
0.0417892878164 0.101283880171 3.075047 4.611898017
0.0407343660356 0.101283880171 3.043484 4.73654390935
0.0407110091743 0.101283880171 3.041947 4.73937677054
0.0394225430316 0.101283880171 2.99162 4.90084985836
0.0394006659267 0.101283880171 2.991057 4.90368271955
0.0390969162996 0.101283880171 2.98123 4.9433427762
0.0396257567419 0.102710413695 2.97959 4.9433427762
0.0396257567419 0.102710413695 2.97959 4.9433427762
0.039603960396 0.102710413695 2.977992 4.94617563739
0.0395821880154 0.102710413695 2.976845 4.94900849858
0.0395604395604 0.102710413695 2.975955 4.95184135977
0.0377160817182 0.102710413695 2.899594 5.20396600567
0.038219895288 0.104136947218 2.899323 5.20396600567
0.0381400208986 0.104136947218 2.896682 5.21529745042
0.0381201044386 0.104136947218 2.895057 5.21813031161
0.038080333855 0.104136947218 2.892988 5.22379603399
0.0380604796663 0.104136947218 2.892606 5.22662889518
0.0380208333333 0.104136947218 2.891525 5.23229461756
0.0385216033316 0.105563480742 2.890284 5.23229461756
0.0384016606124 0.105563480742 2.883336 5.2492917847
0.0383817427386 0.105563480742 2.883258 5.25212464589
0.0382034073309 0.105563480742 2.877532 5.2776203966
0.0381836945304 0.105563480742 2.876708 5.28045325779
0.0376782077393 0.105563480742 2.856573 5.35410764873
0.0381679389313 0.106990014265 2.854799 5.35410764873
0.0379362670713 0.106990014265 2.84387 5.388101983
0.0379170879676 0.106990014265 2.843837 5.39093484419
0.0378405650858 0.106990014265 2.842011 5.40226628895
0.0378214826021 0.106990014265 2.840008 5.40509915014
0.0377263581489 0.106990014265 2.837142 5.41926345609
0.0382101558572 0.108416547789 2.836933 5.41926345609
0.0377171215881 0.108416547789 2.819394 5.49291784703
0.0376984126984 0.108416547789 2.819384 5.49575070822
0.0371638141809 0.108416547789 2.802631 5.57790368272
0.0371456500489 0.108416547789 2.80255 5.58073654391
0.0367327211213 0.108416547789 2.783402 5.64589235127
0.0367149758454 0.108416547789 2.782011 5.64872521246
0.0361560418649 0.108416547789 2.753631 5.73937677054
0.036138849263 0.108416547789 2.752877 5.74220963173
0.0361216730038 0.108416547789 2.752334 5.74504249292
0.0361045130641 0.108416547789 2.751558 5.74787535411
0.0361045130641 0.108416547789 2.751558 5.74787535411
0.0360873694207 0.108416547789 2.751152 5.7507082153
0.0357983984927 0.108416547789 2.742903 5.79886685552
0.0357815442561 0.108416547789 2.742687 5.80169971671
0.0351851851852 0.108416547789 2.709229 5.90368271955
0.0351689032855 0.108416547789 2.70901 5.90651558074
0.0350715274573 0.108416547789 2.704944 5.92351274788
0.0355166051661 0.109843081312 2.704819 5.92351274788
0.0348574015392 0.109843081312 2.680945 6.03966005666
0.0352941176471 0.111269614836 2.680793 6.03966005666
0.0351985559567 0.111269614836 2.675925 6.0566572238
0.0351826792963 0.111269614836 2.67591 6.05949008499
0.0346666666667 0.111269614836 2.657122 6.15297450425
0.0350955131053 0.112696148359 2.656774 6.15297450425
0.0344376634699 0.112696148359 2.629707 6.27478753541
0.0348583877996 0.114122681883 2.628174 6.27478753541
0.0345721694036 0.114122681883 2.614729 6.32861189802
0.0345572354212 0.114122681883 2.614565 6.33144475921
0.0343642611684 0.114122681883 2.609681 6.36827195467
0.0343495062258 0.114122681883 2.609389 6.37110481586
0.0341442594964 0.114122681883 2.598166 6.41076487252
0.0341296928328 0.114122681883 2.597287 6.41359773371
0.0341296928328 0.114122681883 2.597287 6.41359773371
0.0341151385928 0.114122681883 2.597044 6.4164305949
0.0340570455513 0.114122681883 2.592472 6.42776203966
0.0344680851064 0.115549215407 2.59067 6.42776203966
0.0344387755102 0.115549215407 2.58974 6.43342776204
0.0344241393965 0.115549215407 2.589592 6.43626062323
0.0340765671014 0.115549215407 2.576196 6.50424929178
0.0340622371741 0.115549215407 2.575152 6.50708215297
0.0337359433569 0.115549215407 2.555115 6.57223796034
0.0341382181515 0.11697574893 2.554851 6.57223796034
0.0337171052632 0.11697574893 2.537438 6.65722379603
0.0341142622277 0.118402282454 2.536826 6.65722379603
0.0339885339885 0.118402282454 2.530933 6.68271954674
0.0343839541547 0.119828815977 2.52986 6.68271954674
0.0339668418924 0.119828815977 2.513415 6.76770538244
0.0339531123686 0.119828815977 2.512438 6.77053824363
0.0332147093713 0.119828815977 2.47723 6.92634560907
0.0335968379447 0.121255349501 2.476722 6.92634560907
0.0334513970878 0.121255349501 2.47061 6.95750708215
0.0338316286389 0.122681883024 2.470288 6.95750708215
0.0336726703211 0.122681883024 2.46421 6.99150141643
0.0340508806262 0.124108416548 2.464102 6.99150141643
0.0334744132359 0.124108416548 2.432223 7.11614730878
0.0338461538462 0.125534950071 2.430931 7.11614730878
0.0337035618537 0.125534950071 2.424126 7.14730878187
0.0336906584992 0.125534950071 2.423961 7.15014164306
0.0329711502435 0.125534950071 2.388419 7.31161473088
0.0329588014981 0.125534950071 2.386439 7.31444759207
0.0329341317365 0.125534950071 2.384614 7.32011331445
0.0329218106996 0.125534950071 2.384484 7.32294617564
0.0327137546468 0.125534950071 2.37587 7.37110481586
0.0330732069863 0.126961483595 2.375269 7.37110481586
0.0330241187384 0.126961483595 2.371761 7.38243626062
0.0333827893175 0.128388017118 2.370049 7.38243626062
0.0333209922251 0.128388017118 2.368059 7.39660056657
0.0336787564767 0.129814550642 2.367904 7.39660056657
0.0336538461538 0.129814550642 2.366732 7.40226628895
0.0336414048059 0.129814550642 2.363975 7.40509915014
0.0336414048059 0.129814550642 2.363975 7.40509915014
0.0336289726534 0.129814550642 2.363728 7.40793201133
0.0335669494651 0.129814550642 2.361604 7.42209631728
0.0335545722714 0.129814550642 2.360743 7.42492917847
0.0334067547724 0.129814550642 2.349221 7.45892351275
0.0337614678899 0.131241084165 2.347622 7.45892351275
0.033724340176 0.131241084165 2.34652 7.46742209632
0.0337119824111 0.131241084165 2.346424 7.47025495751
0.0335766423358 0.131241084165 2.340498 7.50141643059
0.0339292229113 0.132667617689 2.339596 7.50141643059
0.0333692142088 0.132667617689 2.306971 7.63172804533
0.0337159253945 0.134094151213 2.306087 7.63172804533
0.0335474660956 0.134094151213 2.296191 7.67138810198
0.0338922582947 0.135520684736 2.295788 7.67138810198
0.0338680926916 0.135520684736 2.294576 7.67705382436
0.0338560228083 0.135520684736 2.294306 7.67988668555
0.0337958022056 0.135520684736 2.289998 7.6940509915
0.0337837837838 0.135520684736 2.289463 7.69688385269
0.033415406261 0.135520684736 2.27125 7.78470254958
0.0337552742616 0.13694721826 2.270233 7.78470254958
0.0335547011534 0.13694721826 2.259605 7.8328611898
0.0335429769392 0.13694721826 2.259448 7.83569405099
0.0330123796424 0.13694721826 2.228028 7.96600566572
0.0330010312822 0.13694721826 2.227148 7.96883852691
0.032967032967 0.13694721826 2.223869 7.97733711048
0.0332990044628 0.138373751783 2.223032 7.97733711048
0.03306066803 0.138373751783 2.207471 8.03682719547
0.0330494037479 0.138373751783 2.207137 8.03966005666
0.0329483695652 0.138373751783 2.198529 8.06515580737
0.0329371816638 0.138373751783 2.197592 8.06798866856
0.0325067024129 0.138373751783 2.174027 8.17847025496
0.0324958123953 0.138373751783 2.173968 8.18130311615
0.032387312187 0.138373751783 2.168684 8.20963172805
0.0323765020027 0.138373751783 2.168279 8.21246458924
0.0318869165023 0.138373751783 2.140552 8.34277620397
0.0322050607953 0.139800285307 2.140088 8.34277620397
0.03201568115 0.139800285307 2.129698 8.39376770538
0.0320052253429 0.139800285307 2.128794 8.39660056657
0.03165374677 0.139800285307 2.102265 8.49291784703
0.0316435259929 0.139800285307 2.100998 8.49575070822
0.0309441111462 0.139800285307 2.058202 8.6940509915
0.03125 0.14122681883 2.058153 8.6940509915
0.0309278350515 0.14122681883 2.035072 8.78753541076
0.0312304809494 0.142653352354 2.033544 8.78753541076
0.0309119010819 0.142653352354 2.009023 8.88101983003
0.0312113720643 0.144079885877 2.009019 8.88101983003
0.0311440024669 0.144079885877 2.000196 8.90084985836
0.0311344019729 0.144079885877 1.999825 8.90368271955
0.030981595092 0.144079885877 1.987862 8.94900849858
0.0309720944496 0.144079885877 1.98721 8.95184135977
0.0306525037936 0.144079885877 1.964049 9.04815864023
0.0306432038835 0.144079885877 1.963892 9.05099150142
0.0305320435308 0.144079885877 1.954824 9.08498583569
0.0305228165609 0.144079885877 1.953629 9.08781869688
0.0304492010853 0.144079885877 1.9468 9.1104815864
0.0307414104882 0.145506419401 1.945963 9.1104815864
0.0305297815025 0.145506419401 1.937193 9.17563739377
0.0305206463196 0.145506419401 1.936855 9.17847025496
0.0304750522856 0.145506419401 1.933664 9.19263456091
0.0307646356033 0.146932952924 1.932862 9.19263456091
0.0306456411782 0.146932952924 1.91665 9.22946175637
0.0309339678763 0.148359486448 1.916027 9.22946175637
0.0306694190504 0.148359486448 1.898216 9.31161473088
0.0306603773585 0.148359486448 1.897481 9.31444759207
0.0304538799414 0.148359486448 1.880807 9.37960339943
0.030737704918 0.149786019971 1.880453 9.37960339943
0.030523255814 0.149786019971 1.871429 9.44759206799
0.0305143853531 0.149786019971 1.869546 9.45042492918
0.0300429184549 0.149786019971 1.83594 9.60339943343
0.0300343249428 0.149786019971 1.835664 9.60623229462
0.0300257363454 0.149786019971 1.835261 9.60906515581
0.030303030303 0.151212553495 1.834861 9.60906515581
0.0302597773337 0.151212553495 1.830723 9.62322946176
0.0305365296804 0.152639087019 1.830716 9.62322946176
0.030217452697 0.152639087019 1.806696 9.72804532578
0.0302089215133 0.152639087019 1.806342 9.73087818697
0.0301323570825 0.152639087019 1.797304 9.75637393768
0.0304054054054 0.154065620542 1.797145 9.75637393768
0.0303541315346 0.154065620542 1.79435 9.77337110482
0.0303456026974 0.154065620542 1.792685 9.77620396601
0.0301675977654 0.154065620542 1.781689 9.83569405099
0.0304384250209 0.155492154066 1.781346 9.83569405099
0.0302777777778 0.155492154066 1.764485 9.8895184136
0.0302693696196 0.155492154066 1.763322 9.89235127479
0.0302609661299 0.155492154066 1.763078 9.89518413598
0.030252567305 0.155492154066 1.762298 9.89801699717
0.0301021817178 0.155492154066 1.747899 9.94900849858
0.0303699613473 0.156918687589 1.747649 9.94900849858
0.0301866081229 0.156918687589 1.731715 10.0113314448
0.0301783264746 0.156918687589 1.731548 10.0141643059
0.0297699594046 0.156918687589 1.698635 10.1558073654
0.0297619047619 0.156918687589 1.697956 10.1586402266
0.0296575896468 0.156918687589 1.688494 10.1954674221
0.0296495956873 0.156918687589 1.68816 10.1983002833
0.0296176628971 0.156918687589 1.687025 10.209631728
0.0296096904441 0.156918687589 1.686198 10.2124645892
0.0295937584073 0.156918687589 1.685633 10.2181303116
0.029854760624 0.158345221113 1.684914 10.2181303116
0.0298066595059 0.158345221113 1.678346 10.2351274788
0.0297986577181 0.158345221113 1.677943 10.2379603399
0.0294899043571 0.158345221113 1.657727 10.3484419263
0.0294820717131 0.158345221113 1.657517 10.3512747875
0.0293417922284 0.158345221113 1.645956 10.402266289
0.0295983086681 0.159771754636 1.644368 10.402266289
0.029219932168 0.159771754636 1.611688 10.5410764873
0.0292123109025 0.159771754636 1.610843 10.5439093484
0.0291742641313 0.159771754636 1.60989 10.5580736544
0.0294270833333 0.16119828816 1.609351 10.5580736544
0.0286729256534 0.16119828816 1.53311 10.8441926346
0.0286656519533 0.16119828816 1.531147 10.8470254958
0.0285137522079 0.16119828816 1.514017 10.9065155807
0.0285065590313 0.16119828816 1.512827 10.9093484419
0.0284850012604 0.16119828816 1.511312 10.9178470255
0.0284778225806 0.16119828816 1.510394 10.9206798867
0.0283279017298 0.16119828816 1.491658 10.9801699717
0.0285714285714 0.162624821683 1.491315 10.9801699717
0.0284289276808 0.162624821683 1.473295 11.0368271955
0.0284218399402 0.162624821683 1.472193 11.0396600567
0.028266798909 0.162624821683 1.450848 11.1019830028
0.0285076846802 0.164051355207 1.449877 11.1019830028
0.0282555282555 0.164051355207 1.415552 11.2039660057
0.0282485875706 0.164051355207 1.41519 11.2067988669
0.027750965251 0.164051355207 1.361006 11.4135977337
0.0279855247286 0.16547788873 1.360781 11.4135977337
0.0279855247286 0.16547788873 1.360781 11.4135977337
0.0282199710564 0.166904422254 1.360453 11.4135977337
0.0281182408075 0.166904422254 1.342961 11.4560906516
0.0283517539644 0.168330955777 1.341312 11.4560906516
0.0279753437648 0.168330955777 1.297188 11.6147308782
0.0279687129652 0.168330955777 1.297063 11.6175637394
0.0276476101218 0.168330955777 1.253256 11.7563739377
0.0278753806512 0.169757489301 1.252506 11.7563739377
0.0278037383178 0.169757489301 1.244649 11.7875354108
0.0280308339173 0.171184022825 1.244626 11.7875354108
0.0278810408922 0.171184022825 1.229767 11.8526912181
0.0278745644599 0.171184022825 1.228338 11.8555240793
0.0278035217794 0.171184022825 1.222796 11.8866855524
0.0277970813065 0.171184022825 1.222411 11.8895184136
0.0273597811218 0.171184022825 1.169928 12.0849858357
0.0275814907682 0.172610556348 1.168692 12.0849858357
0.0273261065944 0.172610556348 1.134688 12.2011331445
0.0275457213818 0.174037089872 1.134228 12.2011331445
0.0275022542831 0.174037089872 1.124587 12.2209631728
0.0277214334009 0.175463623395 1.121171 12.2209631728
0.0274492300826 0.175463623395 1.074963 12.3456090652
0.0274431057564 0.175463623395 1.074892 12.3484419263
0.026938239159 0.175463623395 1.015034 12.5864022663
0.0271513028246 0.176890156919 1.013724 12.5864022663
0.0270329191193 0.176890156919 0.995178 12.6430594901
0.0272449869224 0.178316690442 0.994816 12.6430594901
0.0270973336224 0.178316690442 0.972051 12.7138810198
0.0270914607716 0.178316690442 0.971872 12.716713881
0.0269338504633 0.178316690442 0.946813 12.7932011331
0.0269280482551 0.178316690442 0.943652 12.7960339943
0.0254738129203 0.178316690442 0.683994 13.5467422096
0.0256723716381 0.179743223966 0.68328 13.5467422096
0.025291047772 0.179743223966 0.613288 13.7563739377
0.0254866546257 0.181169757489 0.61183 13.7563739377
0.0240712661107 0.181169757489 0.231282 14.5864022663
0.0242562061778 0.182596291013 0.230975 14.5864022663
0.0241418332705 0.182596291013 0.032931 14.657223796
0.0241372807845 0.182596291013 0.000108 14.6600566572
